Id,ClassLabel
1,0
2,0
3,0
4,0
5,0
6,0
7,0
8,0
9,0
10,0
11,0
12,0
13,0
14,1
15,1
16,0
17,0
18,0
19,1
20,0
21,0
22,0
23,0
24,0
25,1
26,0
27,1
28,0
29,0
30,0
31,0
32,0
33,0
34,0
35,0
36,0
37,0
38,0
39,0
40,0
41,0
42,0
43,0
44,0
45,0
46,0
47,0
48,0
49,0
50,0
51,0
52,0
53,1
54,0
55,0
56,0
57,0
58,0
59,0
60,0
61,0
62,0
63,0
64,0
65,0
66,0
67,0
68,0
69,1
70,0
71,0
72,0
73,0
74,0
75,0
76,0
77,0
78,0
79,0
80,0
81,0
82,0
83,0
84,0
85,0
86,0
87,0
88,0
89,1
90,0
91,0
92,0
93,0
94,0
95,0
96,1
97,1
98,0
99,0
100,0
101,0
102,0
103,0
104,0
105,0
106,0
107,0
108,0
109,0
110,0
111,0
112,0
113,0
114,0
115,0
116,0
117,1
118,0
119,0
120,0
121,0
122,1
123,0
124,0
125,0
126,0
127,0
128,0
129,0
130,0
131,0
132,0
133,0
134,0
135,0
136,0
137,0
138,0
139,0
140,0
141,0
142,0
143,0
144,0
145,0
146,0
147,0
148,0
149,0
150,0
151,0
152,0
153,0
154,0
155,0
156,0
157,0
158,0
159,1
160,0
161,0
162,0
163,1
164,0
165,0
166,1
167,0
168,0
169,0
170,0
171,0
172,0
173,0
174,0
175,0
176,0
177,0
178,0
179,0
180,0
181,0
182,0
183,0
184,0
185,0
186,0
187,0
188,0
189,0
190,0
191,0
192,0
193,0
194,0
195,0
196,1
197,0
198,0
199,0
200,0
201,1
202,0
203,0
204,0
205,0
206,1
207,1
208,0
209,1
210,0
211,1
212,0
213,0
214,1
215,1
216,0
217,0
218,1
219,0
220,1
221,0
222,0
223,0
224,0
225,0
226,0
227,0
228,0
229,1
230,0
231,0
232,0
233,0
234,1
235,0
236,0
237,0
238,0
239,0
240,0
241,0
242,1
243,0
244,0
245,1
246,1
247,0
248,0
249,0
250,0
251,0
252,0
253,0
254,0
255,0
256,1
257,0
258,0
259,0
260,0
261,0
262,0
263,1
264,0
265,0
266,1
267,0
268,0
269,0
270,0
271,0
272,0
273,0
274,0
275,0
276,0
277,1
278,0
279,0
280,0
281,0
282,0
283,0
284,0
285,1
286,0
287,0
288,0
289,0
290,0
291,0
292,0
293,0
294,0
295,0
296,0
297,0
298,1
299,0
300,0
301,0
302,0
303,0
304,0
305,0
306,0
307,0
308,0
309,0
310,0
311,0
312,0
313,1
314,0
315,0
316,0
317,0
318,0
319,0
320,0
321,0
322,0
323,1
324,0
325,1
326,0
327,0
328,0
329,0
330,0
331,0
332,0
333,0
334,0
335,0
336,1
337,0
338,0
339,0
340,0
341,0
342,0
343,0
344,0
345,0
346,0
347,0
348,0
349,0
350,0
351,0
352,0
353,0
354,0
355,0
356,0
357,0
358,0
359,0
360,1
361,0
362,0
363,0
364,0
365,1
366,0
367,0
368,0
369,0
370,0
371,0
372,0
373,0
374,0
375,0
376,1
377,0
378,1
379,0
380,0
381,1
382,0
383,0
384,0
385,0
386,0
387,0
388,0
389,0
390,0
391,0
392,0
393,0
394,0
395,0
396,0
397,0
398,0
399,1
400,0
401,0
402,0
403,0
404,0
405,1
406,0
407,0
408,0
409,0
410,0
411,1
412,0
413,0
414,0
415,0
416,0
417,0
418,0
419,1
420,0
421,0
422,0
423,0
424,0
425,0
426,0
427,0
428,0
429,1
430,1
431,1
432,0
433,0
434,1
435,0
436,1
437,0
438,1
439,0
440,0
441,0
442,1
443,0
444,0
445,0
446,0
447,0
448,0
449,0
450,0
451,0
452,1
453,0
454,0
455,0
456,0
457,0
458,0
459,1
460,0
461,0
462,1
463,1
464,0
465,0
466,0
467,0
468,0
469,0
470,0
471,0
472,0
473,0
474,0
475,0
476,0
477,0
478,0
479,0
480,0
481,0
482,0
483,0
484,0
485,1
486,0
487,1
488,0
489,0
490,0
491,0
492,1
493,1
494,0
495,0
496,0
497,0
498,0
499,0
500,0
501,0
502,0
503,0
504,0
505,1
506,0
507,0
508,0
509,0
510,0
511,0
512,0
513,0
514,1
515,0
516,0
517,0
518,0
519,0
520,0
521,0
522,0
523,0
524,0
525,0
526,0
527,0
528,0
529,0
530,0
531,0
532,0
533,0
534,0
535,0
536,0
537,0
538,0
539,0
540,0
541,0
542,0
543,0
544,0
545,0
546,0
547,0
548,0
549,0
550,0
551,0
552,0
553,0
554,0
555,0
556,0
557,0
558,0
559,0
560,0
561,0
562,0
563,0
564,0
565,0
566,0
567,0
568,0
569,0
570,0
571,0
572,0
573,0
574,0
575,0
576,0
577,0
578,0
579,0
580,0
581,0
582,0
583,0
584,0
585,1
586,0
587,0
588,1
589,0
590,0
591,1
592,0
593,0
594,0
595,0
596,0
597,0
598,0
599,0
600,0
601,0
602,0
603,0
604,0
605,1
606,1
607,0
608,1
609,0
610,0
611,0
612,1
613,0
614,0
615,0
616,0
617,0
618,0
619,0
620,0
621,0
622,0
623,0
624,0
625,0
626,0
627,0
628,1
629,0
630,1
631,0
632,0
633,0
634,0
635,1
636,0
637,0
638,0
639,0
640,0
641,0
642,0
643,0
644,0
645,0
646,0
647,0
648,0
649,0
650,0
651,0
652,0
653,0
654,1
655,1
656,0
657,0
658,1
659,0
660,0
661,0
662,1
663,0
664,0
665,0
666,0
667,1
668,0
669,0
670,0
671,0
672,0
673,0
674,0
675,0
676,0
677,0
678,1
679,0
680,1
681,0
682,0
683,0
684,0
685,0
686,0
687,0
688,0
689,1
690,1
691,0
692,0
693,0
694,0
695,0
696,0
697,0
698,0
699,0
700,0
701,0
702,0
703,0
704,0
705,0
706,1
707,0
708,0
709,1
710,1
711,0
712,0
713,0
714,0
715,0
716,0
717,1
718,0
719,0
720,0
721,0
722,0
723,0
724,0
725,0
726,1
727,0
728,0
729,0
730,0
731,0
732,0
733,0
734,0
735,1
736,0
737,0
738,0
739,0
740,0
741,0
742,0
743,0
744,0
745,0
746,0
747,0
748,1
749,0
750,0
751,0
752,0
753,0
754,0
755,0
756,0
757,0
758,0
759,0
760,1
761,0
762,0
763,0
764,0
765,0
766,0
767,0
768,0
769,0
770,0
771,0
772,0
773,0
774,0
775,0
776,1
777,0
778,0
779,0
780,0
781,0
782,0
783,0
784,0
785,0
786,0
787,0
788,0
789,0
790,0
791,0
792,0
793,0
794,0
795,0
796,1
797,0
798,0
799,0
800,1
801,0
802,0
803,0
804,1
805,0
806,0
807,0
808,0
809,0
810,0
811,0
812,0
813,0
814,0
815,0
816,0
817,1
818,0
819,0
820,0
821,0
822,0
823,0
824,1
825,1
826,0
827,0
828,0
829,0
830,0
831,1
832,0
833,0
834,0
835,0
836,0
837,0
838,0
839,0
840,0
841,0
842,0
843,0
844,0
845,0
846,0
847,0
848,0
849,1
850,0
851,0
852,0
853,0
854,0
855,0
856,0
857,0
858,0
859,1
860,0
861,0
862,0
863,0
864,1
865,0
866,0
867,0
868,0
869,0
870,0
871,1
872,0
873,0
874,0
875,0
876,1
877,0
878,0
879,0
880,0
881,0
882,1
883,1
884,0
885,0
886,0
887,0
888,0
889,0
890,0
891,0
892,0
893,0
894,0
895,0
896,0
897,0
898,0
899,0
900,0
901,0
902,0
903,0
904,0
905,0
906,0
907,0
908,0
909,0
910,0
911,1
912,1
913,0
914,0
915,1
916,0
917,0
918,0
919,0
920,0
921,0
922,0
923,0
924,0
925,0
926,0
927,0
928,0
929,0
930,0
931,0
932,1
933,0
934,0
935,0
936,0
937,0
938,0
939,0
940,0
941,0
942,0
943,1
944,0
945,0
946,0
947,1
948,0
949,0
950,1
951,0
952,0
953,0
954,1
955,0
956,0
957,0
958,0
959,0
960,0
961,1
962,1
963,0
964,0
965,0
966,0
967,0
968,0
969,1
970,0
971,0
972,0
973,0
974,0
975,0
976,0
977,0
978,0
979,0
980,0
981,0
982,0
983,0
984,0
985,0
986,0
987,0
988,0
989,0
990,0
991,1
992,1
993,0
994,0
995,0
996,0
997,0
998,1
999,0
1000,0
1001,0
1002,0
1003,0
1004,0
1005,0
1006,0
1007,0
1008,0
1009,0
1010,0
1011,0
1012,0
1013,0
1014,1
1015,0
1016,0
1017,0
1018,0
1019,0
1020,0
1021,0
1022,0
1023,0
1024,0
1025,0
1026,0
1027,0
1028,0
1029,0
1030,0
1031,0
1032,0
1033,0
1034,0
1035,0
1036,0
1037,0
1038,0
1039,0
1040,0
1041,1
1042,0
1043,0
1044,0
1045,1
1046,0
1047,0
1048,0
1049,0
1050,0
1051,1
1052,0
1053,0
1054,0
1055,0
1056,0
1057,0
1058,0
1059,0
1060,0
1061,0
1062,0
1063,0
1064,0
1065,0
1066,0
1067,1
1068,0
1069,0
1070,0
1071,0
1072,0
1073,0
1074,0
1075,0
1076,0
1077,1
1078,0
1079,0
1080,0
1081,0
1082,0
1083,0
1084,0
1085,0
1086,0
1087,0
1088,0
1089,0
1090,1
1091,0
1092,0
1093,0
1094,0
1095,0
1096,0
1097,0
1098,0
1099,0
1100,1
1101,0
1102,0
1103,0
1104,0
1105,0
1106,0
1107,1
1108,1
1109,0
1110,0
1111,1
1112,0
1113,0
1114,0
1115,0
1116,1
1117,0
1118,0
1119,1
1120,1
1121,0
1122,0
1123,0
1124,0
1125,0
1126,0
1127,0
1128,0
1129,0
1130,0
1131,0
1132,0
1133,0
1134,0
1135,0
1136,0
1137,0
1138,0
1139,0
1140,1
1141,0
1142,0
1143,0
1144,0
1145,0
1146,0
1147,1
1148,0
1149,0
1150,0
1151,0
1152,0
1153,0
1154,0
1155,0
1156,0
1157,0
1158,0
1159,0
1160,0
1161,0
1162,0
1163,0
1164,0
1165,0
1166,0
1167,0
1168,0
1169,0
1170,1
1171,0
1172,0
1173,0
1174,0
1175,0
1176,0
1177,0
1178,1
1179,0
1180,0
1181,0
1182,0
1183,0
1184,0
1185,0
1186,0
1187,0
1188,0
1189,0
1190,0
1191,0
1192,1
1193,0
1194,0
1195,0
1196,0
1197,0
1198,0
1199,0
1200,0
1201,0
1202,1
1203,0
1204,0
1205,1
1206,0
1207,0
1208,0
1209,1
1210,0
1211,0
1212,0
1213,0
1214,1
1215,0
1216,0
1217,0
1218,0
1219,1
1220,0
1221,0
1222,0
1223,0
1224,0
1225,0
1226,1
1227,1
1228,0
1229,1
1230,0
1231,0
1232,0
1233,1
1234,0
1235,1
1236,0
1237,0
1238,0
1239,0
1240,0
1241,0
1242,0
1243,0
1244,0
1245,0
1246,0
1247,0
1248,0
1249,0
1250,0
1251,0
1252,0
1253,0
1254,0
1255,0
1256,0
1257,0
1258,0
1259,1
1260,0
1261,0
1262,1
1263,0
1264,0
1265,0
1266,0
1267,0
1268,0
1269,1
1270,0
1271,0
1272,0
1273,0
1274,1
1275,0
1276,0
1277,0
1278,0
1279,0
1280,0
1281,0
1282,0
1283,0
1284,0
1285,0
1286,1
1287,0
1288,0
1289,0
1290,0
1291,0
1292,0
1293,0
1294,0
1295,0
1296,0
1297,0
1298,0
1299,0
1300,0
1301,0
1302,0
1303,0
1304,0
1305,1
1306,0
1307,0
1308,0
1309,1
1310,0
1311,0
1312,0
1313,0
1314,0
1315,0
1316,0
1317,0
1318,0
1319,0
1320,0
1321,0
1322,0
1323,0
1324,0
1325,0
1326,0
1327,0
1328,1
1329,0
1330,0
1331,0
1332,0
1333,0
1334,0
1335,0
1336,0
1337,0
1338,0
1339,0
1340,0
1341,0
1342,0
1343,0
1344,0
1345,0
1346,0
1347,0
1348,0
1349,0
1350,0
1351,0
1352,0
1353,0
1354,0
1355,0
1356,1
1357,0
1358,0
1359,0
1360,0
1361,1
1362,0
1363,0
1364,0
1365,0
1366,0
1367,0
1368,0
1369,0
1370,0
1371,0
1372,0
1373,0
1374,0
1375,0
1376,0
1377,0
1378,0
1379,0
1380,0
1381,0
1382,0
1383,0
1384,0
1385,0
1386,0
1387,0
1388,0
1389,0
1390,0
1391,1
1392,0
1393,0
1394,0
1395,0
1396,0
1397,0
1398,0
1399,0
1400,0
1401,0
1402,0
1403,0
1404,0
1405,0
1406,0
1407,0
1408,0
1409,0
1410,0
1411,0
1412,1
1413,0
1414,0
1415,0
1416,0
1417,0
1418,0
1419,0
1420,0
1421,0
1422,0
1423,0
1424,0
1425,0
1426,0
1427,0
1428,0
1429,0
1430,1
1431,0
1432,0
1433,1
1434,0
1435,0
1436,0
1437,0
1438,0
1439,0
1440,0
1441,0
1442,0
1443,1
1444,0
1445,0
1446,0
1447,0
1448,0
1449,0
1450,0
1451,0
1452,0
1453,1
1454,0
1455,0
1456,0
1457,0
1458,0
1459,0
1460,0
1461,0
1462,0
1463,0
1464,1
1465,0
1466,0
1467,0
1468,0
1469,0
1470,0
1471,0
1472,0
1473,1
1474,1
1475,0
1476,0
1477,0
1478,0
1479,0
1480,0
1481,0
1482,0
1483,1
1484,0
1485,0
1486,0
1487,0
1488,0
1489,0
1490,0
1491,0
1492,0
1493,0
1494,0
1495,0
1496,1
1497,0
1498,0
1499,0
1500,0
1501,0
1502,0
1503,0
1504,0
1505,0
1506,0
1507,0
1508,0
1509,1
1510,1
1511,0
1512,0
1513,0
1514,0
1515,0
1516,1
1517,0
1518,0
1519,0
1520,0
1521,1
1522,0
1523,0
1524,0
1525,0
1526,0
1527,0
1528,0
1529,0
1530,0
1531,0
1532,0
1533,0
1534,0
1535,0
1536,0
1537,0
1538,0
1539,0
1540,0
1541,0
1542,0
1543,0
1544,0
1545,0
1546,0
1547,0
1548,0
1549,0
1550,0
1551,1
1552,0
1553,0
1554,0
1555,0
1556,0
1557,1
1558,0
1559,0
1560,0
1561,0
1562,0
1563,1
1564,0
1565,0
1566,0
1567,0
1568,1
1569,0
1570,1
1571,0
1572,0
1573,0
1574,0
1575,0
1576,0
1577,0
1578,0
1579,0
1580,0
1581,0
1582,0
1583,0
1584,0
1585,0
1586,0
1587,1
1588,1
1589,0
1590,0
1591,0
1592,1
1593,0
1594,0
1595,0
1596,0
1597,0
1598,1
1599,0
1600,0
1601,0
1602,0
1603,0
1604,0
1605,0
1606,0
1607,1
1608,0
1609,0
1610,1
1611,1
1612,0
1613,0
1614,0
1615,0
1616,0
1617,0
1618,0
1619,0
1620,0
1621,0
1622,0
1623,1
1624,0
1625,0
1626,0
1627,0
1628,0
1629,0
1630,0
1631,1
1632,0
1633,0
1634,0
1635,0
1636,0
1637,0
1638,0
1639,0
1640,0
1641,0
1642,0
1643,0
1644,1
1645,0
1646,0
1647,0
1648,0
1649,0
1650,0
1651,0
1652,0
1653,0
1654,0
1655,0
1656,0
1657,0
1658,0
1659,0
1660,0
1661,0
1662,0
1663,0
1664,1
1665,0
1666,1
1667,1
1668,0
1669,0
1670,0
1671,1
1672,0
1673,0
1674,0
1675,1
1676,1
1677,0
1678,0
1679,0
1680,0
1681,0
1682,0
1683,1
1684,0
1685,0
1686,0
1687,0
1688,0
1689,0
1690,0
1691,0
1692,0
1693,0
1694,0
1695,0
1696,0
1697,0
1698,0
1699,0
1700,0
1701,1
1702,0
1703,0
1704,0
1705,0
1706,1
1707,0
1708,0
1709,1
1710,0
1711,0
1712,0
1713,0
1714,1
1715,1
1716,0
1717,0
1718,0
1719,0
1720,0
1721,0
1722,0
1723,0
1724,0
1725,0
1726,0
1727,0
1728,0
1729,0
1730,0
1731,1
1732,0
1733,0
1734,0
1735,0
1736,0
1737,1
1738,0
1739,0
1740,0
1741,0
1742,0
1743,0
1744,0
1745,0
1746,1
1747,0
1748,1
1749,0
1750,1
1751,1
1752,1
1753,0
1754,0
1755,0
1756,0
1757,0
1758,0
1759,0
1760,0
1761,0
1762,0
1763,0
1764,0
1765,0
1766,0
1767,0
1768,0
1769,1
1770,0
1771,0
1772,0
1773,0
1774,0
1775,0
1776,0
1777,0
1778,0
1779,0
1780,0
1781,0
1782,0
1783,0
1784,1
1785,0
1786,0
1787,0
1788,0
1789,0
1790,0
1791,0
1792,0
1793,0
1794,0
1795,0
1796,0
1797,0
1798,0
1799,0
1800,0
1801,1
1802,0
1803,1
1804,0
1805,0
1806,0
1807,0
1808,0
1809,0
1810,0
1811,0
1812,0
1813,0
1814,0
1815,0
1816,1
1817,0
1818,0
1819,0
1820,0
1821,0
1822,0
1823,0
1824,0
1825,0
1826,0
1827,1
1828,1
1829,0
1830,0
1831,0
1832,0
1833,0
1834,0
1835,0
1836,0
1837,0
1838,0
1839,0
1840,0
1841,0
1842,1
1843,0
1844,0
1845,0
1846,0
1847,0
1848,1
1849,0
1850,0
1851,0
1852,0
1853,0
1854,0
1855,1
1856,0
1857,0
1858,1
1859,1
1860,0
1861,0
1862,0
1863,0
1864,0
1865,0
1866,1
1867,0
1868,0
1869,0
1870,1
1871,0
1872,0
1873,0
1874,0
1875,0
1876,0
1877,0
1878,0
1879,0
1880,0
1881,0
1882,0
1883,1
1884,0
1885,0
1886,0
1887,0
1888,1
1889,1
1890,0
1891,1
1892,0
1893,1
1894,0
1895,0
1896,0
1897,0
1898,0
1899,0
1900,0
1901,0
1902,0
1903,0
1904,0
1905,0
1906,0
1907,0
1908,0
1909,0
1910,0
1911,0
1912,0
1913,0
1914,0
1915,0
1916,0
1917,0
1918,0
1919,0
1920,0
1921,0
1922,0
1923,0
1924,1
1925,1
1926,0
1927,0
1928,0
1929,1
1930,0
1931,0
1932,1
1933,1
1934,0
1935,0
1936,0
1937,0
1938,0
1939,0
1940,0
1941,0
1942,0
1943,1
1944,0
1945,0
1946,0
1947,1
1948,0
1949,0
1950,0
1951,0
1952,0
1953,0
1954,0
1955,0
1956,0
1957,0
1958,0
1959,0
1960,0
1961,0
1962,0
1963,0
1964,0
1965,0
1966,0
1967,0
1968,0
1969,0
1970,0
1971,0
1972,1
1973,0
1974,0
1975,0
1976,0
1977,0
1978,0
1979,0
1980,0
1981,0
1982,0
1983,0
1984,0
1985,0
1986,0
1987,0
1988,0
1989,0
1990,0
1991,0
1992,0
1993,0
1994,0
1995,0
1996,0
1997,0
1998,0
1999,0
2000,0
2001,1
2002,0
2003,0
2004,0
2005,0
2006,1
2007,0
2008,0
2009,0
2010,0
2011,0
2012,0
2013,0
2014,0
2015,0
2016,1
2017,0
2018,0
2019,0
2020,0
2021,0
2022,0
2023,0
2024,0
2025,0
2026,0
2027,0
2028,0
2029,0
2030,0
2031,1
2032,0
2033,0
2034,0
2035,1
2036,0
2037,0
2038,0
2039,0
2040,0
2041,1
2042,0
2043,0
2044,1
2045,0
2046,1
2047,0
2048,0
2049,0
2050,0
2051,0
2052,0
2053,0
2054,0
2055,0
2056,0
2057,1
2058,0
2059,0
2060,0
2061,0
2062,0
2063,0
2064,1
2065,0
2066,0
2067,0
2068,0
2069,0
2070,0
2071,1
2072,0
2073,0
2074,0
2075,0
2076,0
2077,0
2078,0
2079,0
2080,0
2081,0
2082,1
2083,0
2084,0
2085,0
2086,0
2087,0
2088,0
2089,1
2090,0
2091,0
2092,0
2093,0
2094,0
2095,0
2096,0
2097,0
2098,0
2099,0
2100,0
2101,0
2102,0
2103,0
2104,0
2105,0
2106,0
2107,0
2108,0
2109,0
2110,1
2111,0
2112,1
2113,0
2114,0
2115,1
2116,0
2117,0
2118,1
2119,1
2120,1
2121,1
2122,0
2123,0
2124,0
2125,0
2126,0
2127,0
2128,0
2129,0
2130,0
2131,0
2132,0
2133,0
2134,1
2135,0
2136,0
2137,0
2138,0
2139,0
2140,0
2141,0
2142,0
2143,0
2144,0
2145,0
2146,0
2147,0
2148,0
2149,0
2150,0
2151,0
2152,0
2153,0
2154,0
2155,0
2156,0
2157,0
2158,0
2159,0
2160,0
2161,1
2162,0
2163,0
2164,0
2165,0
2166,0
2167,1
2168,1
2169,0
2170,0
2171,0
2172,1
2173,0
2174,0
2175,0
2176,0
2177,0
2178,0
2179,0
2180,0
2181,0
2182,0
2183,0
2184,0
2185,0
2186,0
2187,0
2188,0
2189,0
2190,1
2191,0
2192,0
2193,0
2194,0
2195,0
2196,0
2197,0
2198,0
2199,1
2200,0
2201,0
2202,0
2203,0
2204,0
2205,0
2206,0
2207,1
2208,1
2209,0
2210,0
2211,1
2212,0
2213,0
2214,0
2215,0
2216,0
2217,0
2218,0
2219,0
2220,1
2221,0
2222,1
2223,0
2224,0
2225,0
2226,0
2227,0
2228,0
2229,0
2230,0
2231,1
2232,0
2233,0
2234,0
2235,0
2236,0
2237,0
2238,1
2239,0
2240,1
2241,0
2242,0
2243,0
2244,0
2245,0
2246,1
2247,0
2248,0
2249,0
2250,0
2251,0
2252,0
2253,0
2254,0
2255,1
2256,0
2257,0
2258,0
2259,0
2260,0
2261,0
2262,0
2263,0
2264,0
2265,0
2266,0
2267,0
2268,0
2269,0
2270,0
2271,0
2272,1
2273,0
2274,0
2275,0
2276,0
2277,0
2278,0
2279,0
2280,1
2281,0
2282,0
2283,0
2284,0
2285,1
2286,0
2287,0
2288,0
2289,0
2290,0
2291,0
2292,0
2293,0
2294,0
2295,0
2296,0
2297,1
2298,0
2299,0
2300,0
2301,0
2302,1
2303,1
2304,0
2305,0
2306,0
2307,1
2308,0
2309,0
2310,0
2311,0
2312,0
2313,0
2314,1
2315,0
2316,0
2317,0
2318,0
2319,0
2320,0
2321,0
2322,0
2323,0
2324,1
2325,0
2326,0
2327,0
2328,0
2329,0
2330,0
2331,1
2332,0
2333,0
2334,0
2335,0
2336,0
2337,0
2338,0
2339,0
2340,0
2341,0
2342,0
2343,0
2344,1
2345,0
2346,0
2347,0
2348,0
2349,0
2350,0
2351,0
2352,1
2353,0
2354,0
2355,0
2356,0
2357,0
2358,0
2359,0
2360,0
2361,0
2362,0
2363,1
2364,0
2365,0
2366,0
2367,0
2368,1
2369,0
2370,0
2371,0
2372,0
2373,0
2374,0
2375,0
2376,0
2377,0
2378,0
2379,0
2380,0
2381,0
2382,0
2383,0
2384,0
2385,0
2386,1
2387,0
2388,0
2389,0
2390,0
2391,0
2392,0
2393,0
2394,0
2395,0
2396,0
2397,1
2398,0
2399,0
2400,0
2401,0
2402,0
2403,0
2404,0
2405,0
2406,0
2407,1
2408,1
2409,0
2410,0
2411,0
2412,0
2413,0
2414,0
2415,0
2416,0
2417,0
2418,0
2419,0
2420,0
2421,0
2422,0
2423,0
2424,0
2425,0
2426,0
2427,0
2428,0
2429,0
2430,0
2431,0
2432,0
2433,0
2434,0
2435,0
2436,0
2437,0
2438,0
2439,0
2440,0
2441,0
2442,0
2443,0
2444,0
2445,0
2446,0
2447,0
2448,0
2449,0
2450,0
2451,0
2452,0
2453,0
2454,0
2455,1
2456,0
2457,0
2458,0
2459,0
2460,1
2461,0
2462,1
2463,0
2464,0
2465,0
2466,0
2467,0
2468,1
2469,0
2470,0
2471,0
2472,0
2473,0
2474,0
2475,0
2476,0
2477,0
2478,0
2479,0
2480,0
2481,0
2482,0
2483,0
2484,0
2485,0
2486,0
2487,0
2488,0
2489,0
2490,0
2491,0
2492,0
2493,0
2494,0
2495,0
2496,0
2497,0
2498,1
2499,0
2500,0
2501,1
2502,0
2503,0
2504,0
2505,0
2506,0
2507,0
2508,0
2509,0
2510,0
2511,0
2512,0
2513,0
2514,0
2515,0
2516,0
2517,0
2518,0
2519,0
2520,0
2521,0
2522,0
2523,0
2524,0
2525,0
2526,0
2527,0
2528,0
2529,0
2530,0
2531,0
2532,0
2533,0
2534,0
2535,0
2536,0
2537,0
2538,0
2539,0
2540,0
2541,0
2542,0
2543,1
2544,0
2545,0
2546,0
2547,0
2548,0
2549,0
2550,1
2551,1
2552,0
2553,1
2554,0
2555,0
2556,0
2557,0
2558,0
2559,0
2560,0
2561,0
2562,1
2563,0
2564,0
2565,0
2566,0
2567,0
2568,0
2569,1
2570,0
2571,0
2572,0
2573,0
2574,0
2575,0
2576,0
2577,0
2578,1
2579,0
2580,0
2581,1
2582,0
2583,0
2584,0
2585,0
2586,1
2587,0
2588,0
2589,0
2590,0
2591,0
2592,0
2593,0
2594,0
2595,1
2596,0
2597,0
2598,0
2599,0
2600,0
2601,0
2602,0
2603,0
2604,0
2605,0
2606,1
2607,0
2608,0
2609,0
2610,0
2611,1
2612,0
2613,0
2614,0
2615,0
2616,0
2617,0
2618,0
2619,0
2620,0
2621,0
2622,0
2623,0
2624,0
2625,0
2626,0
2627,1
2628,0
2629,0
2630,0
2631,0
2632,1
2633,1
2634,0
2635,0
2636,0
2637,0
2638,1
2639,0
2640,0
2641,0
2642,0
2643,0
2644,1
2645,0
2646,0
2647,0
2648,1
2649,0
2650,0
2651,0
2652,0
2653,0
2654,0
2655,0
2656,0
2657,1
2658,0
2659,0
2660,0
2661,0
2662,0
2663,0
2664,0
2665,0
2666,0
2667,0
2668,0
2669,0
2670,0
2671,0
2672,0
2673,0
2674,0
2675,0
2676,0
2677,0
2678,0
2679,0
2680,0
2681,0
2682,0
2683,0
2684,1
2685,0
2686,0
2687,0
2688,0
2689,0
2690,0
2691,0
2692,0
2693,0
2694,0
2695,0
2696,0
2697,0
2698,1
2699,0
2700,0
2701,0
2702,0
2703,0
2704,1
2705,0
2706,0
2707,0
2708,0
2709,0
2710,0
2711,0
2712,0
2713,1
2714,0
2715,0
2716,0
2717,0
2718,1
2719,0
2720,1
2721,0
2722,0
2723,0
2724,0
2725,0
2726,0
2727,0
2728,0
2729,1
2730,1
2731,0
2732,0
2733,0
2734,0
2735,0
2736,0
2737,1
2738,0
2739,0
2740,0
2741,1
2742,0
2743,0
2744,0
2745,0
2746,1
2747,0
2748,0
2749,0
2750,0
2751,0
2752,0
2753,0
2754,0
2755,0
2756,0
2757,0
2758,1
2759,0
2760,0
2761,0
2762,0
2763,0
2764,0
2765,0
2766,0
2767,0
2768,0
2769,0
2770,0
2771,0
2772,0
2773,0
2774,0
2775,0
2776,0
2777,1
2778,0
2779,0
2780,0
2781,0
2782,0
2783,0
2784,0
2785,0
2786,1
2787,0
2788,0
2789,1
2790,0
2791,0
2792,0
2793,0
2794,0
2795,0
2796,0
2797,0
2798,0
2799,0
2800,0
2801,0
2802,0
2803,0
2804,1
2805,1
2806,0
2807,0
2808,0
2809,0
2810,0
2811,0
2812,0
2813,0
2814,0
2815,0
2816,0
2817,0
2818,0
2819,0
2820,0
2821,0
2822,0
2823,0
2824,0
2825,0
2826,0
2827,0
2828,0
2829,0
2830,0
2831,1
2832,0
2833,0
2834,0
2835,0
2836,1
2837,1
2838,0
2839,0
2840,0
2841,0
2842,0
2843,0
2844,1
2845,0
2846,0
2847,1
2848,0
2849,0
2850,0
2851,0
2852,0
2853,0
2854,0
2855,0
2856,0
2857,0
2858,0
2859,0
2860,0
2861,0
2862,0
2863,0
2864,0
2865,0
2866,0
2867,0
2868,1
2869,0
2870,1
2871,0
2872,0
2873,0
2874,1
2875,0
2876,0
2877,0
2878,1
2879,0
2880,0
2881,0
2882,0
2883,0
2884,0
2885,0
2886,0
2887,0
2888,1
2889,0
2890,0
2891,0
2892,0
2893,0
2894,0
2895,1
2896,0
2897,1
2898,1
2899,0
2900,0
2901,0
2902,0
2903,0
2904,0
2905,0
2906,0
2907,0
2908,0
2909,0
2910,0
2911,0
2912,0
2913,0
2914,0
2915,1
2916,0
2917,0
2918,0
2919,0
2920,0
2921,0
2922,0
2923,0
2924,0
2925,0
2926,0
2927,0
2928,0
2929,1
2930,0
2931,0
2932,0
2933,0
2934,1
2935,1
2936,1
2937,0
2938,1
2939,0
2940,0
2941,0
2942,0
2943,0
2944,0
2945,0
2946,0
2947,0
2948,0
2949,0
2950,0
2951,0
2952,0
2953,0
2954,0
2955,0
2956,0
2957,0
2958,0
2959,0
2960,0
2961,0
2962,0
2963,0
2964,0
2965,0
2966,0
2967,0
2968,0
2969,0
2970,0
2971,0
2972,0
2973,0
2974,0
2975,0
2976,0
2977,0
2978,1
2979,0
2980,0
2981,0
2982,0
2983,0
2984,0
2985,0
2986,0
2987,1
2988,0
2989,0
2990,0
2991,0
2992,0
2993,0
2994,0
2995,0
2996,0
2997,1
2998,0
2999,1
3000,0
3001,0
3002,0
3003,0
3004,0
3005,0
3006,0
3007,0
3008,1
3009,0
3010,0
3011,0
3012,0
3013,0
3014,0
3015,0
3016,1
3017,0
3018,0
3019,0
3020,0
3021,0
3022,0
3023,0
3024,0
3025,0
3026,0
3027,0
3028,0
3029,0
3030,0
3031,0
3032,0
3033,1
3034,0
3035,0
3036,0
3037,0
3038,0
3039,0
3040,0
3041,0
3042,0
3043,1
3044,0
3045,0
3046,0
3047,0
3048,1
3049,0
3050,0
3051,0
3052,0
3053,0
3054,0
3055,0
3056,0
3057,0
3058,0
3059,0
3060,0
3061,0
3062,0
3063,0
3064,0
3065,0
3066,1
3067,0
3068,0
3069,0
3070,1
3071,0
3072,0
3073,0
3074,0
3075,0
3076,1
3077,0
3078,1
3079,0
3080,0
3081,0
3082,0
3083,0
3084,0
3085,0
3086,0
3087,1
3088,0
3089,0
3090,0
3091,0
3092,1
3093,0
3094,0
3095,0
3096,0
3097,0
3098,0
3099,0
3100,1
3101,0
3102,0
3103,0
3104,0
3105,0
3106,0
3107,0
3108,0
3109,0
3110,0
3111,0
3112,0
3113,0
3114,0
3115,0
3116,0
3117,0
3118,0
3119,0
3120,0
3121,0
3122,0
3123,0
3124,0
3125,0
3126,0
3127,0
3128,1
3129,0
3130,0
3131,0
3132,1
3133,0
3134,0
3135,0
3136,0
3137,0
3138,0
3139,1
3140,0
3141,0
3142,0
3143,0
3144,0
3145,0
3146,0
3147,0
3148,0
3149,0
3150,0
3151,0
3152,0
3153,0
3154,1
3155,0
3156,0
3157,0
3158,1
3159,0
3160,0
3161,0
3162,0
3163,0
3164,1
3165,0
3166,0
3167,0
3168,0
3169,0
3170,0
3171,0
3172,0
3173,0
3174,0
3175,0
3176,0
3177,1
3178,0
3179,0
3180,0
3181,1
3182,0
3183,0
3184,0
3185,0
3186,1
3187,0
3188,0
3189,0
3190,0
3191,0
3192,0
3193,0
3194,0
3195,0
3196,1
3197,0
3198,0
3199,0
3200,0
3201,0
3202,0
3203,1
3204,0
3205,0
3206,0
3207,1
3208,1
3209,0
3210,1
3211,0
3212,0
3213,0
3214,0
3215,0
3216,0
3217,0
3218,0
3219,0
3220,0
3221,0
3222,0
3223,0
3224,0
3225,0
3226,0
3227,0
3228,0
3229,0
3230,0
3231,0
3232,0
3233,0
3234,0
3235,0
3236,0
3237,0
3238,0
3239,0
3240,0
3241,0
3242,0
3243,0
3244,0
3245,0
3246,0
3247,0
3248,0
3249,0
3250,0
3251,0
3252,0
3253,0
3254,0
3255,0
3256,0
3257,1
3258,0
3259,0
3260,0
3261,0
3262,0
3263,1
3264,0
3265,1
3266,0
3267,0
3268,0
3269,0
3270,0
3271,0
3272,1
3273,1
3274,0
3275,0
3276,0
3277,0
3278,0
3279,0
3280,0
3281,1
3282,0
3283,0
3284,0
3285,0
3286,0
3287,1
3288,0
3289,0
3290,0
3291,1
3292,0
3293,0
3294,0
3295,0
3296,0
3297,0
3298,0
3299,0
3300,0
3301,0
3302,0
3303,0
3304,0
3305,1
3306,1
3307,0
3308,0
3309,0
3310,0
3311,0
3312,0
3313,0
3314,0
3315,0
3316,0
3317,0
3318,0
3319,1
3320,0
3321,0
3322,0
3323,0
3324,0
3325,0
3326,0
3327,0
3328,0
3329,0
3330,0
3331,1
3332,0
3333,0
3334,0
3335,0
3336,1
3337,0
3338,0
3339,1
3340,0
3341,0
3342,0
3343,1
3344,0
3345,0
3346,1
3347,0
3348,0
3349,0
3350,0
3351,0
3352,0
3353,0
3354,0
3355,0
3356,0
3357,0
3358,0
3359,0
3360,0
3361,1
3362,0
3363,0
3364,0
3365,0
3366,1
3367,1
3368,0
3369,0
3370,0
3371,0
3372,0
3373,0
3374,1
3375,0
3376,0
3377,0
3378,0
3379,0
3380,0
3381,0
3382,1
3383,0
3384,0
3385,0
3386,0
3387,0
3388,0
3389,0
3390,0
3391,0
3392,0
3393,0
3394,0
3395,0
3396,0
3397,0
3398,0
3399,0
3400,0
3401,0
3402,0
3403,0
3404,0
3405,0
3406,0
3407,0
3408,0
3409,1
3410,0
3411,0
3412,0
3413,0
3414,0
3415,0
3416,0
3417,0
3418,0
3419,0
3420,0
3421,0
3422,0
3423,0
3424,0
3425,0
3426,0
3427,0
3428,0
3429,0
3430,0
3431,0
3432,0
3433,0
3434,0
3435,0
3436,0
3437,0
3438,0
3439,0
3440,1
3441,0
3442,0
3443,1
3444,0
3445,0
3446,0
3447,0
3448,0
3449,0
3450,0
3451,0
3452,0
3453,0
3454,1
3455,0
3456,0
3457,0
3458,0
3459,0
3460,0
3461,0
3462,0
3463,0
3464,0
3465,0
3466,0
3467,0
3468,1
3469,1
3470,1
3471,0
3472,0
3473,0
3474,0
3475,0
3476,1
3477,0
3478,0
3479,0
3480,0
3481,0
3482,0
3483,0
3484,0
3485,0
3486,0
3487,0
3488,0
3489,0
3490,0
3491,0
3492,0
3493,0
3494,0
3495,0
3496,0
3497,0
3498,0
3499,0
3500,0
3501,0
3502,0
3503,0
3504,1
3505,1
3506,0
3507,0
3508,0
3509,0
3510,0
3511,0
3512,0
3513,0
3514,0
3515,0
3516,0
3517,0
3518,0
3519,1
3520,0
3521,0
3522,0
3523,0
3524,0
3525,0
3526,0
3527,0
3528,0
3529,0
3530,0
3531,0
3532,0
3533,0
3534,0
3535,0
3536,0
3537,0
3538,0
3539,1
3540,0
3541,0
3542,1
3543,0
3544,0
3545,1
3546,0
3547,0
3548,0
3549,0
3550,0
3551,0
3552,0
3553,0
3554,0
3555,1
3556,1
3557,1
3558,1
3559,0
3560,0
3561,0
3562,0
3563,0
3564,0
3565,0
3566,0
3567,0
3568,0
3569,0
3570,0
3571,0
3572,0
3573,0
3574,0
3575,0
3576,0
3577,1
3578,0
3579,0
3580,0
3581,0
3582,0
3583,0
3584,0
3585,0
3586,0
3587,0
3588,0
3589,1
3590,0
3591,0
3592,0
3593,1
3594,0
3595,0
3596,0
3597,0
3598,0
3599,0
3600,1
3601,0
3602,0
3603,0
3604,0
3605,1
3606,0
3607,0
3608,0
3609,0
3610,0
3611,0
3612,0
3613,0
3614,0
3615,0
3616,1
3617,0
3618,0
3619,0
3620,1
3621,0
3622,1
3623,0
3624,0
3625,0
3626,0
3627,0
3628,0
3629,0
3630,0
3631,1
3632,0
3633,0
3634,1
3635,0
3636,0
3637,0
3638,0
3639,0
3640,0
3641,0
3642,0
3643,0
3644,0
3645,1
3646,0
3647,1
3648,0
3649,1
3650,0
3651,0
3652,1
3653,1
3654,0
3655,0
3656,0
3657,0
3658,0
3659,0
3660,0
3661,1
3662,0
3663,0
3664,0
3665,1
3666,0
3667,0
3668,0
3669,0
3670,0
3671,0
3672,0
3673,0
3674,0
3675,1
3676,0
3677,0
3678,0
3679,0
3680,0
3681,0
3682,0
3683,0
3684,0
3685,0
3686,0
3687,1
3688,0
3689,0
3690,1
3691,0
3692,0
3693,1
3694,0
3695,0
3696,0
3697,0
3698,0
3699,0
3700,0
3701,0
3702,0
3703,0
3704,0
3705,0
3706,0
3707,1
3708,0
3709,0
3710,0
3711,0
3712,0
3713,0
3714,0
3715,0
3716,0
3717,0
3718,0
3719,1
3720,0
3721,0
3722,0
3723,0
3724,1
3725,0
3726,0
3727,0
3728,1
3729,0
3730,0
3731,0
3732,1
3733,0
3734,0
3735,0
3736,0
3737,0
3738,0
3739,0
3740,1
3741,0
3742,0
3743,0
3744,0
3745,0
3746,0
3747,0
3748,0
3749,0
3750,0
3751,0
3752,1
3753,0
3754,0
3755,0
3756,0
3757,0
3758,0
3759,0
3760,0
3761,1
3762,0
3763,0
3764,0
3765,0
3766,0
3767,0
3768,0
3769,0
3770,0
3771,1
3772,0
3773,0
3774,0
3775,0
3776,0
3777,1
3778,0
3779,1
3780,0
3781,1
3782,0
3783,0
3784,0
3785,0
3786,1
3787,0
3788,0
3789,0
3790,0
3791,0
3792,0
3793,0
3794,0
3795,0
3796,0
3797,0
3798,0
3799,0
3800,0
3801,0
3802,0
3803,0
3804,0
3805,0
3806,0
3807,0
3808,0
3809,0
3810,0
3811,0
3812,0
3813,0
3814,0
3815,0
3816,0
3817,0
3818,0
3819,0
3820,1
3821,0
3822,0
3823,0
3824,0
3825,0
3826,0
3827,0
3828,0
3829,0
3830,0
3831,0
3832,0
3833,0
3834,0
3835,0
3836,0
3837,0
3838,0
3839,0
3840,0
3841,0
3842,0
3843,0
3844,1
3845,0
3846,1
3847,0
3848,0
3849,0
3850,0
3851,0
3852,1
3853,0
3854,0
3855,0
3856,0
3857,0
3858,0
3859,0
3860,1
3861,0
3862,0
3863,1
3864,0
3865,0
3866,0
3867,0
3868,1
3869,0
3870,1
3871,0
3872,0
3873,1
3874,0
3875,0
3876,0
3877,1
3878,0
3879,0
3880,0
3881,0
3882,0
3883,0
3884,0
3885,0
3886,0
3887,0
3888,0
3889,0
3890,0
3891,0
3892,0
3893,0
3894,0
3895,0
3896,0
3897,0
3898,0
3899,0
3900,0
3901,0
3902,0
3903,0
3904,1
3905,0
3906,0
3907,0
3908,0
3909,0
3910,0
3911,0
3912,0
3913,0
3914,0
3915,0
3916,0
3917,0
3918,0
3919,0
3920,1
3921,1
3922,1
3923,0
3924,0
3925,0
3926,0
3927,0
3928,0
3929,0
3930,0
3931,0
3932,0
3933,0
3934,0
3935,1
3936,0
3937,0
3938,1
3939,0
3940,0
3941,0
3942,0
3943,0
3944,0
3945,0
3946,0
3947,0
3948,0
3949,0
3950,1
3951,1
3952,0
3953,0
3954,0
3955,0
3956,0
3957,0
3958,0
3959,0
3960,0
3961,1
3962,0
3963,0
3964,0
3965,0
3966,0
3967,0
3968,0
3969,0
3970,0
3971,1
3972,0
3973,0
3974,0
3975,0
3976,0
3977,1
3978,0
3979,0
3980,0
3981,0
3982,0
3983,0
3984,0
3985,0
3986,0
3987,0
3988,0
3989,0
3990,0
3991,0
3992,0
3993,0
3994,1
3995,0
3996,0
3997,0
3998,0
3999,0
4000,0
4001,0
4002,0
4003,0
4004,0
4005,0
4006,1
4007,0
4008,0
4009,1
4010,0
4011,1
4012,0
4013,0
4014,0
4015,0
4016,0
4017,1
4018,0
4019,0
4020,0
4021,0
4022,0
4023,0
4024,0
4025,1
4026,1
4027,0
4028,0
4029,0
4030,0
4031,0
4032,0
4033,0
4034,1
4035,0
4036,0
4037,0
4038,0
4039,0
4040,0
4041,0
4042,0
4043,0
4044,0
4045,0
4046,0
4047,0
4048,0
4049,1
4050,0
4051,0
4052,0
4053,1
4054,0
4055,0
4056,0
4057,0
4058,0
4059,0
4060,0
4061,0
4062,0
4063,0
4064,1
4065,0
4066,0
4067,0
4068,0
4069,0
4070,0
4071,0
4072,0
4073,1
4074,0
4075,0
4076,1
4077,0
4078,0
4079,0
4080,0
4081,0
4082,0
4083,0
4084,0
4085,1
4086,0
4087,0
4088,0
4089,0
4090,0
4091,0
4092,0
4093,0
4094,0
4095,0
4096,0
4097,0
4098,1
4099,0
4100,0
4101,0
4102,0
4103,0
4104,0
4105,1
4106,0
4107,0
4108,0
4109,0
4110,1
4111,1
4112,1
4113,0
4114,1
4115,0
4116,0
4117,0
4118,0
4119,1
4120,0
4121,0
4122,1
4123,0
4124,0
4125,0
4126,0
4127,0
4128,0
4129,0
4130,0
4131,1
4132,0
4133,0
4134,0
4135,0
4136,0
4137,0
4138,1
4139,0
4140,1
4141,0
4142,0
4143,0
4144,0
4145,0
4146,0
4147,0
4148,0
4149,1
4150,0
4151,0
4152,0
4153,0
4154,0
4155,0
4156,1
4157,0
4158,1
4159,0
4160,0
4161,0
4162,0
4163,0
4164,0
4165,0
4166,0
4167,0
4168,0
4169,0
4170,1
4171,0
4172,1
4173,0
4174,0
4175,0
4176,0
4177,1
4178,1
4179,0
4180,0
4181,0
4182,0
4183,0
4184,0
4185,1
4186,1
4187,0
4188,0
4189,0
4190,0
4191,0
4192,0
4193,0
4194,0
4195,0
4196,0
4197,1
4198,0
4199,0
4200,0
4201,0
4202,0
4203,0
4204,0
4205,0
4206,0
4207,0
4208,1
4209,0
4210,0
4211,0
4212,0
4213,1
4214,0
4215,0
4216,0
4217,0
4218,0
4219,0
4220,0
4221,0
4222,0
4223,0
4224,0
4225,0
4226,1
4227,0
4228,1
4229,1
4230,0
4231,0
4232,0
4233,1
4234,1
4235,0
4236,0
4237,0
4238,0
4239,0
4240,0
4241,0
4242,0
4243,0
4244,0
4245,1
4246,0
4247,0
4248,0
4249,0
4250,0
4251,0
4252,0
4253,0
4254,0
4255,0
4256,0
4257,0
4258,0
4259,0
4260,0
4261,0
4262,1
4263,0
4264,0
4265,0
4266,0
4267,0
4268,0
4269,0
4270,0
4271,0
4272,0
4273,0
4274,0
4275,0
4276,0
4277,0
4278,0
4279,0
4280,0
4281,0
4282,0
4283,0
4284,0
4285,0
4286,1
4287,0
4288,0
4289,0
4290,0
4291,0
4292,0
4293,0
4294,0
4295,0
4296,0
4297,0
4298,0
4299,1
4300,1
4301,0
4302,0
4303,0
4304,0
4305,0
4306,0
4307,0
4308,0
4309,1
4310,0
4311,0
4312,0
4313,0
4314,0
4315,1
4316,0
4317,0
4318,0
4319,0
4320,0
4321,0
4322,1
4323,0
4324,0
4325,0
4326,0
4327,0
4328,0
4329,0
4330,0
4331,0
4332,0
4333,0
4334,0
4335,0
4336,0
4337,0
4338,0
4339,0
4340,0
4341,0
4342,0
4343,0
4344,1
4345,0
4346,0
4347,0
4348,0
4349,0
4350,1
4351,0
4352,0
4353,0
4354,0
4355,0
4356,1
4357,0
4358,0
4359,0
4360,0
4361,0
4362,0
4363,0
4364,0
4365,0
4366,0
4367,0
4368,0
4369,0
4370,1
4371,0
4372,0
4373,0
4374,0
4375,1
4376,0
4377,0
4378,0
4379,1
4380,1
4381,0
4382,1
4383,0
4384,0
4385,0
4386,0
4387,0
4388,0
4389,1
4390,0
4391,0
4392,0
4393,0
4394,0
4395,0
4396,0
4397,0
4398,0
4399,0
4400,0
4401,0
4402,1
4403,0
4404,0
4405,0
4406,0
4407,0
4408,0
4409,0
4410,0
4411,0
4412,0
4413,0
4414,0
4415,0
4416,0
4417,0
4418,1
4419,0
4420,0
4421,0
4422,0
4423,0
4424,0
4425,0
4426,0
4427,0
4428,1
4429,0
4430,0
4431,0
4432,0
4433,0
4434,0
4435,0
4436,1
4437,0
4438,0
4439,1
4440,0
4441,1
4442,0
4443,0
4444,1
4445,1
4446,0
4447,0
4448,1
4449,0
4450,0
4451,0
4452,0
4453,1
4454,0
4455,0
4456,0
4457,1
4458,1
4459,0
4460,0
4461,0
4462,0
4463,0
4464,0
4465,0
4466,0
4467,0
4468,0
4469,0
4470,1
4471,0
4472,0
4473,1
4474,0
4475,0
4476,0
4477,0
4478,0
4479,0
4480,0
4481,0
4482,0
4483,0
4484,0
4485,0
4486,0
4487,0
4488,1
4489,0
4490,0
4491,0
4492,0
4493,0
4494,0
4495,0
4496,0
4497,0
4498,0
4499,0
4500,0
4501,0
4502,0
4503,0
4504,0
4505,0
4506,0
4507,0
4508,0
4509,0
4510,0
4511,0
4512,0
4513,0
4514,0
4515,0
4516,0
4517,0
4518,0
4519,0
4520,0
4521,0
4522,0
4523,0
4524,0
4525,0
4526,0
4527,0
4528,1
4529,0
4530,0
4531,0
4532,0
4533,0
4534,0
4535,0
4536,0
4537,0
4538,0
4539,0
4540,0
4541,0
4542,0
4543,0
4544,0
4545,0
4546,0
4547,0
4548,0
4549,1
4550,0
4551,0
4552,0
4553,0
4554,1
4555,0
4556,0
4557,0
4558,0
4559,0
4560,0
4561,0
4562,0
4563,0
4564,0
4565,0
4566,0
4567,0
4568,0
4569,0
4570,1
4571,0
4572,0
4573,0
4574,0
4575,0
4576,0
4577,0
4578,0
4579,0
4580,1
4581,1
4582,0
4583,0
4584,0
4585,0
4586,0
4587,0
4588,0
4589,0
4590,0
4591,1
4592,0
4593,0
4594,1
4595,0
4596,0
4597,0
4598,0
4599,0
4600,0
4601,1
4602,1
4603,0
4604,1
4605,0
4606,0
4607,1
4608,0
4609,0
4610,0
4611,0
4612,0
4613,0
4614,0
4615,0
4616,0
4617,0
4618,0
4619,0
4620,0
4621,0
4622,0
4623,0
4624,1
4625,0
4626,0
4627,0
4628,0
4629,0
4630,0
4631,0
4632,0
4633,0
4634,1
4635,0
4636,0
4637,0
4638,0
4639,0
4640,0
4641,1
4642,0
4643,0
4644,0
4645,0
4646,0
4647,1
4648,0
4649,0
4650,0
4651,0
4652,0
4653,0
4654,0
4655,0
4656,0
4657,0
4658,0
4659,0
4660,0
4661,0
4662,0
4663,0
4664,0
4665,0
4666,0
4667,1
4668,0
4669,0
4670,0
4671,0
4672,0
4673,0
4674,0
4675,1
4676,0
4677,0
4678,0
4679,1
4680,0
4681,0
4682,1
4683,0
4684,0
4685,0
4686,0
4687,0
4688,0
4689,1
4690,0
4691,0
4692,0
4693,0
4694,0
4695,0
4696,0
4697,0
4698,0
4699,0
4700,0
4701,0
4702,0
4703,1
4704,0
4705,0
4706,0
4707,1
4708,0
4709,0
4710,1
4711,1
4712,1
4713,0
4714,0
4715,0
4716,0
4717,0
4718,0
4719,0
4720,1
4721,0
4722,0
4723,0
4724,0
4725,0
4726,0
4727,0
4728,1
4729,0
4730,0
4731,0
4732,0
4733,0
4734,0
4735,0
4736,0
4737,0
4738,0
4739,0
4740,1
4741,0
4742,0
4743,0
4744,1
4745,0
4746,0
4747,0
4748,0
4749,0
4750,0
4751,0
4752,0
4753,0
4754,0
4755,0
4756,0
4757,0
4758,0
4759,0
4760,0
4761,0
4762,0
4763,0
4764,0
4765,1
4766,0
4767,0
4768,1
4769,0
4770,0
4771,0
4772,0
4773,0
4774,0
4775,0
4776,0
4777,0
4778,0
4779,0
4780,0
4781,0
4782,0
4783,0
4784,0
4785,1
4786,1
4787,0
4788,0
4789,0
4790,0
4791,0
4792,0
4793,0
4794,0
4795,0
4796,1
4797,1
4798,1
4799,0
4800,0
4801,0
4802,0
4803,0
4804,0
4805,0
4806,0
4807,0
4808,0
4809,1
4810,0
4811,1
4812,0
4813,0
4814,0
4815,1
4816,0
4817,0
4818,0
4819,0
4820,1
4821,0
4822,0
4823,0
4824,0
4825,0
4826,0
4827,1
4828,0
4829,1
4830,0
4831,0
4832,1
4833,1
4834,0
4835,0
4836,0
4837,0
4838,0
4839,0
4840,0
4841,0
4842,0
4843,0
4844,0
4845,1
4846,0
4847,0
4848,0
4849,0
4850,0
4851,0
4852,0
4853,0
4854,0
4855,0
4856,0
4857,0
4858,0
4859,0
4860,0
4861,0
4862,0
4863,0
4864,0
4865,0
4866,0
4867,0
4868,1
4869,0
4870,0
4871,0
4872,0
4873,0
4874,0
4875,0
4876,0
4877,1
4878,0
4879,0
4880,0
4881,0
4882,0
4883,0
4884,0
4885,0
4886,0
4887,0
4888,0
4889,0
4890,0
4891,0
4892,0
4893,0
4894,0
4895,0
4896,0
4897,0
4898,0
4899,1
4900,0
4901,1
4902,0
4903,0
4904,0
4905,0
4906,0
4907,0
4908,0
4909,0
4910,0
4911,0
4912,0
4913,1
4914,1
4915,0
4916,0
4917,0
4918,0
4919,0
4920,1
4921,0
4922,0
4923,0
4924,1
4925,0
4926,0
4927,0
4928,0
4929,0
4930,0
4931,0
4932,0
4933,0
4934,0
4935,0
4936,0
4937,0
4938,0
4939,0
4940,0
4941,0
4942,0
4943,1
4944,0
4945,0
4946,0
4947,1
4948,0
4949,0
4950,0
4951,1
4952,0
4953,0
4954,0
4955,0
4956,0
4957,0
4958,0
4959,0
4960,0
4961,0
4962,0
4963,0
4964,0
4965,0
4966,1
4967,0
4968,0
4969,0
4970,0
4971,0
4972,1
4973,0
4974,1
4975,0
4976,0
4977,0
4978,0
4979,1
4980,0
4981,0
4982,0
4983,0
4984,0
4985,0
4986,0
4987,0
4988,0
4989,1
4990,0
4991,0
4992,1
4993,0
4994,0
4995,0
4996,0
4997,0
4998,0
4999,0
5000,0
5001,0
5002,0
5003,0
5004,0
5005,0
5006,0
5007,0
5008,0
5009,0
5010,0
5011,0
5012,0
5013,0
5014,0
5015,0
5016,0
5017,0
5018,0
5019,0
5020,0
5021,0
5022,1
5023,0
5024,0
5025,0
5026,0
5027,0
5028,0
5029,0
5030,0
5031,0
5032,0
5033,0
5034,0
5035,0
5036,0
5037,0
5038,0
5039,0
5040,0
5041,0
5042,0
5043,0
5044,0
5045,0
5046,0
5047,0
5048,0
5049,0
5050,0
5051,0
5052,0
5053,0
5054,0
5055,0
5056,0
5057,0
5058,1
5059,0
5060,0
5061,0
5062,1
5063,0
5064,0
5065,0
5066,0
5067,0
5068,0
5069,0
5070,0
5071,0
5072,0
5073,0
5074,1
5075,0
5076,0
5077,0
5078,0
5079,0
5080,0
5081,0
5082,0
5083,1
5084,0
5085,0
5086,0
5087,0
5088,0
5089,0
5090,0
5091,0
5092,0
5093,0
5094,0
5095,0
5096,0
5097,0
5098,0
5099,0
5100,0
5101,0
5102,0
5103,0
5104,0
5105,0
5106,0
5107,0
5108,0
5109,1
5110,0
5111,0
5112,0
5113,0
5114,0
5115,0
5116,0
5117,0
5118,1
5119,0
5120,0
5121,0
5122,0
5123,0
5124,0
5125,0
5126,1
5127,1
5128,0
5129,0
5130,0
5131,0
5132,0
5133,0
5134,0
5135,0
5136,0
5137,0
5138,1
5139,0
5140,0
5141,0
5142,0
5143,0
5144,1
5145,0
5146,0
5147,0
5148,0
5149,1
5150,0
5151,0
5152,0
5153,1
5154,0
5155,1
5156,0
5157,0
5158,0
5159,0
5160,0
5161,0
5162,0
5163,0
5164,0
5165,0
5166,0
5167,0
5168,1
5169,0
5170,0
5171,0
5172,0
5173,0
5174,0
5175,0
5176,0
5177,0
5178,1
5179,0
5180,0
5181,0
5182,0
5183,0
5184,0
5185,0
5186,0
5187,1
5188,0
5189,1
5190,1
5191,0
5192,0
5193,0
5194,0
5195,0
5196,1
5197,0
5198,0
5199,0
5200,0
5201,1
5202,1
5203,0
5204,0
5205,0
5206,0
5207,0
5208,0
5209,0
5210,0
5211,0
5212,0
5213,0
5214,0
5215,0
5216,1
5217,0
5218,0
5219,0
5220,1
5221,1
5222,0
5223,1
5224,0
5225,0
5226,0
5227,0
5228,0
5229,0
5230,0
5231,1
5232,0
5233,0
5234,0
5235,0
5236,0
5237,0
5238,0
5239,0
5240,0
5241,0
5242,1
5243,0
5244,0
5245,0
5246,0
5247,1
5248,0
5249,0
5250,0
5251,0
5252,0
5253,0
5254,0
5255,0
5256,0
5257,0
5258,0
5259,0
5260,0
5261,1
5262,0
5263,0
5264,0
5265,0
5266,0
5267,0
5268,0
5269,0
5270,0
5271,0
5272,0
5273,0
5274,0
5275,0
5276,0
5277,0
5278,0
5279,0
5280,0
5281,0
5282,0
5283,0
5284,0
5285,0
5286,0
5287,0
5288,0
5289,1
5290,0
5291,0
5292,1
5293,0
5294,0
5295,0
5296,0
5297,0
5298,1
5299,0
5300,0
5301,0
5302,0
5303,0
5304,0
5305,0
5306,0
5307,0
5308,0
5309,0
5310,0
5311,0
5312,0
5313,0
5314,0
5315,0
5316,0
5317,0
5318,0
5319,0
5320,0
5321,0
5322,0
5323,0
5324,0
5325,0
5326,0
5327,0
5328,0
5329,0
5330,0
5331,0
5332,0
5333,0
5334,1
5335,0
5336,0
5337,0
5338,0
5339,0
5340,0
5341,0
5342,0
5343,0
5344,0
5345,0
5346,1
5347,1
5348,1
5349,1
5350,0
5351,0
5352,0
5353,0
5354,0
5355,0
5356,0
5357,0
5358,0
5359,1
5360,0
5361,0
5362,0
5363,0
5364,0
5365,0
5366,0
5367,0
5368,0
5369,1
5370,0
5371,0
5372,0
5373,1
5374,0
5375,0
5376,0
5377,1
5378,0
5379,1
5380,0
5381,0
5382,0
5383,0
5384,0
5385,0
5386,1
5387,0
5388,0
5389,0
5390,0
5391,0
5392,1
5393,0
5394,0
5395,0
5396,0
5397,1
5398,0
5399,0
5400,0
5401,0
5402,0
5403,0
5404,0
5405,0
5406,0
5407,0
5408,1
5409,0
5410,0
5411,0
5412,0
5413,0
5414,0
5415,0
5416,0
5417,0
5418,0
5419,0
5420,0
5421,1
5422,1
5423,0
5424,0
5425,0
5426,0
5427,0
5428,0
5429,0
5430,0
5431,0
5432,0
5433,0
5434,0
5435,0
5436,0
5437,0
5438,0
5439,0
5440,0
5441,0
5442,0
5443,0
5444,0
5445,0
5446,0
5447,0
5448,0
5449,0
5450,0
5451,0
5452,0
5453,0
5454,0
5455,0
5456,0
5457,0
5458,1
5459,0
5460,0
5461,0
5462,0
5463,0
5464,0
5465,0
5466,0
5467,0
5468,0
5469,0
5470,0
5471,0
5472,0
5473,0
5474,0
5475,0
5476,0
5477,0
5478,0
5479,0
5480,0
5481,0
5482,0
5483,1
5484,0
5485,0
5486,0
5487,0
5488,0
5489,0
5490,0
5491,0
5492,0
5493,0
5494,1
5495,0
5496,0
5497,1
5498,0
5499,0
5500,0
5501,0
5502,0
5503,0
5504,0
5505,0
5506,0
5507,0
5508,0
5509,0
5510,0
5511,0
5512,0
5513,0
5514,1
5515,0
5516,0
5517,0
5518,0
5519,0
5520,0
5521,0
5522,0
5523,0
5524,0
5525,0
5526,1
5527,0
5528,0
5529,0
5530,0
5531,0
5532,0
5533,0
5534,1
5535,1
5536,0
5537,0
5538,0
5539,0
5540,0
5541,0
5542,0
5543,1
5544,0
5545,0
5546,0
5547,0
5548,0
5549,0
5550,0
5551,0
5552,0
5553,0
5554,0
5555,1
5556,0
5557,0
5558,0
5559,0
5560,0
5561,0
5562,0
5563,0
5564,1
5565,1
5566,0
5567,0
5568,0
5569,0
5570,0
5571,0
5572,1
5573,0
5574,0
5575,0
5576,0
5577,0
5578,0
5579,0
5580,0
5581,0
5582,0
5583,0
5584,0
5585,0
5586,0
5587,0
5588,0
5589,0
5590,0
5591,0
5592,1
5593,1
5594,0
5595,1
5596,0
5597,1
5598,1
5599,0
5600,0
5601,1
5602,0
5603,1
5604,0
5605,0
5606,0
5607,0
5608,0
5609,0
5610,0
5611,0
5612,0
5613,0
5614,0
5615,0
5616,0
5617,0
5618,1
5619,0
5620,1
5621,0
5622,0
5623,0
5624,0
5625,0
5626,0
5627,0
5628,0
5629,0
5630,0
5631,1
5632,0
5633,0
5634,0
5635,0
5636,0
5637,1
5638,0
5639,0
5640,0
5641,0
5642,0
5643,0
5644,0
5645,0
5646,0
5647,0
5648,0
5649,0
5650,0
5651,0
5652,0
5653,0
5654,0
5655,0
5656,0
5657,0
5658,0
5659,0
5660,1
5661,0
5662,0
5663,0
5664,0
5665,1
5666,0
5667,0
5668,0
5669,0
5670,0
5671,0
5672,0
5673,0
5674,0
5675,0
5676,0
5677,0
5678,0
5679,0
5680,0
5681,1
5682,0
5683,0
5684,0
5685,0
5686,0
5687,0
5688,0
5689,0
5690,0
5691,0
5692,0
5693,0
5694,0
5695,0
5696,0
5697,0
5698,0
5699,0
5700,0
5701,0
5702,0
5703,1
5704,0
5705,1
5706,0
5707,0
5708,0
5709,0
5710,0
5711,1
5712,0
5713,0
5714,1
5715,0
5716,0
5717,0
5718,1
5719,0
5720,0
5721,0
5722,0
5723,0
5724,0
5725,0
5726,0
5727,0
5728,0
5729,0
5730,0
5731,1
5732,0
5733,0
5734,0
5735,0
5736,0
5737,0
5738,0
5739,0
5740,0
5741,0
5742,0
5743,0
5744,0
5745,0
5746,0
5747,0
5748,0
5749,1
5750,0
5751,0
5752,0
5753,0
5754,0
5755,1
5756,0
5757,0
5758,0
5759,0
5760,0
5761,0
5762,0
5763,0
5764,0
5765,0
5766,0
5767,0
5768,0
5769,0
5770,0
5771,0
5772,0
5773,0
5774,0
5775,0
5776,1
5777,0
5778,0
5779,0
5780,0
5781,1
5782,0
5783,0
5784,0
5785,0
5786,0
5787,0
5788,0
5789,0
5790,0
5791,0
5792,1
5793,0
5794,0
5795,0
5796,0
5797,1
5798,0
5799,0
5800,0
5801,0
5802,0
5803,0
5804,1
5805,0
5806,0
5807,0
5808,1
5809,0
5810,0
5811,0
5812,0
5813,0
5814,0
5815,0
5816,0
5817,0
5818,0
5819,0
5820,0
5821,0
5822,0
5823,0
5824,0
5825,0
5826,0
5827,0
5828,0
5829,0
5830,0
5831,0
5832,1
5833,0
5834,0
5835,0
5836,0
5837,0
5838,0
5839,0
5840,0
5841,0
5842,1
5843,0
5844,0
5845,0
5846,0
5847,0
5848,0
5849,0
5850,0
5851,0
5852,0
5853,0
5854,0
5855,1
5856,0
5857,0
5858,0
5859,1
5860,0
5861,0
5862,0
5863,1
5864,0
5865,0
5866,0
5867,0
5868,0
5869,0
5870,0
5871,0
5872,0
5873,0
5874,0
5875,0
5876,0
5877,1
5878,0
5879,0
5880,1
5881,0
5882,1
5883,0
5884,0
5885,1
5886,1
5887,0
5888,0
5889,0
5890,0
5891,0
5892,0
5893,0
5894,0
5895,0
5896,0
5897,0
5898,0
5899,1
5900,0
5901,0
5902,0
5903,0
5904,0
5905,0
5906,1
5907,0
5908,0
5909,0
5910,0
5911,0
5912,0
5913,0
5914,0
5915,0
5916,0
5917,0
5918,0
5919,0
5920,0
5921,0
5922,0
5923,1
5924,0
5925,0
5926,0
5927,0
5928,0
5929,0
5930,0
5931,0
5932,0
5933,0
5934,0
5935,1
5936,0
5937,0
5938,0
5939,0
5940,0
5941,0
5942,0
5943,1
5944,0
5945,0
5946,1
5947,0
5948,0
5949,0
5950,0
5951,0
5952,0
5953,0
5954,1
5955,0
5956,1
5957,0
5958,0
5959,0
5960,0
5961,0
5962,0
5963,1
5964,0
5965,1
5966,0
5967,1
5968,0
5969,0
5970,1
5971,0
5972,0
5973,0
5974,0
5975,0
5976,0
5977,0
5978,0
5979,0
5980,0
5981,0
5982,0
5983,0
5984,0
5985,0
5986,0
5987,1
5988,0
5989,0
5990,1
5991,0
5992,0
5993,0
5994,0
5995,0
5996,1
5997,0
5998,0
5999,0
6000,0
6001,0
6002,1
6003,0
6004,0
6005,0
6006,0
6007,0
6008,0
6009,0
6010,0
6011,0
6012,0
6013,0
6014,0
6015,1
6016,0
6017,0
6018,0
6019,0
6020,0
6021,0
6022,0
6023,0
6024,0
6025,1
6026,0
6027,0
6028,0
6029,0
6030,0
6031,1
6032,1
6033,0
6034,0
6035,0
6036,0
6037,0
6038,0
6039,1
6040,0
6041,0
6042,0
6043,0
6044,0
6045,1
6046,0
6047,0
6048,0
6049,0
6050,0
6051,0
6052,0
6053,0
6054,0
6055,0
6056,0
6057,0
6058,0
6059,0
6060,0
6061,0
6062,0
6063,0
6064,0
6065,1
6066,0
6067,0
6068,1
6069,0
6070,0
6071,0
6072,0
6073,0
6074,0
6075,0
6076,0
6077,0
6078,0
6079,0
6080,0
6081,0
6082,0
6083,0
6084,0
6085,0
6086,0
6087,0
6088,0
6089,0
6090,0
6091,0
6092,0
6093,0
6094,0
6095,0
6096,0
6097,1
6098,0
6099,0
6100,0
6101,0
6102,0
6103,1
6104,0
6105,0
6106,1
6107,0
6108,1
6109,0
6110,1
6111,1
6112,1
6113,0
6114,0
6115,0
6116,0
6117,1
6118,1
6119,0
6120,0
6121,0
6122,0
6123,0
6124,0
6125,0
6126,0
6127,0
6128,0
6129,0
6130,0
6131,0
6132,0
6133,0
6134,0
6135,0
6136,0
6137,1
6138,0
6139,1
6140,0
6141,0
6142,0
6143,1
6144,0
6145,0
6146,0
6147,0
6148,0
6149,1
6150,0
6151,0
6152,0
6153,0
6154,0
6155,0
6156,0
6157,0
6158,0
6159,0
6160,0
6161,0
6162,0
6163,0
6164,0
6165,0
6166,0
6167,0
6168,0
6169,0
6170,0
6171,0
6172,0
6173,0
6174,1
6175,0
6176,0
6177,1
6178,0
6179,1
6180,0
6181,0
6182,0
6183,0
6184,0
6185,0
6186,1
6187,0
6188,0
6189,0
6190,0
6191,0
6192,0
6193,0
6194,0
6195,1
6196,0
6197,0
6198,0
6199,0
6200,0
6201,0
6202,0
6203,0
6204,0
6205,0
6206,0
6207,1
6208,0
6209,0
6210,1
6211,0
6212,0
6213,0
6214,0
6215,0
6216,0
6217,1
6218,0
6219,0
6220,0
6221,0
6222,1
6223,0
6224,0
6225,0
6226,0
6227,0
6228,0
6229,0
6230,0
6231,0
6232,0
6233,1
6234,0
6235,0
6236,0
6237,0
6238,0
6239,0
6240,1
6241,0
6242,0
6243,0
6244,0
6245,0
6246,0
6247,0
6248,0
6249,0
6250,0
6251,0
6252,0
6253,0
6254,0
6255,0
6256,0
6257,0
6258,0
6259,0
6260,0
6261,0
6262,0
6263,0
6264,0
6265,0
6266,0
6267,0
6268,0
6269,0
6270,0
6271,0
6272,0
6273,0
6274,0
6275,0
6276,0
6277,0
6278,0
6279,0
6280,0
6281,0
6282,0
6283,1
6284,0
6285,0
6286,0
6287,1
6288,0
6289,0
6290,1
6291,0
6292,0
6293,0
6294,0
6295,0
6296,1
6297,0
6298,0
6299,0
6300,0
6301,0
6302,0
6303,0
6304,0
6305,0
6306,0
6307,0
6308,1
6309,0
6310,1
6311,0
6312,0
6313,0
6314,0
6315,0
6316,0
6317,0
6318,0
6319,0
6320,0
6321,0
6322,0
6323,0
6324,0
6325,0
6326,0
6327,0
6328,0
6329,0
6330,0
6331,0
6332,0
6333,0
6334,1
6335,0
6336,1
6337,0
6338,0
6339,0
6340,0
6341,0
6342,0
6343,0
6344,0
6345,0
6346,0
6347,0
6348,0
6349,0
6350,0
6351,0
6352,0
6353,0
6354,1
6355,1
6356,1
6357,1
6358,0
6359,0
6360,0
6361,0
6362,0
6363,0
6364,0
6365,0
6366,0
6367,0
6368,0
6369,0
6370,0
6371,0
6372,0
6373,0
6374,0
6375,0
6376,0
6377,0
6378,0
6379,0
6380,0
6381,1
6382,0
6383,0
6384,0
6385,0
6386,0
6387,0
6388,1
6389,0
6390,0
6391,1
6392,0
6393,1
6394,0
6395,0
6396,0
6397,0
6398,0
6399,0
6400,0
6401,0
6402,0
6403,0
6404,0
6405,0
6406,1
6407,0
6408,0
6409,0
6410,0
6411,0
6412,0
6413,0
6414,0
6415,1
6416,0
6417,0
6418,0
6419,0
6420,0
6421,1
6422,0
6423,0
6424,0
6425,0
6426,0
6427,0
6428,0
6429,0
6430,0
6431,0
6432,0
6433,0
6434,1
6435,0
6436,0
6437,1
6438,0
6439,0
6440,0
6441,1
6442,0
6443,0
6444,0
6445,0
6446,0
6447,0
6448,0
6449,0
6450,0
6451,1
6452,0
6453,0
6454,0
6455,0
6456,0
6457,0
6458,0
6459,0
6460,0
6461,0
6462,0
6463,0
6464,0
6465,0
6466,0
6467,0
6468,0
6469,0
6470,0
6471,0
6472,0
6473,0
6474,1
6475,0
6476,0
6477,0
6478,1
6479,0
6480,1
6481,0
6482,0
6483,1
6484,0
6485,0
6486,1
6487,0
6488,0
6489,1
6490,0
6491,0
6492,1
6493,0
6494,0
6495,0
6496,1
6497,0
6498,0
6499,0
6500,0
6501,0
6502,0
6503,0
6504,0
6505,0
6506,0
6507,1
6508,0
6509,0
6510,0
6511,0
6512,0
6513,0
6514,0
6515,0
6516,0
6517,0
6518,0
6519,0
6520,0
6521,1
6522,0
6523,0
6524,0
6525,0
6526,0
6527,0
6528,0
6529,0
6530,0
6531,0
6532,0
6533,0
6534,1
6535,0
6536,0
6537,1
6538,0
6539,1
6540,1
6541,1
6542,0
6543,0
6544,0
6545,1
6546,0
6547,0
6548,0
6549,0
6550,1
6551,0
6552,0
6553,0
6554,0
6555,1
6556,0
6557,0
6558,0
6559,0
6560,0
6561,0
6562,0
6563,1
6564,0
6565,0
6566,0
6567,0
6568,0
6569,0
6570,1
6571,1
6572,0
6573,0
6574,0
6575,0
6576,0
6577,0
6578,1
6579,0
6580,1
6581,0
6582,0
6583,0
6584,0
6585,0
6586,0
6587,0
6588,0
6589,0
6590,0
6591,0
6592,0
6593,0
6594,0
6595,0
6596,0
6597,1
6598,0
6599,0
6600,0
6601,0
6602,0
6603,0
6604,0
6605,0
6606,0
6607,0
6608,0
6609,0
6610,0
6611,0
6612,0
6613,0
6614,1
6615,0
6616,0
6617,1
6618,0
6619,0
6620,0
6621,0
6622,0
6623,0
6624,0
6625,0
6626,0
6627,0
6628,1
6629,0
6630,0
6631,0
6632,0
6633,0
6634,0
6635,0
6636,0
6637,0
6638,1
6639,0
6640,0
6641,0
6642,0
6643,0
6644,0
6645,0
6646,0
6647,0
6648,0
6649,0
6650,0
6651,0
6652,1
6653,0
6654,0
6655,0
6656,0
6657,0
6658,0
6659,0
6660,0
6661,0
6662,0
6663,0
6664,0
6665,0
6666,0
6667,1
6668,0
6669,0
6670,0
6671,0
6672,0
6673,0
6674,0
6675,0
6676,0
6677,1
6678,0
6679,0
6680,0
6681,0
6682,0
6683,0
6684,1
6685,0
6686,0
6687,0
6688,0
6689,0
6690,0
6691,0
6692,0
6693,0
6694,0
6695,0
6696,0
6697,0
6698,0
6699,0
6700,0
6701,0
6702,0
6703,0
6704,1
6705,1
6706,1
6707,0
6708,0
6709,1
6710,0
6711,0
6712,0
6713,0
6714,0
6715,0
6716,1
6717,0
6718,1
6719,0
6720,1
6721,0
6722,0
6723,0
6724,0
6725,0
6726,0
6727,0
6728,0
6729,0
6730,0
6731,0
6732,0
6733,1
6734,0
6735,0
6736,0
6737,0
6738,0
6739,0
6740,0
6741,0
6742,0
6743,0
6744,0
6745,0
6746,0
6747,1
6748,0
6749,0
6750,0
6751,1
6752,0
6753,0
6754,0
6755,1
6756,0
6757,0
6758,0
6759,0
6760,0
6761,0
6762,1
6763,0
6764,0
6765,0
6766,0
6767,0
6768,1
6769,0
6770,0
6771,0
6772,0
6773,0
6774,0
6775,0
6776,1
6777,0
6778,0
6779,0
6780,0
6781,0
6782,0
6783,0
6784,0
6785,0
6786,0
6787,0
6788,0
6789,0
6790,0
6791,0
6792,0
6793,0
6794,1
6795,1
6796,0
6797,0
6798,0
6799,0
6800,0
6801,0
6802,1
6803,1
6804,1
6805,0
6806,0
6807,0
6808,0
6809,0
6810,0
6811,0
6812,0
6813,0
6814,0
6815,0
6816,0
6817,0
6818,0
6819,0
6820,0
6821,1
6822,0
6823,0
6824,0
6825,0
6826,0
6827,0
6828,0
6829,0
6830,0
6831,0
6832,0
6833,0
6834,0
6835,0
6836,0
6837,0
6838,0
6839,1
6840,0
6841,0
6842,0
6843,0
6844,0
6845,0
6846,0
6847,0
6848,0
6849,0
6850,0
6851,0
6852,0
6853,0
6854,0
6855,0
6856,0
6857,0
6858,0
6859,0
6860,0
6861,0
6862,1
6863,0
6864,0
6865,0
6866,0
6867,0
6868,0
6869,0
6870,0
6871,0
6872,0
6873,0
6874,0
6875,0
6876,1
6877,0
6878,1
6879,0
6880,0
6881,0
6882,0
6883,0
6884,0
6885,0
6886,0
6887,0
6888,0
6889,0
6890,0
6891,0
6892,0
6893,0
6894,0
6895,0
6896,0
6897,0
6898,1
6899,0
6900,0
6901,0
6902,0
6903,0
6904,0
6905,0
6906,0
6907,0
6908,0
6909,0
6910,0
6911,0
6912,0
6913,0
6914,1
6915,1
6916,1
6917,0
6918,0
6919,0
6920,0
6921,0
6922,0
6923,0
6924,0
6925,0
6926,0
6927,0
6928,0
6929,0
6930,0
6931,0
6932,0
6933,0
6934,0
6935,0
6936,0
6937,0
6938,1
6939,0
6940,0
6941,0
6942,0
6943,0
6944,0
6945,0
6946,0
6947,0
6948,0
6949,0
6950,0
6951,0
6952,0
6953,0
6954,0
6955,0
6956,0
6957,1
6958,0
6959,0
6960,0
6961,0
6962,1
6963,0
6964,0
6965,0
6966,0
6967,0
6968,0
6969,0
6970,1
6971,0
6972,0
6973,0
6974,0
6975,0
6976,0
6977,0
6978,0
6979,0
6980,0
6981,1
6982,0
6983,1
6984,0
6985,1
6986,1
6987,0
6988,0
6989,0
6990,0
6991,0
6992,0
6993,1
6994,1
6995,0
6996,0
6997,0
6998,0
6999,0
7000,0
7001,0
7002,0
7003,0
7004,0
7005,1
7006,0
7007,0
7008,0
7009,0
7010,0
7011,0
7012,0
7013,0
7014,0
7015,1
7016,0
7017,0
7018,0
7019,0
7020,0
7021,0
7022,0
7023,0
7024,0
7025,0
7026,0
7027,0
7028,0
7029,0
7030,1
7031,0
7032,1
7033,0
7034,0
7035,0
7036,1
7037,0
7038,0
7039,0
7040,0
7041,0
7042,0
7043,0
7044,0
7045,0
7046,0
7047,0
7048,0
7049,0
7050,0
7051,0
7052,0
7053,0
7054,0
7055,0
7056,1
7057,0
7058,0
7059,0
7060,0
7061,0
7062,0
7063,0
7064,1
7065,0
7066,1
7067,0
7068,1
7069,0
7070,0
7071,0
7072,0
7073,0
7074,0
7075,0
7076,0
7077,1
7078,0
7079,0
7080,0
7081,0
7082,1
7083,0
7084,0
7085,0
7086,0
7087,1
7088,0
7089,0
7090,0
7091,0
7092,0
7093,0
7094,0
7095,1
7096,0
7097,1
7098,0
7099,0
7100,0
7101,0
7102,0
7103,0
7104,0
7105,0
7106,0
7107,0
7108,0
7109,0
7110,0
7111,0
7112,1
7113,0
7114,0
7115,0
7116,0
7117,1
7118,0
7119,0
7120,0
7121,0
7122,1
7123,0
7124,0
7125,0
7126,1
7127,0
7128,0
7129,0
7130,0
7131,0
7132,0
7133,0
7134,0
7135,0
7136,1
7137,0
7138,0
7139,0
7140,0
7141,1
7142,0
7143,0
7144,0
7145,0
7146,0
7147,0
7148,0
7149,0
7150,0
7151,0
7152,0
7153,0
7154,0
7155,0
7156,0
7157,0
7158,1
7159,0
7160,0
7161,0
7162,0
7163,0
7164,0
7165,0
7166,0
7167,0
7168,0
7169,0
7170,0
7171,0
7172,0
7173,0
7174,0
7175,0
7176,0
7177,1
7178,0
7179,0
7180,0
7181,0
7182,0
7183,1
7184,1
7185,0
7186,1
7187,0
7188,0
7189,0
7190,0
7191,0
7192,1
7193,0
7194,0
7195,0
7196,0
7197,0
7198,0
7199,0
7200,1
7201,0
7202,0
7203,0
7204,0
7205,0
7206,0
7207,0
7208,0
7209,0
7210,0
7211,0
7212,1
7213,0
7214,0
7215,0
7216,0
7217,0
7218,0
7219,0
7220,0
7221,0
7222,0
7223,1
7224,1
7225,1
7226,1
7227,1
7228,0
7229,1
7230,0
7231,0
7232,1
7233,0
7234,0
7235,0
7236,0
7237,0
7238,0
7239,0
7240,0
7241,0
7242,0
7243,1
7244,0
7245,1
7246,0
7247,0
7248,0
7249,1
7250,0
7251,0
7252,0
7253,0
7254,0
7255,0
7256,0
7257,0
7258,0
7259,0
7260,0
7261,0
7262,0
7263,0
7264,1
7265,1
7266,0
7267,0
7268,0
7269,0
7270,0
7271,0
7272,0
7273,0
7274,0
7275,0
7276,0
7277,1
7278,0
7279,0
7280,0
7281,0
7282,0
7283,0
7284,1
7285,0
7286,1
7287,0
7288,0
7289,0
7290,0
7291,0
7292,1
7293,0
7294,0
7295,1
7296,0
7297,0
7298,1
7299,0
7300,0
7301,0
7302,0
7303,0
7304,0
7305,0
7306,0
7307,0
7308,0
7309,0
7310,0
7311,0
7312,0
7313,0
7314,1
7315,0
7316,0
7317,0
7318,0
7319,0
7320,0
7321,0
7322,0
7323,0
7324,0
7325,0
7326,0
7327,0
7328,1
7329,0
7330,0
7331,1
7332,0
7333,0
7334,0
7335,0
7336,0
7337,0
7338,0
7339,1
7340,0
7341,0
7342,0
7343,1
7344,0
7345,0
7346,0
7347,0
7348,0
7349,0
7350,0
7351,0
7352,0
7353,0
7354,0
7355,1
7356,0
7357,0
7358,0
7359,0
7360,0
7361,0
7362,0
7363,0
7364,0
7365,0
7366,0
7367,0
7368,0
7369,0
7370,0
7371,0
7372,0
7373,0
7374,0
7375,0
7376,1
7377,0
7378,1
7379,0
7380,0
7381,0
7382,0
7383,0
7384,1
7385,0
7386,0
7387,0
7388,0
7389,0
7390,0
7391,0
7392,0
7393,1
7394,0
7395,1
7396,0
7397,1
7398,0
7399,0
7400,0
7401,1
7402,0
7403,1
7404,0
7405,0
7406,0
7407,0
7408,0
7409,1
7410,0
7411,1
7412,0
7413,0
7414,0
7415,0
7416,0
7417,0
7418,0
7419,0
7420,0
7421,0
7422,1
7423,0
7424,0
7425,0
7426,1
7427,1
7428,0
7429,0
7430,0
7431,1
7432,0
7433,0
7434,0
7435,0
7436,0
7437,0
7438,0
7439,0
7440,0
7441,0
7442,0
7443,1
7444,0
7445,0
7446,0
7447,0
7448,0
7449,0
7450,0
7451,0
7452,0
7453,0
7454,0
7455,0
7456,0
7457,0
7458,0
7459,1
7460,0
7461,0
7462,0
7463,0
7464,0
7465,0
7466,0
7467,1
7468,0
7469,0
7470,0
7471,0
7472,0
7473,0
7474,0
7475,0
7476,0
7477,0
7478,1
7479,0
7480,0
7481,1
7482,0
7483,0
7484,0
7485,0
7486,0
7487,0
7488,1
7489,0
7490,0
7491,0
7492,0
7493,0
7494,0
7495,0
7496,0
7497,1
7498,0
7499,0
7500,0
7501,0
7502,0
7503,0
7504,0
7505,1
7506,1
7507,0
7508,0
7509,0
7510,0
7511,0
7512,0
7513,0
7514,0
7515,0
7516,0
7517,1
7518,0
7519,0
7520,0
7521,0
7522,0
7523,0
7524,0
7525,0
7526,0
7527,0
7528,1
7529,1
7530,0
7531,0
7532,0
7533,1
7534,0
7535,1
7536,0
7537,0
7538,0
7539,0
7540,0
7541,0
7542,0
7543,0
7544,0
7545,0
7546,0
7547,0
7548,0
7549,0
7550,0
7551,0
7552,0
7553,0
7554,0
7555,1
7556,0
7557,0
7558,0
7559,0
7560,0
7561,0
7562,0
7563,0
7564,0
7565,1
7566,0
7567,0
7568,0
7569,0
7570,0
7571,0
7572,0
7573,0
7574,0
7575,1
7576,1
7577,0
7578,0
7579,0
7580,0
7581,0
7582,0
7583,1
7584,0
7585,0
7586,0
7587,0
7588,0
7589,0
7590,0
7591,0
7592,0
7593,0
7594,0
7595,0
7596,0
7597,0
7598,0
7599,0
7600,0
7601,0
7602,0
7603,0
7604,0
7605,0
7606,0
7607,1
7608,0
7609,0
7610,0
7611,0
7612,1
7613,0
7614,1
7615,0
7616,0
7617,0
7618,0
7619,0
7620,0
7621,1
7622,0
7623,0
7624,0
7625,1
7626,0
7627,1
7628,0
7629,0
7630,0
7631,1
7632,0
7633,0
7634,0
7635,0
7636,0
7637,1
7638,0
7639,0
7640,0
7641,0
7642,0
7643,1
7644,0
7645,1
7646,0
7647,0
7648,1
7649,0
7650,0
7651,0
7652,0
7653,0
7654,0
7655,0
7656,1
7657,0
7658,0
7659,0
7660,0
7661,0
7662,0
7663,0
7664,0
7665,1
7666,0
7667,0
7668,0
7669,0
7670,0
7671,1
7672,1
7673,0
7674,0
7675,0
7676,0
7677,0
7678,0
7679,0
7680,0
7681,1
7682,0
7683,0
7684,0
7685,0
7686,0
7687,0
7688,0
7689,0
7690,0
7691,0
7692,0
7693,0
7694,0
7695,0
7696,0
7697,0
7698,0
7699,0
7700,0
7701,0
7702,0
7703,0
7704,1
7705,0
7706,0
7707,0
7708,0
7709,0
7710,0
7711,0
7712,0
7713,0
7714,0
7715,0
7716,0
7717,1
7718,0
7719,0
7720,0
7721,0
7722,1
7723,0
7724,0
7725,0
7726,0
7727,0
7728,0
7729,1
7730,0
7731,0
7732,0
7733,0
7734,1
7735,0
7736,0
7737,0
7738,0
7739,0
7740,0
7741,0
7742,1
7743,0
7744,1
7745,0
7746,1
7747,0
7748,0
7749,0
7750,0
7751,0
7752,0
7753,0
7754,0
7755,0
7756,1
7757,1
7758,0
7759,1
7760,0
7761,0
7762,0
7763,0
7764,0
7765,0
7766,0
7767,0
7768,0
7769,0
7770,0
7771,1
7772,0
7773,0
7774,0
7775,0
7776,0
7777,0
7778,0
7779,0
7780,1
7781,0
7782,0
7783,0
7784,0
7785,0
7786,0
7787,0
7788,0
7789,0
7790,0
7791,0
7792,0
7793,0
7794,1
7795,0
7796,0
7797,0
7798,0
7799,0
7800,1
7801,0
7802,0
7803,0
7804,0
7805,0
7806,0
7807,0
7808,0
7809,0
7810,0
7811,1
7812,0
7813,0
7814,0
7815,0
7816,0
7817,1
7818,0
7819,0
7820,0
7821,0
7822,0
7823,0
7824,0
7825,0
7826,0
7827,0
7828,1
7829,0
7830,0
7831,0
7832,0
7833,0
7834,1
7835,0
7836,0
7837,0
7838,1
7839,0
7840,0
7841,0
7842,0
7843,0
7844,0
7845,0
7846,0
7847,0
7848,0
7849,1
7850,0
7851,0
7852,0
7853,0
7854,1
7855,0
7856,0
7857,0
7858,0
7859,0
7860,0
7861,0
7862,0
7863,0
7864,0
7865,0
7866,0
7867,0
7868,0
7869,0
7870,0
7871,1
7872,0
7873,0
7874,0
7875,1
7876,0
7877,0
7878,0
7879,0
7880,0
7881,0
7882,0
7883,1
7884,0
7885,1
7886,0
7887,0
7888,0
7889,1
7890,0
7891,0
7892,0
7893,1
7894,0
7895,0
7896,0
7897,0
7898,0
7899,0
7900,0
7901,0
7902,1
7903,0
7904,0
7905,0
7906,0
7907,0
7908,0
7909,0
7910,0
7911,0
7912,0
7913,0
7914,0
7915,0
7916,0
7917,0
7918,0
7919,1
7920,0
7921,0
7922,0
7923,0
7924,0
7925,0
7926,0
7927,0
7928,0
7929,0
7930,1
7931,0
7932,0
7933,0
7934,0
7935,1
7936,1
7937,0
7938,0
7939,0
7940,0
7941,0
7942,0
7943,0
7944,0
7945,0
7946,0
7947,0
7948,0
7949,0
7950,0
7951,0
7952,0
7953,0
7954,0
7955,0
7956,0
7957,0
7958,0
7959,0
7960,1
7961,0
7962,0
7963,0
7964,1
7965,0
7966,0
7967,0
7968,1
7969,0
7970,0
7971,0
7972,0
7973,1
7974,0
7975,0
7976,0
7977,0
7978,0
7979,0
7980,0
7981,0
7982,0
7983,0
7984,0
7985,0
7986,0
7987,0
7988,0
7989,0
7990,0
7991,0
7992,0
7993,0
7994,0
7995,0
7996,1
7997,0
7998,0
7999,0
8000,0
8001,0
8002,0
8003,0
8004,0
8005,0
8006,0
8007,0
8008,0
8009,0
8010,0
8011,0
8012,0
8013,0
8014,0
8015,0
8016,0
8017,0
8018,0
8019,0
8020,0
8021,0
8022,0
8023,0
8024,1
8025,0
8026,0
8027,0
8028,0
8029,0
8030,0
8031,0
8032,0
8033,1
8034,0
8035,0
8036,0
8037,0
8038,0
8039,1
8040,0
8041,0
8042,0
8043,0
8044,0
8045,0
8046,0
8047,0
8048,0
8049,0
8050,0
8051,0
8052,0
8053,0
8054,0
8055,0
8056,0
8057,0
8058,0
8059,0
8060,0
8061,0
8062,1
8063,0
8064,0
8065,0
8066,0
8067,0
8068,0
8069,0
8070,1
8071,0
8072,0
8073,0
8074,0
8075,1
8076,0
8077,0
8078,0
8079,0
8080,0
8081,0
8082,0
8083,1
8084,0
8085,0
8086,1
8087,0
8088,0
8089,0
8090,0
8091,0
8092,1
8093,0
8094,0
8095,0
8096,1
8097,0
8098,0
8099,0
8100,0
8101,0
8102,0
8103,1
8104,0
8105,0
8106,0
8107,0
8108,0
8109,0
8110,1
8111,0
8112,0
8113,0
8114,0
8115,0
8116,0
8117,0
8118,0
8119,0
8120,0
8121,0
8122,0
8123,1
8124,0
8125,0
8126,0
8127,0
8128,0
8129,0
8130,0
8131,1
8132,0
8133,0
8134,0
8135,0
8136,0
8137,0
8138,0
8139,1
8140,0
8141,0
8142,0
8143,0
8144,0
8145,1
8146,1
8147,0
8148,0
8149,0
8150,0
8151,0
8152,0
8153,0
8154,0
8155,0
8156,0
8157,0
8158,0
8159,0
8160,0
8161,0
8162,0
8163,0
8164,0
8165,0
8166,0
8167,0
8168,0
8169,0
8170,0
8171,0
8172,0
8173,0
8174,0
8175,0
8176,0
8177,0
8178,0
8179,0
8180,1
8181,0
8182,0
8183,0
8184,0
8185,1
8186,0
8187,0
8188,0
8189,1
8190,0
8191,0
8192,0
8193,0
8194,1
8195,0
8196,0
8197,0
8198,0
8199,0
8200,0
8201,0
8202,0
8203,0
8204,0
8205,0
8206,0
8207,0
8208,0
8209,0
8210,0
8211,0
8212,0
8213,0
8214,0
8215,0
8216,0
8217,0
8218,0
8219,0
8220,0
8221,0
8222,1
8223,0
8224,0
8225,0
8226,1
8227,0
8228,0
8229,0
8230,0
8231,0
8232,0
8233,0
8234,0
8235,0
8236,0
8237,0
8238,0
8239,0
8240,0
8241,0
8242,0
8243,0
8244,0
8245,0
8246,0
8247,1
8248,0
8249,0
8250,0
8251,1
8252,0
8253,0
8254,1
8255,0
8256,0
8257,0
8258,0
8259,1
8260,0
8261,0
8262,0
8263,0
8264,1
8265,0
8266,0
8267,0
8268,1
8269,0
8270,0
8271,0
8272,0
8273,0
8274,1
8275,0
8276,0
8277,0
8278,0
8279,0
8280,1
8281,0
8282,1
8283,0
8284,0
8285,0
8286,0
8287,0
8288,1
8289,0
8290,0
8291,0
8292,0
8293,0
8294,0
8295,0
8296,0
8297,0
8298,0
8299,0
8300,0
8301,0
8302,1
8303,0
8304,0
8305,0
8306,0
8307,0
8308,0
8309,0
8310,0
8311,0
8312,0
8313,0
8314,0
8315,0
8316,0
8317,0
8318,0
8319,0
8320,0
8321,0
8322,0
8323,0
8324,0
8325,0
8326,1
8327,0
8328,1
8329,0
8330,0
8331,0
8332,0
8333,0
8334,0
8335,0
8336,0
8337,0
8338,0
8339,0
8340,0
8341,0
8342,0
8343,0
8344,0
8345,0
8346,0
8347,0
8348,0
8349,0
8350,0
8351,0
8352,0
8353,0
8354,0
8355,0
8356,0
8357,1
8358,0
8359,0
8360,1
8361,0
8362,0
8363,0
8364,1
8365,0
8366,0
8367,0
8368,0
8369,0
8370,0
8371,1
8372,0
8373,1
8374,0
8375,1
8376,0
8377,0
8378,0
8379,0
8380,0
8381,0
8382,0
8383,0
8384,0
8385,0
8386,0
8387,0
8388,0
8389,1
8390,0
8391,0
8392,0
8393,0
8394,0
8395,0
8396,1
8397,0
8398,0
8399,0
8400,0
8401,0
8402,0
8403,0
8404,0
8405,0
8406,1
8407,0
8408,0
8409,1
8410,0
8411,0
8412,1
8413,1
8414,1
8415,0
8416,0
8417,0
8418,0
8419,0
8420,0
8421,1
8422,0
8423,0
8424,0
8425,0
8426,0
8427,0
8428,0
8429,0
8430,0
8431,0
8432,0
8433,0
8434,0
8435,0
8436,0
8437,0
8438,0
8439,0
8440,1
8441,1
8442,1
8443,0
8444,1
8445,0
8446,0
8447,0
8448,0
8449,0
8450,0
8451,0
8452,0
8453,0
8454,0
8455,0
8456,0
8457,0
8458,0
8459,0
8460,0
8461,0
8462,0
8463,1
8464,1
8465,0
8466,0
8467,0
8468,0
8469,0
8470,0
8471,0
8472,1
8473,0
8474,0
8475,1
8476,0
8477,0
8478,0
8479,0
8480,1
8481,0
8482,0
8483,0
8484,0
8485,0
8486,1
8487,0
8488,0
8489,0
8490,1
8491,0
8492,1
8493,0
8494,0
8495,0
8496,0
8497,0
8498,0
8499,1
8500,0
8501,0
8502,0
8503,0
8504,0
8505,1
8506,0
8507,0
8508,0
8509,0
8510,0
8511,0
8512,0
8513,0
8514,0
8515,0
8516,0
8517,0
8518,0
8519,0
8520,0
8521,0
8522,0
8523,0
8524,0
8525,0
8526,0
8527,0
8528,0
8529,0
8530,1
8531,1
8532,0
8533,0
8534,0
8535,0
8536,0
8537,0
8538,1
8539,0
8540,0
8541,0
8542,0
8543,0
8544,0
8545,0
8546,0
8547,0
8548,0
8549,0
8550,1
8551,0
8552,0
8553,0
8554,0
8555,0
8556,0
8557,0
8558,1
8559,0
8560,0
8561,0
8562,1
8563,0
8564,0
8565,0
8566,0
8567,0
8568,0
8569,0
8570,0
8571,0
8572,0
8573,0
8574,0
8575,0
8576,0
8577,0
8578,0
8579,0
8580,0
8581,0
8582,0
8583,0
8584,1
8585,0
8586,0
8587,1
8588,0
8589,0
8590,0
8591,0
8592,1
8593,0
8594,0
8595,0
8596,0
8597,0
8598,0
8599,0
8600,0
8601,0
8602,0
8603,0
8604,0
8605,0
8606,1
8607,1
8608,0
8609,0
8610,0
8611,0
8612,0
8613,0
8614,0
8615,1
8616,0
8617,0
8618,0
8619,0
8620,0
8621,0
8622,0
8623,0
8624,0
8625,0
8626,0
8627,0
8628,0
8629,0
8630,0
8631,0
8632,1
8633,0
8634,0
8635,0
8636,0
8637,0
8638,0
8639,0
8640,1
8641,0
8642,0
8643,0
8644,0
8645,0
8646,1
8647,0
8648,0
8649,1
8650,1
8651,1
8652,0
8653,0
8654,0
8655,0
8656,1
8657,0
8658,0
8659,0
8660,0
8661,0
8662,0
8663,0
8664,0
8665,1
8666,0
8667,0
8668,0
8669,0
8670,0
8671,0
8672,0
8673,0
8674,0
8675,0
8676,1
8677,1
8678,0
8679,0
8680,0
8681,0
8682,0
8683,0
8684,1
8685,0
8686,0
8687,0
8688,0
8689,1
8690,0
8691,0
8692,0
8693,1
8694,0
8695,0
8696,0
8697,0
8698,0
8699,0
8700,0
8701,1
8702,0
8703,0
8704,0
8705,0
8706,0
8707,0
8708,0
8709,0
8710,0
8711,0
8712,0
8713,0
8714,0
8715,0
8716,0
8717,0
8718,0
8719,0
8720,0
8721,1
8722,1
8723,0
8724,0
8725,0
8726,0
8727,1
8728,0
8729,0
8730,0
8731,0
8732,0
8733,1
8734,0
8735,0
8736,0
8737,0
8738,0
8739,0
8740,0
8741,0
8742,0
8743,0
8744,0
8745,1
8746,0
8747,0
8748,0
8749,1
8750,0
8751,0
8752,0
8753,0
8754,0
8755,0
8756,0
8757,0
8758,0
8759,0
8760,0
8761,0
8762,0
8763,0
8764,0
8765,0
8766,0
8767,0
8768,0
8769,0
8770,0
8771,0
8772,1
8773,0
8774,0
8775,0
8776,0
8777,1
8778,0
8779,0
8780,0
8781,0
8782,0
8783,0
8784,0
8785,0
8786,0
8787,0
8788,0
8789,0
8790,0
8791,0
8792,0
8793,0
8794,1
8795,0
8796,0
8797,0
8798,0
8799,0
8800,0
8801,0
8802,0
8803,0
8804,0
8805,0
8806,0
8807,0
8808,0
8809,0
8810,0
8811,0
8812,0
8813,0
8814,0
8815,0
8816,0
8817,0
8818,0
8819,0
8820,0
8821,0
8822,0
8823,1
8824,1
8825,1
8826,0
8827,0
8828,0
8829,0
8830,0
8831,0
8832,1
8833,0
8834,0
8835,0
8836,0
8837,0
8838,0
8839,0
8840,0
8841,0
8842,0
8843,1
8844,0
8845,0
8846,1
8847,1
8848,0
8849,0
8850,0
8851,0
8852,0
8853,0
8854,1
8855,0
8856,0
8857,0
8858,0
8859,1
8860,0
8861,0
8862,0
8863,0
8864,0
8865,0
8866,0
8867,1
8868,1
8869,1
8870,1
8871,0
8872,1
8873,1
8874,0
8875,0
8876,1
8877,0
8878,1
8879,0
8880,0
8881,1
8882,0
8883,0
8884,0
8885,0
8886,0
8887,0
8888,0
8889,0
8890,0
8891,0
8892,1
8893,0
8894,0
8895,0
8896,0
8897,0
8898,0
8899,1
8900,0
8901,1
8902,0
8903,0
8904,0
8905,1
8906,0
8907,0
8908,0
8909,0
8910,0
8911,0
8912,1
8913,0
8914,0
8915,0
8916,0
8917,0
8918,1
8919,0
8920,0
8921,0
8922,0
8923,0
8924,1
8925,1
8926,0
8927,0
8928,0
8929,0
8930,0
8931,0
8932,0
8933,0
8934,0
8935,0
8936,0
8937,0
8938,0
8939,0
8940,0
8941,0
8942,0
8943,0
8944,0
8945,0
8946,0
8947,0
8948,0
8949,0
8950,1
8951,0
8952,0
8953,0
8954,0
8955,0
8956,0
8957,0
8958,0
8959,0
8960,0
8961,0
8962,0
8963,0
8964,0
8965,0
8966,0
8967,0
8968,0
8969,0
8970,0
8971,0
8972,0
8973,0
8974,0
8975,0
8976,0
8977,0
8978,0
8979,0
8980,0
8981,0
8982,0
8983,0
8984,0
8985,0
8986,0
8987,0
8988,0
8989,0
8990,1
8991,1
8992,0
8993,0
8994,0
8995,0
8996,0
8997,1
8998,0
8999,0
9000,0
9001,0
9002,0
9003,0
9004,0
9005,0
9006,0
9007,0
9008,1
9009,0
9010,0
9011,0
9012,0
9013,0
9014,0
9015,0
9016,0
9017,0
9018,0
9019,0
9020,0
9021,0
9022,0
9023,0
9024,0
9025,0
9026,0
9027,0
9028,0
9029,0
9030,0
9031,0
9032,0
9033,0
9034,1
9035,0
9036,0
9037,0
9038,0
9039,0
9040,0
9041,0
9042,0
9043,1
9044,0
9045,0
9046,0
9047,0
9048,0
9049,0
9050,0
9051,0
9052,0
9053,0
9054,0
9055,0
9056,0
9057,0
9058,0
9059,1
9060,0
9061,0
9062,0
9063,0
9064,0
9065,0
9066,0
9067,0
9068,0
9069,0
9070,0
9071,0
9072,0
9073,0
9074,0
9075,0
9076,0
9077,0
9078,1
9079,0
9080,1
9081,0
9082,0
9083,0
9084,0
9085,0
9086,0
9087,0
9088,0
9089,0
9090,0
9091,0
9092,0
9093,0
9094,0
9095,0
9096,0
9097,0
9098,0
9099,0
9100,0
9101,0
9102,0
9103,0
9104,0
9105,0
9106,0
9107,0
9108,0
9109,0
9110,0
9111,0
9112,0
9113,1
9114,0
9115,0
9116,0
9117,0
9118,0
9119,0
9120,0
9121,0
9122,0
9123,0
9124,0
9125,0
9126,0
9127,0
9128,0
9129,1
9130,0
9131,0
9132,0
9133,0
9134,0
9135,0
9136,0
9137,0
9138,0
9139,0
9140,0
9141,0
9142,0
9143,0
9144,0
9145,0
9146,0
9147,0
9148,0
9149,0
9150,0
9151,0
9152,0
9153,0
9154,0
9155,0
9156,0
9157,0
9158,0
9159,0
9160,0
9161,0
9162,0
9163,0
9164,0
9165,0
9166,0
9167,1
9168,0
9169,0
9170,1
9171,0
9172,0
9173,0
9174,0
9175,0
9176,0
9177,0
9178,0
9179,1
9180,0
9181,0
9182,0
9183,0
9184,0
9185,0
9186,0
9187,0
9188,0
9189,0
9190,0
9191,1
9192,1
9193,0
9194,0
9195,0
9196,0
9197,0
9198,0
9199,0
9200,0
9201,0
9202,0
9203,1
9204,0
9205,0
9206,0
9207,0
9208,1
9209,0
9210,0
9211,0
9212,0
9213,0
9214,0
9215,0
9216,0
9217,0
9218,0
9219,0
9220,0
9221,0
9222,0
9223,0
9224,1
9225,0
9226,0
9227,0
9228,0
9229,0
9230,0
9231,0
9232,0
9233,0
9234,0
9235,0
9236,0
9237,0
9238,1
9239,0
9240,0
9241,0
9242,0
9243,0
9244,0
9245,0
9246,0
9247,0
9248,0
9249,0
9250,0
9251,0
9252,0
9253,0
9254,0
9255,0
9256,0
9257,0
9258,0
9259,1
9260,0
9261,0
9262,0
9263,0
9264,0
9265,1
9266,0
9267,0
9268,0
9269,0
9270,0
9271,0
9272,0
9273,0
9274,0
9275,0
9276,0
9277,1
9278,0
9279,0
9280,0
9281,0
9282,0
9283,0
9284,0
9285,0
9286,0
9287,0
9288,0
9289,0
9290,0
9291,0
9292,1
9293,1
9294,0
9295,1
9296,0
9297,0
9298,0
9299,0
9300,0
9301,0
9302,0
9303,0
9304,0
9305,0
9306,0
9307,0
9308,0
9309,0
9310,0
9311,0
9312,0
9313,0
9314,0
9315,0
9316,0
9317,0
9318,0
9319,0
9320,0
9321,0
9322,0
9323,0
9324,0
9325,0
9326,0
9327,0
9328,0
9329,0
9330,0
9331,0
9332,0
9333,0
9334,1
9335,0
9336,0
9337,0
9338,0
9339,0
9340,0
9341,0
9342,0
9343,0
9344,0
9345,0
9346,0
9347,0
9348,0
9349,0
9350,0
9351,0
9352,0
9353,0
9354,0
9355,0
9356,0
9357,0
9358,0
9359,0
9360,0
9361,0
9362,0
9363,0
9364,0
9365,0
9366,0
9367,0
9368,0
9369,0
9370,1
9371,0
9372,0
9373,1
9374,0
9375,0
9376,1
9377,0
9378,1
9379,0
9380,1
9381,0
9382,0
9383,1
9384,0
9385,0
9386,0
9387,0
9388,0
9389,0
9390,0
9391,1
9392,1
9393,0
9394,0
9395,0
9396,0
9397,0
9398,0
9399,0
9400,1
9401,0
9402,0
9403,0
9404,0
9405,0
9406,1
9407,0
9408,0
9409,0
9410,0
9411,0
9412,0
9413,0
9414,0
9415,0
9416,0
9417,0
9418,0
9419,0
9420,0
9421,0
9422,0
9423,0
9424,0
9425,0
9426,0
9427,0
9428,0
9429,0
9430,1
9431,1
9432,0
9433,0
9434,0
9435,1
9436,0
9437,0
9438,0
9439,0
9440,0
9441,0
9442,0
9443,1
9444,0
9445,0
9446,0
9447,0
9448,0
9449,0
9450,0
9451,0
9452,0
9453,0
9454,0
9455,0
9456,0
9457,1
9458,0
9459,1
9460,1
9461,0
9462,0
9463,0
9464,1
9465,1
9466,0
9467,0
9468,0
9469,0
9470,0
9471,0
9472,0
9473,1
9474,1
9475,0
9476,0
9477,0
9478,0
9479,0
9480,0
9481,0
9482,0
9483,0
9484,0
9485,0
9486,0
9487,0
9488,0
9489,0
9490,0
9491,0
9492,0
9493,0
9494,0
9495,0
9496,0
9497,0
9498,0
9499,0
9500,1
9501,0
9502,0
9503,0
9504,0
9505,0
9506,0
9507,0
9508,0
9509,0
9510,0
9511,0
9512,0
9513,0
9514,0
9515,0
9516,0
9517,0
9518,0
9519,0
9520,0
9521,0
9522,0
9523,0
9524,0
9525,0
9526,0
9527,1
9528,1
9529,0
9530,0
9531,0
9532,0
9533,0
9534,0
9535,0
9536,0
9537,1
9538,0
9539,0
9540,0
9541,0
9542,0
9543,0
9544,1
9545,0
9546,0
9547,0
9548,0
9549,0
9550,0
9551,0
9552,0
9553,0
9554,0
9555,0
9556,0
9557,0
9558,0
9559,0
9560,1
9561,0
9562,0
9563,0
9564,0
9565,0
9566,0
9567,0
9568,0
9569,0
9570,0
9571,0
9572,1
9573,0
9574,0
9575,0
9576,0
9577,0
9578,0
9579,1
9580,0
9581,0
9582,0
9583,0
9584,1
9585,0
9586,0
9587,0
9588,0
9589,1
9590,0
9591,0
9592,0
9593,0
9594,1
9595,0
9596,0
9597,0
9598,0
9599,0
9600,0
9601,0
9602,0
9603,0
9604,0
9605,0
9606,0
9607,0
9608,1
9609,0
9610,0
9611,0
9612,0
9613,0
9614,1
9615,0
9616,0
9617,0
9618,1
9619,1
9620,0
9621,0
9622,0
9623,0
9624,0
9625,0
9626,1
9627,0
9628,0
9629,0
9630,1
9631,1
9632,1
9633,0
9634,0
9635,0
9636,0
9637,1
9638,0
9639,0
9640,0
9641,0
9642,0
9643,0
9644,0
9645,0
9646,0
9647,0
9648,0
9649,0
9650,0
9651,0
9652,0
9653,0
9654,0
9655,0
9656,0
9657,0
9658,0
9659,0
9660,0
9661,0
9662,0
9663,1
9664,0
9665,0
9666,0
9667,0
9668,0
9669,0
9670,0
9671,0
9672,1
9673,0
9674,0
9675,0
9676,0
9677,1
9678,0
9679,0
9680,0
9681,0
9682,0
9683,0
9684,0
9685,0
9686,0
9687,0
9688,0
9689,1
9690,0
9691,0
9692,0
9693,0
9694,0
9695,0
9696,0
9697,1
9698,1
9699,0
9700,0
9701,0
9702,0
9703,0
9704,0
9705,0
9706,0
9707,0
9708,1
9709,0
9710,0
9711,0
9712,0
9713,0
9714,0
9715,0
9716,1
9717,1
9718,0
9719,0
9720,0
9721,0
9722,0
9723,0
9724,0
9725,0
9726,0
9727,0
9728,0
9729,0
9730,0
9731,1
9732,0
9733,0
9734,0
9735,1
9736,0
9737,0
9738,0
9739,0
9740,0
9741,0
9742,0
9743,0
9744,0
9745,0
9746,0
9747,0
9748,0
9749,1
9750,0
9751,0
9752,0
9753,0
9754,0
9755,0
9756,0
9757,0
9758,0
9759,0
9760,0
9761,0
9762,0
9763,0
9764,0
9765,0
9766,0
9767,0
9768,1
9769,0
9770,0
9771,0
9772,0
9773,0
9774,0
9775,1
9776,1
9777,1
9778,0
9779,0
9780,0
9781,0
9782,0
9783,0
9784,0
9785,0
9786,0
9787,0
9788,0
9789,0
9790,0
9791,0
9792,0
9793,0
9794,0
9795,0
9796,1
9797,0
9798,0
9799,0
9800,0
9801,0
9802,0
9803,0
9804,0
9805,0
9806,0
9807,0
9808,0
9809,0
9810,0
9811,0
9812,0
9813,0
9814,0
9815,0
9816,1
9817,0
9818,0
9819,1
9820,0
9821,0
9822,0
9823,1
9824,0
9825,0
9826,0
9827,0
9828,0
9829,0
9830,0
9831,0
9832,0
9833,0
9834,0
9835,0
9836,1
9837,0
9838,0
9839,0
9840,0
9841,0
9842,0
9843,0
9844,0
9845,0
9846,0
9847,0
9848,1
9849,0
9850,0
9851,0
9852,0
9853,0
9854,0
9855,0
9856,1
9857,0
9858,0
9859,0
9860,0
9861,1
9862,0
9863,1
9864,0
9865,0
9866,0
9867,0
9868,0
9869,0
9870,0
9871,0
9872,0
9873,0
9874,1
9875,0
9876,1
9877,0
9878,1
9879,0
9880,0
9881,0
9882,0
9883,0
9884,0
9885,0
9886,0
9887,0
9888,0
9889,0
9890,0
9891,0
9892,0
9893,0
9894,1
9895,0
9896,0
9897,0
9898,0
9899,0
9900,1
9901,0
9902,0
9903,0
9904,0
9905,0
9906,0
9907,0
9908,0
9909,0
9910,0
9911,0
9912,1
9913,0
9914,1
9915,1
9916,1
9917,0
9918,0
9919,1
9920,0
9921,0
9922,0
9923,0
9924,1
9925,0
9926,0
9927,0
9928,0
9929,0
9930,0
9931,0
9932,0
9933,0
9934,0
9935,1
9936,0
9937,0
9938,0
9939,0
9940,0
9941,0
9942,0
9943,0
9944,0
9945,0
9946,1
9947,0
9948,0
9949,0
9950,0
9951,0
9952,0
9953,0
9954,0
9955,1
9956,0
9957,0
9958,1
9959,0
9960,0
9961,1
9962,0
9963,0
9964,0
9965,0
9966,0
9967,0
9968,0
9969,0
9970,0
9971,0
9972,0
9973,0
9974,0
9975,0
9976,0
9977,0
9978,0
9979,0
9980,0
9981,0
9982,0
9983,0
9984,0
9985,0
9986,0
9987,0
9988,0
9989,0
9990,0
9991,0
9992,0
9993,1
9994,1
9995,0
9996,0
9997,0
9998,0
9999,0
10000,1
10001,0
10002,0
10003,0
10004,0
10005,0
10006,1
10007,1
10008,0
10009,0
10010,0
10011,0
10012,1
10013,1
10014,0
10015,0
10016,0
10017,1
10018,0
10019,0
10020,0
10021,1
10022,0
10023,0
10024,0
10025,0
10026,0
10027,0
10028,0
10029,0
10030,1
10031,0
10032,0
10033,0
10034,0
10035,0
10036,0
10037,1
10038,0
10039,0
10040,0
10041,0
10042,0
10043,0
10044,1
10045,0
10046,0
10047,0
10048,0
10049,0
10050,0
10051,0
10052,0
10053,1
10054,0
10055,0
10056,0
10057,0
10058,1
10059,0
10060,0
10061,0
10062,0
10063,0
10064,0
10065,0
10066,0
10067,0
10068,0
10069,0
10070,0
10071,1
10072,0
10073,0
10074,0
10075,0
10076,1
10077,0
10078,0
10079,1
10080,0
10081,0
10082,0
10083,0
10084,0
10085,0
10086,0
10087,0
10088,0
10089,0
10090,0
10091,0
10092,0
10093,0
10094,0
10095,0
10096,0
10097,1
10098,0
10099,0
10100,0
10101,0
10102,0
10103,0
10104,0
10105,0
10106,0
10107,0
10108,0
10109,1
10110,0
10111,0
10112,0
10113,0
10114,0
10115,0
10116,0
10117,0
10118,0
10119,0
10120,0
10121,0
10122,0
10123,0
10124,0
10125,0
10126,0
10127,0
10128,0
10129,0
10130,0
10131,0
10132,0
10133,0
10134,0
10135,0
10136,0
10137,0
10138,0
10139,0
10140,0
10141,0
10142,0
10143,0
10144,0
10145,0
10146,0
10147,0
10148,0
10149,0
10150,0
10151,0
10152,0
10153,0
10154,0
10155,0
10156,0
10157,0
10158,0
10159,0
10160,0
10161,1
10162,0
10163,0
10164,1
10165,0
10166,0
10167,0
10168,0
10169,0
10170,0
10171,0
10172,0
10173,0
10174,1
10175,0
10176,1
10177,0
10178,0
10179,0
10180,0
10181,0
10182,0
10183,0
10184,0
10185,0
10186,0
10187,0
10188,0
10189,0
10190,0
10191,0
10192,0
10193,0
10194,0
10195,0
10196,0
10197,0
10198,0
10199,0
10200,1
10201,0
10202,0
10203,0
10204,0
10205,1
10206,0
10207,0
10208,1
10209,1
10210,0
10211,0
10212,0
10213,0
10214,0
10215,1
10216,0
10217,1
10218,0
10219,0
10220,0
10221,0
10222,0
10223,0
10224,0
10225,0
10226,0
10227,0
10228,0
10229,0
10230,1
10231,0
10232,0
10233,0
10234,0
10235,0
10236,0
10237,0
10238,0
10239,0
10240,0
10241,0
10242,0
10243,0
10244,0
10245,0
10246,0
10247,0
10248,0
10249,0
10250,0
10251,0
10252,0
10253,0
10254,0
10255,0
10256,0
10257,1
10258,0
10259,0
10260,0
10261,0
10262,0
10263,0
10264,0
10265,0
10266,0
10267,1
10268,0
10269,0
10270,0
10271,1
10272,0
10273,0
10274,0
10275,0
10276,0
10277,0
10278,0
10279,1
10280,1
10281,0
10282,0
10283,0
10284,0
10285,0
10286,0
10287,0
10288,1
10289,0
10290,0
10291,0
10292,0
10293,0
10294,0
10295,0
10296,0
10297,1
10298,0
10299,0
10300,0
10301,0
10302,0
10303,0
10304,0
10305,0
10306,0
10307,0
10308,0
10309,0
10310,1
10311,0
10312,0
10313,0
10314,0
10315,0
10316,0
10317,0
10318,0
10319,0
10320,0
10321,0
10322,0
10323,0
10324,0
10325,0
10326,1
10327,0
10328,0
10329,0
10330,0
10331,0
10332,0
10333,0
10334,0
10335,0
10336,0
10337,0
10338,0
10339,0
10340,0
10341,0
10342,0
10343,0
10344,0
10345,0
10346,1
10347,1
10348,0
10349,0
10350,0
10351,0
10352,0
10353,0
10354,0
10355,0
10356,0
10357,0
10358,0
10359,0
10360,0
10361,0
10362,0
10363,0
10364,0
10365,0
10366,0
10367,0
10368,0
10369,1
10370,0
10371,0
10372,1
10373,0
10374,0
10375,0
10376,0
10377,0
10378,0
10379,0
10380,0
10381,1
10382,0
10383,0
10384,0
10385,0
10386,0
10387,0
10388,0
10389,0
10390,0
10391,0
10392,0
10393,0
10394,0
10395,0
10396,0
10397,0
10398,0
10399,0
10400,0
10401,0
10402,1
10403,0
10404,0
10405,0
10406,0
10407,0
10408,0
10409,0
10410,0
10411,1
10412,1
10413,0
10414,1
10415,0
10416,0
10417,0
10418,0
10419,0
10420,0
10421,1
10422,0
10423,0
10424,0
10425,0
10426,0
10427,0
10428,1
10429,0
10430,0
10431,0
10432,0
10433,0
10434,0
10435,0
10436,0
10437,0
10438,0
10439,0
10440,1
10441,0
10442,0
10443,0
10444,0
10445,0
10446,0
10447,0
10448,0
10449,0
10450,0
10451,0
10452,0
10453,0
10454,0
10455,0
10456,0
10457,1
10458,0
10459,0
10460,0
10461,0
10462,0
10463,0
10464,1
10465,0
10466,0
10467,0
10468,1
10469,0
10470,0
10471,1
10472,0
10473,0
10474,0
10475,0
10476,0
10477,0
10478,0
10479,0
10480,0
10481,0
10482,0
10483,0
10484,0
10485,0
10486,0
10487,0
10488,1
10489,0
10490,0
10491,0
10492,0
10493,0
10494,0
10495,0
10496,0
10497,0
10498,0
10499,0
10500,0
10501,0
10502,0
10503,0
10504,1
10505,0
10506,0
10507,0
10508,0
10509,0
10510,0
10511,1
10512,0
10513,0
10514,0
10515,0
10516,0
10517,0
10518,0
10519,0
10520,0
10521,0
10522,0
10523,0
10524,0
10525,0
10526,0
10527,0
10528,0
10529,0
10530,0
10531,0
10532,0
10533,1
10534,0
10535,0
10536,0
10537,0
10538,0
10539,0
10540,0
10541,0
10542,0
10543,0
10544,0
10545,0
10546,0
10547,0
10548,0
10549,0
10550,1
10551,0
10552,0
10553,0
10554,0
10555,0
10556,0
10557,0
10558,0
10559,0
10560,0
10561,0
10562,0
10563,0
10564,1
10565,0
10566,0
10567,0
10568,0
10569,0
10570,0
10571,0
10572,0
10573,0
10574,0
10575,0
10576,0
10577,0
10578,0
10579,0
10580,0
10581,0
10582,0
10583,0
10584,1
10585,0
10586,0
10587,0
10588,0
10589,0
10590,0
10591,0
10592,0
10593,0
10594,0
10595,1
10596,1
10597,1
10598,0
10599,0
10600,0
10601,0
10602,1
10603,0
10604,0
10605,0
10606,0
10607,0
10608,0
10609,0
10610,0
10611,0
10612,0
10613,0
10614,0
10615,0
10616,0
10617,0
10618,0
10619,0
10620,0
10621,0
10622,0
10623,1
10624,0
10625,0
10626,0
10627,1
10628,0
10629,1
10630,0
10631,0
10632,0
10633,0
10634,0
10635,0
10636,0
10637,0
10638,0
10639,0
10640,0
10641,0
10642,1
10643,0
10644,0
10645,0
10646,0
10647,0
10648,0
10649,0
10650,0
10651,0
10652,0
10653,0
10654,1
10655,0
10656,0
10657,0
10658,0
10659,0
10660,0
10661,0
10662,0
10663,0
10664,0
10665,0
10666,1
10667,0
10668,0
10669,0
10670,0
10671,0
10672,0
10673,0
10674,0
10675,0
10676,0
10677,0
10678,1
10679,0
10680,0
10681,0
10682,0
10683,0
10684,0
10685,0
10686,0
10687,0
10688,0
10689,1
10690,0
10691,0
10692,0
10693,0
10694,0
10695,1
10696,0
10697,0
10698,0
10699,0
10700,0
10701,0
10702,0
10703,0
10704,0
10705,0
10706,1
10707,0
10708,0
10709,0
10710,0
10711,1
10712,0
10713,0
10714,0
10715,1
10716,0
10717,0
10718,0
10719,1
10720,1
10721,1
10722,0
10723,1
10724,0
10725,0
10726,0
10727,1
10728,1
10729,1
10730,1
10731,0
10732,0
10733,0
10734,0
10735,0
10736,0
10737,0
10738,0
10739,0
10740,0
10741,0
10742,0
10743,1
10744,1
10745,0
10746,0
10747,0
10748,0
10749,0
10750,0
10751,0
10752,0
10753,0
10754,1
10755,0
10756,0
10757,0
10758,0
10759,0
10760,0
10761,0
10762,0
10763,0
10764,0
10765,0
10766,0
10767,0
10768,0
10769,0
10770,0
10771,0
10772,0
10773,0
10774,0
10775,0
10776,0
10777,1
10778,0
10779,0
10780,0
10781,0
10782,1
10783,0
10784,0
10785,0
10786,0
10787,1
10788,0
10789,0
10790,0
10791,0
10792,0
10793,0
10794,1
10795,1
10796,0
10797,0
10798,0
10799,0
10800,0
10801,0
10802,0
10803,0
10804,0
10805,0
10806,0
10807,1
10808,0
10809,0
10810,0
10811,0
10812,0
10813,0
10814,0
10815,0
10816,0
10817,0
10818,0
10819,1
10820,0
10821,0
10822,0
10823,1
10824,0
10825,0
10826,0
10827,0
10828,0
10829,0
10830,1
10831,0
10832,0
10833,0
10834,0
10835,0
10836,0
10837,0
10838,0
10839,0
10840,0
10841,0
10842,0
10843,1
10844,0
10845,0
10846,0
10847,0
10848,0
10849,1
10850,1
10851,0
10852,0
10853,0
10854,0
10855,0
10856,0
10857,0
10858,0
10859,0
10860,0
10861,0
10862,0
10863,0
10864,0
10865,0
10866,0
10867,0
10868,0
10869,0
10870,0
10871,0
10872,0
10873,0
10874,0
10875,0
10876,1
10877,0
10878,0
10879,0
10880,0
10881,0
10882,0
10883,1
10884,0
10885,0
10886,0
10887,0
10888,0
10889,0
10890,0
10891,1
10892,0
10893,0
10894,0
10895,1
10896,1
10897,0
10898,0
10899,0
10900,0
10901,1
10902,0
10903,0
10904,0
10905,1
10906,0
10907,0
10908,0
10909,0
10910,0
10911,1
10912,0
10913,0
10914,1
10915,0
10916,0
10917,0
10918,0
10919,0
10920,0
10921,0
10922,0
10923,1
10924,0
10925,0
10926,0
10927,0
10928,0
10929,0
10930,0
10931,1
10932,0
10933,0
10934,0
10935,0
10936,0
10937,0
10938,0
10939,0
10940,0
10941,0
10942,0
10943,0
10944,0
10945,0
10946,0
10947,1
10948,0
10949,0
10950,1
10951,0
10952,0
10953,0
10954,0
10955,0
10956,0
10957,0
10958,0
10959,0
10960,0
10961,0
10962,0
10963,0
10964,0
10965,1
10966,0
10967,0
10968,0
10969,1
10970,0
10971,0
10972,0
10973,0
10974,0
10975,1
10976,0
10977,0
10978,0
10979,0
10980,0
10981,1
10982,0
10983,1
10984,0
10985,1
10986,0
10987,0
10988,0
10989,0
10990,0
10991,0
10992,0
10993,0
10994,0
10995,1
10996,0
10997,0
10998,0
10999,0
11000,0
11001,0
11002,0
11003,0
11004,0
11005,0
11006,0
11007,0
11008,0
11009,0
11010,0
11011,0
11012,0
11013,1
11014,0
11015,0
11016,0
11017,0
11018,1
11019,0
11020,0
11021,0
11022,0
11023,0
11024,1
11025,0
11026,0
11027,0
11028,0
11029,0
11030,0
11031,0
11032,0
11033,0
11034,0
11035,0
11036,0
11037,1
11038,0
11039,0
11040,0
11041,0
11042,0
11043,0
11044,0
11045,0
11046,0
11047,0
11048,0
11049,0
11050,0
11051,0
11052,0
11053,0
11054,0
11055,0
11056,0
11057,0
11058,1
11059,0
11060,1
11061,0
11062,0
11063,1
11064,0
11065,1
11066,0
11067,0
11068,0
11069,0
11070,0
11071,0
11072,0
11073,0
11074,0
11075,0
11076,1
11077,0
11078,0
11079,0
11080,0
11081,0
11082,0
11083,0
11084,0
11085,0
11086,0
11087,0
11088,0
11089,0
11090,0
11091,0
11092,0
11093,0
11094,0
11095,1
11096,1
11097,0
11098,0
11099,0
11100,1
11101,0
11102,1
11103,0
11104,0
11105,0
11106,0
11107,0
11108,0
11109,0
11110,0
11111,0
11112,1
11113,0
11114,0
11115,1
11116,0
11117,1
11118,0
11119,0
11120,0
11121,0
11122,0
11123,0
11124,0
11125,0
11126,0
11127,0
11128,1
11129,0
11130,0
11131,0
11132,0
11133,0
11134,0
11135,1
11136,0
11137,0
11138,0
11139,0
11140,0
11141,0
11142,0
11143,0
11144,0
11145,0
11146,0
11147,0
11148,0
11149,0
11150,1
11151,1
11152,0
11153,1
11154,0
11155,0
11156,1
11157,0
11158,0
11159,0
11160,0
11161,0
11162,1
11163,1
11164,0
11165,1
11166,0
11167,0
11168,0
11169,1
11170,0
11171,0
11172,0
11173,0
11174,0
11175,0
11176,0
11177,0
11178,0
11179,0
11180,0
11181,0
11182,0
11183,0
11184,0
11185,1
11186,0
11187,0
11188,0
11189,0
11190,0
11191,0
11192,0
11193,0
11194,0
11195,0
11196,1
11197,0
11198,0
11199,0
11200,0
11201,0
11202,0
11203,0
11204,0
11205,0
11206,1
11207,0
11208,0
11209,0
11210,1
11211,0
11212,0
11213,0
11214,0
11215,0
11216,0
11217,0
11218,0
11219,0
11220,0
11221,1
11222,0
11223,0
11224,0
11225,0
11226,1
11227,0
11228,0
11229,0
11230,0
11231,0
11232,0
11233,0
11234,0
11235,0
11236,0
11237,0
11238,0
11239,0
11240,1
11241,0
11242,0
11243,0
11244,0
11245,0
11246,0
11247,0
11248,0
11249,0
11250,0
11251,0
11252,0
11253,0
11254,0
11255,0
11256,0
11257,0
11258,0
11259,1
11260,0
11261,0
11262,0
11263,1
11264,0
11265,0
11266,0
11267,0
11268,0
11269,1
11270,0
11271,0
11272,0
11273,0
11274,0
11275,0
11276,0
11277,0
11278,0
11279,0
11280,1
11281,0
11282,0
11283,0
11284,0
11285,0
11286,0
11287,0
11288,0
11289,0
11290,0
11291,0
11292,1
11293,0
11294,0
11295,0
11296,0
11297,0
11298,0
11299,0
11300,0
11301,0
11302,0
11303,1
11304,1
11305,0
11306,0
11307,0
11308,0
11309,0
11310,0
11311,0
11312,0
11313,0
11314,0
11315,0
11316,1
11317,0
11318,1
11319,0
11320,0
11321,0
11322,0
11323,0
11324,0
11325,0
11326,0
11327,0
11328,0
11329,0
11330,0
11331,0
11332,0
11333,0
11334,0
11335,0
11336,0
11337,0
11338,1
11339,0
11340,0
11341,0
11342,1
11343,1
11344,0
11345,0
11346,0
11347,1
11348,0
11349,0
11350,0
11351,0
11352,1
11353,0
11354,0
11355,0
11356,0
11357,0
11358,0
11359,0
11360,0
11361,0
11362,1
11363,0
11364,0
11365,0
11366,0
11367,0
11368,0
11369,0
11370,0
11371,0
11372,1
11373,1
11374,0
11375,0
11376,0
11377,1
11378,0
11379,0
11380,1
11381,1
11382,0
11383,0
11384,0
11385,0
11386,0
11387,0
11388,0
11389,0
11390,1
11391,0
11392,0
11393,1
11394,0
11395,0
11396,0
11397,0
11398,0
11399,0
11400,0
11401,0
11402,0
11403,0
11404,0
11405,0
11406,0
11407,0
11408,0
11409,0
11410,0
11411,0
11412,1
11413,0
11414,1
11415,0
11416,0
11417,0
11418,0
11419,0
11420,0
11421,0
11422,0
11423,0
11424,1
11425,0
11426,0
11427,0
11428,0
11429,0
11430,0
11431,0
11432,0
11433,0
11434,0
11435,0
11436,0
11437,0
11438,0
11439,0
11440,0
11441,0
11442,0
11443,1
11444,0
11445,0
11446,0
11447,0
11448,1
11449,0
11450,1
11451,0
11452,0
11453,1
11454,0
11455,0
11456,0
11457,0
11458,0
11459,1
11460,0
11461,0
11462,0
11463,0
11464,0
11465,0
11466,0
11467,0
11468,0
11469,0
11470,1
11471,0
11472,1
11473,0
11474,0
11475,0
11476,0
11477,1
11478,0
11479,0
11480,0
11481,0
11482,0
11483,0
11484,0
11485,0
11486,0
11487,0
11488,0
11489,0
11490,1
11491,1
11492,0
11493,0
11494,1
11495,0
11496,0
11497,0
11498,0
11499,1
11500,0
11501,0
11502,1
11503,0
11504,0
11505,0
11506,0
11507,1
11508,0
11509,0
11510,0
11511,0
11512,0
11513,0
11514,0
11515,0
11516,0
11517,0
11518,0
11519,0
11520,0
11521,0
11522,0
11523,0
11524,0
11525,0
11526,0
11527,0
11528,1
11529,0
11530,1
11531,1
11532,0
11533,0
11534,0
11535,0
11536,0
11537,0
11538,1
11539,0
11540,0
11541,0
11542,0
11543,0
11544,1
11545,0
11546,0
11547,0
11548,0
11549,0
11550,0
11551,0
11552,0
11553,0
11554,0
11555,0
11556,0
11557,0
11558,0
11559,0
11560,0
11561,0
11562,0
11563,0
11564,0
11565,0
11566,0
11567,0
11568,0
11569,0
11570,1
11571,0
11572,0
11573,0
11574,0
11575,0
11576,0
11577,0
11578,1
11579,1
11580,0
11581,0
11582,1
11583,0
11584,0
11585,0
11586,0
11587,0
11588,0
11589,0
11590,0
11591,0
11592,0
11593,0
11594,0
11595,0
11596,0
11597,0
11598,0
11599,0
11600,0
11601,0
11602,0
11603,0
11604,0
11605,0
11606,1
11607,0
11608,0
11609,0
11610,0
11611,0
11612,0
11613,1
11614,0
11615,0
11616,0
11617,0
11618,0
11619,1
11620,0
11621,0
11622,0
11623,0
11624,0
11625,1
11626,0
11627,1
11628,0
11629,0
11630,0
11631,0
11632,0
11633,0
11634,0
11635,0
11636,0
11637,0
11638,0
11639,0
11640,0
11641,0
11642,0
11643,0
11644,0
11645,0
11646,0
11647,0
11648,0
11649,0
11650,0
11651,0
11652,0
11653,0
11654,0
11655,0
11656,0
11657,1
11658,0
11659,1
11660,1
11661,1
11662,1
11663,0
11664,0
11665,0
11666,0
11667,0
11668,0
11669,0
11670,0
11671,1
11672,0
11673,0
11674,1
11675,0
11676,0
11677,0
11678,0
11679,0
11680,0
11681,0
11682,0
11683,0
11684,0
11685,0
11686,1
11687,0
11688,0
11689,0
11690,0
11691,0
11692,0
11693,0
11694,1
11695,0
11696,0
11697,1
11698,0
11699,0
11700,0
11701,0
11702,0
11703,0
11704,0
11705,0
11706,1
11707,0
11708,0
11709,1
11710,0
11711,0
11712,0
11713,0
11714,0
11715,0
11716,0
11717,0
11718,0
11719,0
11720,0
11721,0
11722,0
11723,0
11724,0
11725,0
11726,1
11727,0
11728,0
11729,0
11730,1
11731,0
11732,0
11733,0
11734,0
11735,0
11736,0
11737,0
11738,0
11739,0
11740,0
11741,0
11742,0
11743,0
11744,1
11745,0
11746,0
11747,0
11748,0
11749,0
11750,0
11751,0
11752,0
11753,0
11754,0
11755,0
11756,0
11757,0
11758,0
11759,0
11760,0
11761,0
11762,0
11763,0
11764,0
11765,0
11766,0
11767,0
11768,0
11769,0
11770,0
11771,1
11772,0
11773,0
11774,0
11775,0
11776,0
11777,0
11778,0
11779,1
11780,0
11781,0
11782,0
11783,0
11784,0
11785,0
11786,0
11787,0
11788,0
11789,0
11790,0
11791,0
11792,0
11793,0
11794,0
11795,0
11796,0
11797,0
11798,0
11799,0
11800,0
11801,0
11802,0
11803,0
11804,0
11805,0
11806,1
11807,0
11808,0
11809,0
11810,1
11811,0
11812,0
11813,0
11814,1
11815,1
11816,0
11817,0
11818,0
11819,0
11820,0
11821,0
11822,0
11823,0
11824,0
11825,0
11826,0
11827,0
11828,1
11829,1
11830,0
11831,0
11832,0
11833,0
11834,0
11835,0
11836,0
11837,0
11838,0
11839,0
11840,0
11841,0
11842,0
11843,0
11844,0
11845,0
11846,0
11847,1
11848,1
11849,0
11850,0
11851,0
11852,1
11853,1
11854,0
11855,0
11856,0
11857,0
11858,0
11859,0
11860,0
11861,0
11862,0
11863,0
11864,0
11865,1
11866,0
11867,0
11868,0
11869,0
11870,0
11871,0
11872,0
11873,1
11874,0
11875,0
11876,0
11877,1
11878,0
11879,0
11880,0
11881,1
11882,0
11883,0
11884,0
11885,0
11886,0
11887,0
11888,0
11889,0
11890,0
11891,0
11892,0
11893,0
11894,0
11895,0
11896,0
11897,0
11898,0
11899,0
11900,0
11901,0
11902,0
11903,0
11904,0
11905,0
11906,0
11907,0
11908,1
11909,0
11910,0
11911,0
11912,1
11913,1
11914,0
11915,0
11916,0
11917,0
11918,0
11919,0
11920,0
11921,0
11922,0
11923,0
11924,0
11925,0
11926,0
11927,0
11928,0
11929,0
11930,1
11931,0
11932,0
11933,0
11934,1
11935,0
11936,0
11937,0
11938,0
11939,0
11940,0
11941,0
11942,0
11943,0
11944,0
11945,0
11946,0
11947,0
11948,0
11949,1
11950,0
11951,0
11952,1
11953,0
11954,0
11955,0
11956,0
11957,0
11958,0
11959,0
11960,0
11961,0
11962,0
11963,0
11964,0
11965,0
11966,1
11967,0
11968,0
11969,0
11970,0
11971,1
11972,0
11973,0
11974,0
11975,0
11976,0
11977,0
11978,0
11979,0
11980,0
11981,0
11982,0
11983,0
11984,1
11985,0
11986,0
11987,0
11988,0
11989,0
11990,0
11991,0
11992,0
11993,0
11994,1
11995,0
11996,0
11997,0
11998,0
11999,0
12000,0
12001,0
12002,0
12003,0
12004,0
12005,0
12006,0
12007,0
12008,0
12009,0
12010,0
12011,0
12012,0
12013,0
12014,0
12015,0
12016,0
12017,0
12018,0
12019,0
12020,0
12021,0
12022,0
12023,0
12024,0
12025,0
12026,0
12027,0
12028,0
12029,1
12030,0
12031,0
12032,0
12033,0
12034,1
12035,0
12036,0
12037,0
12038,0
12039,0
12040,0
12041,0
12042,0
12043,0
12044,0
12045,0
12046,1
12047,0
12048,0
12049,1
12050,0
12051,0
12052,0
12053,1
12054,0
12055,0
12056,1
12057,0
12058,0
12059,0
12060,1
12061,1
12062,0
12063,0
12064,0
12065,0
12066,0
12067,0
12068,0
12069,0
12070,1
12071,0
12072,0
12073,0
12074,0
12075,0
12076,0
12077,0
12078,0
12079,0
12080,0
12081,0
12082,0
12083,0
12084,0
12085,0
12086,0
12087,0
12088,0
12089,0
12090,0
12091,0
12092,1
12093,0
12094,0
12095,0
12096,1
12097,0
12098,0
12099,0
12100,0
12101,0
12102,0
12103,0
12104,0
12105,0
12106,0
12107,0
12108,0
12109,1
12110,0
12111,0
12112,0
12113,0
12114,0
12115,0
12116,0
12117,0
12118,1
12119,0
12120,0
12121,0
12122,0
12123,0
12124,0
12125,0
12126,1
12127,1
12128,0
12129,0
12130,0
12131,0
12132,0
12133,0
12134,0
12135,0
12136,0
12137,0
12138,1
12139,0
12140,0
12141,0
12142,0
12143,0
12144,0
12145,0
12146,0
12147,1
12148,0
12149,0
12150,0
12151,0
12152,1
12153,0
12154,0
12155,0
12156,0
12157,1
12158,0
12159,0
12160,0
12161,0
12162,0
12163,0
12164,0
12165,1
12166,0
12167,1
12168,0
12169,1
12170,0
12171,0
12172,0
12173,0
12174,0
12175,0
12176,0
12177,0
12178,0
12179,0
12180,0
12181,0
12182,0
12183,0
12184,0
12185,1
12186,0
12187,0
12188,0
12189,0
12190,0
12191,0
12192,0
12193,0
12194,1
12195,1
12196,1
12197,0
12198,0
12199,0
12200,0
12201,0
12202,0
12203,0
12204,0
12205,0
12206,0
12207,0
12208,0
12209,0
12210,0
12211,0
12212,0
12213,0
12214,0
12215,0
12216,0
12217,0
12218,0
12219,0
12220,0
12221,0
12222,0
12223,0
12224,0
12225,0
12226,0
12227,0
12228,0
12229,0
12230,0
12231,0
12232,0
12233,0
12234,0
12235,0
12236,0
12237,0
12238,0
12239,1
12240,0
12241,0
12242,1
12243,0
12244,0
12245,0
12246,0
12247,0
12248,1
12249,0
12250,0
12251,0
12252,1
12253,0
12254,0
12255,0
12256,1
12257,0
12258,0
12259,0
12260,1
12261,0
12262,0
12263,0
12264,1
12265,0
12266,0
12267,0
12268,0
12269,0
12270,0
12271,0
12272,0
12273,0
12274,1
12275,0
12276,0
12277,0
12278,0
12279,0
12280,0
12281,0
12282,0
12283,0
12284,0
12285,0
12286,0
12287,0
12288,0
12289,0
12290,1
12291,0
12292,0
12293,0
12294,0
12295,0
12296,1
12297,1
12298,0
12299,0
12300,0
12301,1
12302,0
12303,0
12304,0
12305,0
12306,0
12307,0
12308,0
12309,1
12310,0
12311,0
12312,0
12313,0
12314,0
12315,0
12316,0
12317,0
12318,0
12319,0
12320,0
12321,0
12322,0
12323,0
12324,0
12325,0
12326,0
12327,0
12328,0
12329,0
12330,0
12331,0
12332,0
12333,0
12334,0
12335,0
12336,0
12337,0
12338,1
12339,0
12340,0
12341,0
12342,0
12343,0
12344,0
12345,0
12346,0
12347,0
12348,0
12349,0
12350,0
12351,0
12352,0
12353,0
12354,1
12355,0
12356,0
12357,0
12358,0
12359,0
12360,0
12361,0
12362,0
12363,0
12364,0
12365,0
12366,0
12367,0
12368,0
12369,0
12370,0
12371,0
12372,0
12373,0
12374,0
12375,0
12376,0
12377,1
12378,1
12379,0
12380,0
12381,0
12382,0
12383,0
12384,0
12385,1
12386,1
12387,0
12388,0
12389,0
12390,0
12391,0
12392,0
12393,0
12394,0
12395,0
12396,0
12397,0
12398,1
12399,0
12400,0
12401,0
12402,1
12403,1
12404,1
12405,0
12406,0
12407,0
12408,0
12409,1
12410,0
12411,0
12412,0
12413,0
12414,0
12415,0
12416,0
12417,0
12418,0
12419,0
12420,0
12421,0
12422,0
12423,0
12424,0
12425,0
12426,0
12427,0
12428,0
12429,1
12430,0
12431,0
12432,0
12433,0
12434,0
12435,0
12436,0
12437,0
12438,0
12439,0
12440,0
12441,0
12442,0
12443,0
12444,0
12445,0
12446,0
12447,0
12448,0
12449,0
12450,1
12451,0
12452,0
12453,0
12454,0
12455,0
12456,0
12457,0
12458,0
12459,0
12460,0
12461,0
12462,0
12463,0
12464,0
12465,0
12466,0
12467,1
12468,0
12469,0
12470,0
12471,0
12472,0
12473,0
12474,0
12475,0
12476,0
12477,0
12478,0
12479,1
12480,0
12481,0
12482,0
12483,0
12484,0
12485,1
12486,1
12487,0
12488,0
12489,0
12490,0
12491,0
12492,0
12493,1
12494,0
12495,0
12496,0
12497,0
12498,0
12499,0
12500,0
12501,0
12502,0
12503,0
12504,0
12505,0
12506,0
12507,0
12508,0
12509,0
12510,0
12511,0
12512,0
12513,0
12514,0
12515,0
12516,1
12517,0
12518,0
12519,0
12520,0
12521,0
12522,0
12523,1
12524,0
12525,0
12526,0
12527,0
12528,0
12529,0
12530,0
12531,0
12532,0
12533,0
12534,0
12535,0
12536,0
12537,0
12538,0
12539,0
12540,0
12541,0
12542,0
12543,0
12544,1
12545,0
12546,1
12547,0
12548,0
12549,1
12550,0
12551,0
12552,0
12553,0
12554,0
12555,0
12556,0
12557,0
12558,0
12559,0
12560,0
12561,0
12562,0
12563,0
12564,0
12565,0
12566,0
12567,0
12568,0
12569,0
12570,0
12571,0
12572,0
12573,0
12574,0
12575,0
12576,0
12577,0
12578,0
12579,0
12580,0
12581,0
12582,0
12583,0
12584,0
12585,0
12586,0
12587,1
12588,0
12589,0
12590,0
12591,1
12592,0
12593,0
12594,0
12595,0
12596,0
12597,0
12598,0
12599,0
12600,0
12601,0
12602,0
12603,1
12604,0
12605,0
12606,0
12607,0
12608,0
12609,0
12610,0
12611,1
12612,0
12613,0
12614,0
12615,0
12616,0
12617,0
12618,0
12619,1
12620,0
12621,0
12622,0
12623,0
12624,0
12625,0
12626,0
12627,0
12628,0
12629,0
12630,0
12631,0
12632,0
12633,1
12634,0
12635,0
12636,0
12637,0
12638,0
12639,0
12640,0
12641,0
12642,0
12643,0
12644,0
12645,0
12646,0
12647,0
12648,1
12649,0
12650,0
12651,0
12652,0
12653,0
12654,0
12655,0
12656,0
12657,0
12658,0
12659,0
12660,0
12661,0
12662,0
12663,0
12664,0
12665,0
12666,0
12667,0
12668,0
12669,0
12670,0
12671,0
12672,1
12673,0
12674,0
12675,0
12676,0
12677,0
12678,0
12679,1
12680,0
12681,0
12682,0
12683,0
12684,0
12685,0
12686,0
12687,0
12688,0
12689,0
12690,0
12691,0
12692,0
12693,0
12694,0
12695,1
12696,0
12697,0
12698,0
12699,0
12700,0
12701,0
12702,0
12703,1
12704,0
12705,0
12706,0
12707,0
12708,0
12709,0
12710,0
12711,0
12712,1
12713,0
12714,0
12715,0
12716,0
12717,0
12718,0
12719,0
12720,0
12721,0
12722,0
12723,0
12724,0
12725,0
12726,0
12727,0
12728,0
12729,0
12730,0
12731,1
12732,0
12733,0
12734,0
12735,0
12736,0
12737,0
12738,0
12739,0
12740,0
12741,0
12742,0
12743,0
12744,0
12745,0
12746,0
12747,0
12748,0
12749,0
12750,1
12751,0
12752,0
12753,0
12754,0
12755,0
12756,0
12757,0
12758,0
12759,0
12760,0
12761,0
12762,0
12763,0
12764,0
12765,1
12766,0
12767,0
12768,0
12769,0
12770,0
12771,0
12772,0
12773,0
12774,0
12775,0
12776,1
12777,0
12778,0
12779,0
12780,0
12781,0
12782,1
12783,0
12784,0
12785,0
12786,1
12787,0
12788,0
12789,0
12790,0
12791,0
12792,0
12793,0
12794,0
12795,0
12796,0
12797,0
12798,0
12799,0
12800,0
12801,0
12802,0
12803,0
12804,0
12805,1
12806,0
12807,0
12808,0
12809,0
12810,1
12811,0
12812,0
12813,0
12814,0
12815,1
12816,0
12817,0
12818,0
12819,1
12820,0
12821,1
12822,0
12823,0
12824,0
12825,0
12826,0
12827,0
12828,0
12829,0
12830,1
12831,0
12832,0
12833,0
12834,0
12835,0
12836,0
12837,0
12838,0
12839,0
12840,0
12841,0
12842,0
12843,1
12844,0
12845,0
12846,0
12847,0
12848,0
12849,0
12850,0
12851,0
12852,0
12853,0
12854,0
12855,0
12856,0
12857,0
12858,0
12859,0
12860,1
12861,0
12862,0
12863,0
12864,0
12865,0
12866,0
12867,0
12868,0
12869,0
12870,0
12871,0
12872,0
12873,0
12874,0
12875,0
12876,1
12877,0
12878,0
12879,0
12880,0
12881,1
12882,0
12883,0
12884,1
12885,1
12886,0
12887,0
12888,0
12889,0
12890,0
12891,0
12892,1
12893,0
12894,0
12895,0
12896,0
12897,0
12898,1
12899,0
12900,0
12901,0
12902,1
12903,0
12904,0
12905,0
12906,0
12907,1
12908,0
12909,0
12910,0
12911,0
12912,0
12913,0
12914,0
12915,0
12916,0
12917,0
12918,0
12919,0
12920,0
12921,1
12922,0
12923,1
12924,0
12925,0
12926,0
12927,0
12928,0
12929,0
12930,0
12931,0
12932,0
12933,0
12934,0
12935,0
12936,0
12937,1
12938,0
12939,0
12940,0
12941,1
12942,0
12943,0
12944,0
12945,1
12946,0
12947,0
12948,0
12949,1
12950,0
12951,0
12952,0
12953,0
12954,0
12955,0
12956,0
12957,0
12958,0
12959,0
12960,0
12961,1
12962,0
12963,0
12964,1
12965,0
12966,0
12967,0
12968,0
12969,0
12970,0
12971,0
12972,0
12973,0
12974,0
12975,0
12976,0
12977,0
12978,0
12979,0
12980,0
12981,0
12982,0
12983,0
12984,1
12985,0
12986,0
12987,0
12988,0
12989,0
12990,0
12991,0
12992,0
12993,1
12994,1
12995,1
12996,1
12997,0
12998,0
12999,0
13000,1
13001,1
13002,0
13003,0
13004,1
13005,0
13006,1
13007,0
13008,0
13009,0
13010,0
13011,0
13012,1
13013,0
13014,0
13015,0
13016,0
13017,0
13018,0
13019,0
13020,0
13021,0
13022,0
13023,0
13024,0
13025,0
13026,0
13027,1
13028,0
13029,0
13030,0
13031,0
13032,0
13033,0
13034,0
13035,0
13036,0
13037,0
13038,0
13039,0
13040,0
13041,0
13042,0
13043,1
13044,0
13045,0
13046,0
13047,0
13048,0
13049,0
13050,0
13051,1
13052,0
13053,0
13054,0
13055,0
13056,0
13057,0
13058,0
13059,0
13060,0
13061,0
13062,0
13063,0
13064,0
13065,0
13066,0
13067,1
13068,0
13069,0
13070,0
13071,0
13072,0
13073,0
13074,0
13075,0
13076,0
13077,0
13078,1
13079,0
13080,0
13081,0
13082,0
13083,0
13084,0
13085,0
13086,0
13087,0
13088,0
13089,0
13090,0
13091,0
13092,0
13093,0
13094,0
13095,0
13096,0
13097,0
13098,1
13099,0
13100,0
13101,1
13102,0
13103,0
13104,0
13105,0
13106,0
13107,0
13108,0
13109,0
13110,0
13111,0
13112,0
13113,0
13114,0
13115,0
13116,0
13117,0
13118,0
13119,0
13120,0
13121,0
13122,1
13123,0
13124,0
13125,0
13126,0
13127,0
13128,0
13129,0
13130,0
13131,0
13132,0
13133,1
13134,0
13135,0
13136,0
13137,0
13138,0
13139,1
13140,0
13141,0
13142,0
13143,0
13144,0
13145,0
13146,0
13147,0
13148,0
13149,0
13150,0
13151,0
13152,0
13153,0
13154,0
13155,0
13156,0
13157,0
13158,0
13159,0
13160,0
13161,0
13162,1
13163,0
13164,1
13165,0
13166,0
13167,0
13168,0
13169,0
13170,0
13171,0
13172,0
13173,1
13174,0
13175,0
13176,0
13177,0
13178,0
13179,0
13180,0
13181,0
13182,0
13183,0
13184,0
13185,0
13186,0
13187,1
13188,0
13189,0
13190,0
13191,1
13192,0
13193,0
13194,0
13195,0
13196,0
13197,0
13198,0
13199,1
13200,1
13201,0
13202,0
13203,1
13204,0
13205,0
13206,0
13207,1
13208,1
13209,0
13210,0
13211,0
13212,0
13213,0
13214,1
13215,0
13216,0
13217,0
13218,0
13219,0
13220,1
13221,0
13222,0
13223,0
13224,0
13225,0
13226,1
13227,0
13228,0
13229,0
13230,0
13231,0
13232,0
13233,0
13234,0
13235,0
13236,0
13237,0
13238,0
13239,0
13240,0
13241,0
13242,0
13243,0
13244,0
13245,1
13246,0
13247,0
13248,0
13249,0
13250,0
13251,0
13252,1
13253,0
13254,0
13255,0
13256,0
13257,0
13258,0
13259,0
13260,0
13261,0
13262,1
13263,0
13264,0
13265,0
13266,1
13267,0
13268,0
13269,0
13270,0
13271,0
13272,0
13273,0
13274,0
13275,0
13276,0
13277,0
13278,0
13279,0
13280,1
13281,0
13282,0
13283,0
13284,0
13285,0
13286,0
13287,0
13288,0
13289,0
13290,0
13291,0
13292,0
13293,0
13294,1
13295,0
13296,0
13297,0
13298,0
13299,1
13300,0
13301,0
13302,0
13303,0
13304,0
13305,0
13306,0
13307,0
13308,0
13309,0
13310,0
13311,0
13312,0
13313,1
13314,1
13315,0
13316,0
13317,0
13318,0
13319,0
13320,1
13321,1
13322,1
13323,0
13324,0
13325,0
13326,1
13327,0
13328,0
13329,0
13330,0
13331,0
13332,0
13333,0
13334,0
13335,0
13336,0
13337,0
13338,0
13339,0
13340,0
13341,0
13342,0
13343,1
13344,0
13345,0
13346,0
13347,0
13348,0
13349,0
13350,0
13351,0
13352,0
13353,0
13354,0
13355,1
13356,0
13357,0
13358,0
13359,1
13360,1
13361,0
13362,0
13363,0
13364,0
13365,0
13366,0
13367,0
13368,0
13369,1
13370,0
13371,0
13372,0
13373,0
13374,1
13375,0
13376,0
13377,0
13378,1
13379,0
13380,0
13381,0
13382,1
13383,0
13384,0
13385,0
13386,0
13387,0
13388,0
13389,1
13390,0
13391,0
13392,0
13393,0
13394,0
13395,0
13396,0
13397,0
13398,0
13399,0
13400,0
13401,1
13402,0
13403,0
13404,0
13405,0
13406,0
13407,0
13408,0
13409,0
13410,0
13411,0
13412,0
13413,0
13414,0
13415,0
13416,0
13417,0
13418,0
13419,0
13420,0
13421,1
13422,0
13423,0
13424,0
13425,0
13426,0
13427,1
13428,0
13429,0
13430,0
13431,0
13432,0
13433,0
13434,0
13435,0
13436,0
13437,0
13438,0
13439,0
13440,0
13441,0
13442,0
13443,0
13444,0
13445,0
13446,0
13447,0
13448,0
13449,0
13450,0
13451,0
13452,0
13453,0
13454,0
13455,0
13456,0
13457,0
13458,0
13459,1
13460,0
13461,0
13462,0
13463,0
13464,0
13465,0
13466,0
13467,0
13468,0
13469,0
13470,0
13471,0
13472,0
13473,0
13474,0
13475,0
13476,1
13477,0
13478,0
13479,1
13480,0
13481,0
13482,1
13483,0
13484,0
13485,0
13486,0
13487,0
13488,0
13489,0
13490,0
13491,0
13492,0
13493,0
13494,0
13495,0
13496,0
13497,1
13498,0
13499,0
13500,1
13501,0
13502,1
13503,1
13504,0
13505,0
13506,0
13507,0
13508,1
13509,0
13510,0
13511,0
13512,0
13513,0
13514,0
13515,0
13516,0
13517,0
13518,0
13519,0
13520,0
13521,0
13522,0
13523,0
13524,0
13525,0
13526,0
13527,0
13528,0
13529,0
13530,0
13531,0
13532,0
13533,0
13534,0
13535,0
13536,0
13537,0
13538,0
13539,0
13540,0
13541,0
13542,1
13543,0
13544,0
13545,0
13546,0
13547,0
13548,0
13549,0
13550,0
13551,0
13552,0
13553,1
13554,1
13555,0
13556,0
13557,0
13558,0
13559,1
13560,0
13561,0
13562,0
13563,0
13564,0
13565,0
13566,1
13567,0
13568,0
13569,1
13570,0
13571,0
13572,1
13573,0
13574,0
13575,0
13576,0
13577,0
13578,1
13579,0
13580,0
13581,1
13582,0
13583,0
13584,0
13585,0
13586,0
13587,0
13588,0
13589,0
13590,0
13591,0
13592,0
13593,0
13594,0
13595,0
13596,0
13597,0
13598,0
13599,0
13600,0
13601,1
13602,1
13603,0
13604,0
13605,0
13606,0
13607,0
13608,0
13609,1
13610,0
13611,0
13612,1
13613,0
13614,0
13615,0
13616,0
13617,0
13618,0
13619,0
13620,1
13621,0
13622,0
13623,0
13624,1
13625,0
13626,0
13627,0
13628,0
13629,0
13630,0
13631,0
13632,0
13633,0
13634,0
13635,0
13636,0
13637,0
13638,0
13639,0
13640,0
13641,0
13642,1
13643,0
13644,0
13645,0
13646,0
13647,0
13648,0
13649,1
13650,0
13651,0
13652,0
13653,0
13654,0
13655,0
13656,0
13657,0
13658,0
13659,0
13660,0
13661,0
13662,0
13663,0
13664,0
13665,0
13666,0
13667,0
13668,1
13669,0
13670,0
13671,0
13672,0
13673,0
13674,0
13675,0
13676,0
13677,0
13678,0
13679,0
13680,0
13681,0
13682,0
13683,0
13684,0
13685,0
13686,0
13687,0
13688,0
13689,0
13690,0
13691,0
13692,0
13693,0
13694,0
13695,0
13696,0
13697,0
13698,0
13699,0
13700,0
13701,0
13702,0
13703,0
13704,0
13705,0
13706,0
13707,0
13708,0
13709,0
13710,0
13711,0
13712,0
13713,0
13714,0
13715,1
13716,0
13717,0
13718,0
13719,0
13720,0
13721,0
13722,0
13723,0
13724,0
13725,0
13726,0
13727,0
13728,0
13729,0
13730,0
13731,0
13732,1
13733,0
13734,1
13735,0
13736,0
13737,0
13738,1
13739,0
13740,1
13741,0
13742,0
13743,0
13744,0
13745,0
13746,0
13747,0
13748,0
13749,0
13750,1
13751,0
13752,0
13753,0
13754,0
13755,0
13756,0
13757,0
13758,0
13759,0
13760,0
13761,0
13762,0
13763,1
13764,0
13765,0
13766,0
13767,0
13768,0
13769,0
13770,0
13771,0
13772,0
13773,0
13774,0
13775,0
13776,0
13777,0
13778,0
13779,0
13780,0
13781,0
13782,0
13783,0
13784,0
13785,0
13786,0
13787,0
13788,0
13789,1
13790,1
13791,0
13792,0
13793,0
13794,0
13795,0
13796,0
13797,0
13798,0
13799,1
13800,0
13801,0
13802,0
13803,1
13804,1
13805,1
13806,0
13807,0
13808,0
13809,0
13810,0
13811,0
13812,1
13813,0
13814,0
13815,0
13816,0
13817,0
13818,0
13819,0
13820,1
13821,0
13822,0
13823,0
13824,0
13825,0
13826,1
13827,0
13828,1
13829,1
13830,0
13831,0
13832,0
13833,0
13834,0
13835,0
13836,0
13837,0
13838,1
13839,0
13840,0
13841,1
13842,0
13843,0
13844,1
13845,0
13846,0
13847,0
13848,0
13849,0
13850,1
13851,1
13852,0
13853,1
13854,0
13855,0
13856,0
13857,0
13858,0
13859,1
13860,0
13861,0
13862,1
13863,0
13864,0
13865,0
13866,0
13867,0
13868,0
13869,1
13870,0
13871,0
13872,1
13873,0
13874,0
13875,0
13876,1
13877,0
13878,0
13879,0
13880,0
13881,0
13882,0
13883,0
13884,0
13885,0
13886,0
13887,0
13888,0
13889,0
13890,0
13891,0
13892,0
13893,0
13894,0
13895,0
13896,0
13897,0
13898,0
13899,0
13900,0
13901,0
13902,0
13903,0
13904,0
13905,0
13906,0
13907,0
13908,0
13909,0
13910,0
13911,0
13912,0
13913,0
13914,0
13915,1
13916,0
13917,0
13918,1
13919,0
13920,0
13921,0
13922,0
13923,0
13924,0
13925,0
13926,0
13927,0
13928,0
13929,0
13930,0
13931,0
13932,1
13933,0
13934,1
13935,0
13936,0
13937,0
13938,0
13939,0
13940,0
13941,0
13942,1
13943,0
13944,0
13945,1
13946,0
13947,0
13948,0
13949,0
13950,0
13951,1
13952,0
13953,0
13954,0
13955,0
13956,0
13957,1
13958,0
13959,0
13960,0
13961,1
13962,0
13963,1
13964,0
13965,0
13966,0
13967,0
13968,0
13969,0
13970,0
13971,0
13972,0
13973,0
13974,0
13975,0
13976,0
13977,0
13978,0
13979,0
13980,1
13981,0
13982,0
13983,0
13984,0
13985,0
13986,0
13987,0
13988,0
13989,0
13990,0
13991,0
13992,0
13993,0
13994,1
13995,0
13996,0
13997,1
13998,0
13999,0
14000,0
14001,0
14002,0
14003,0
14004,1
14005,0
14006,0
14007,0
14008,1
14009,0
14010,0
14011,0
14012,0
14013,0
14014,1
14015,0
14016,0
14017,0
14018,0
14019,0
14020,0
14021,0
14022,0
14023,0
14024,0
14025,0
14026,0
14027,0
14028,0
14029,0
14030,0
14031,1
14032,0
14033,0
14034,0
14035,1
14036,0
14037,0
14038,0
14039,0
14040,0
14041,0
14042,0
14043,0
14044,0
14045,0
14046,1
14047,0
14048,0
14049,0
14050,0
14051,1
14052,0
14053,0
14054,0
14055,0
14056,0
14057,0
14058,0
14059,0
14060,1
14061,0
14062,1
14063,0
14064,0
14065,0
14066,0
14067,0
14068,0
14069,1
14070,0
14071,0
14072,0
14073,0
14074,0
14075,1
14076,0
14077,0
14078,1
14079,0
14080,0
14081,1
14082,0
14083,0
14084,1
14085,0
14086,0
14087,0
14088,1
14089,0
14090,0
14091,0
14092,0
14093,0
14094,0
14095,0
14096,0
14097,1
14098,0
14099,0
14100,0
14101,0
14102,0
14103,0
14104,0
14105,0
14106,0
14107,0
14108,0
14109,0
14110,1
14111,1
14112,0
14113,0
14114,0
14115,0
14116,0
14117,0
14118,0
14119,0
14120,0
14121,0
14122,0
14123,0
14124,0
14125,0
14126,1
14127,0
14128,1
14129,0
14130,0
14131,0
14132,0
14133,0
14134,0
14135,0
14136,0
14137,0
14138,0
14139,0
14140,1
14141,0
14142,0
14143,0
14144,0
14145,0
14146,0
14147,0
14148,0
14149,0
14150,0
14151,0
14152,0
14153,1
14154,1
14155,0
14156,0
14157,0
14158,0
14159,0
14160,1
14161,0
14162,0
14163,0
14164,0
14165,0
14166,0
14167,0
14168,1
14169,0
14170,1
14171,0
14172,0
14173,0
14174,0
14175,0
14176,0
14177,0
14178,0
14179,0
14180,0
14181,0
14182,0
14183,0
14184,0
14185,0
14186,0
14187,1
14188,0
14189,0
14190,0
14191,0
14192,1
14193,1
14194,0
14195,0
14196,0
14197,0
14198,0
14199,0
14200,0
14201,0
14202,0
14203,0
14204,0
14205,0
14206,0
14207,0
14208,0
14209,0
14210,0
14211,0
14212,0
14213,0
14214,0
14215,0
14216,0
14217,1
14218,0
14219,0
14220,1
14221,0
14222,0
14223,0
14224,0
14225,0
14226,0
14227,0
14228,0
14229,0
14230,0
14231,0
14232,0
14233,0
14234,0
14235,0
14236,0
14237,0
14238,1
14239,0
14240,0
14241,0
14242,0
14243,0
14244,0
14245,0
14246,0
14247,1
14248,0
14249,0
14250,0
14251,0
14252,0
14253,0
14254,0
14255,1
14256,0
14257,0
14258,0
14259,0
14260,0
14261,0
14262,0
14263,0
14264,0
14265,0
14266,0
14267,0
14268,0
14269,0
14270,0
14271,0
14272,0
14273,1
14274,0
14275,0
14276,0
14277,0
14278,0
14279,0
14280,1
14281,0
14282,0
14283,0
14284,1
14285,0
14286,0
14287,1
14288,0
14289,0
14290,0
14291,0
14292,0
14293,1
14294,0
14295,1
14296,0
14297,0
14298,0
14299,0
14300,0
14301,0
14302,0
14303,0
14304,0
14305,1
14306,0
14307,0
14308,0
14309,0
14310,1
14311,1
14312,1
14313,0
14314,1
14315,0
14316,1
14317,0
14318,0
14319,0
14320,0
14321,0
14322,0
14323,0
14324,0
14325,0
14326,0
14327,0
14328,0
14329,1
14330,0
14331,0
14332,1
14333,0
14334,0
14335,0
14336,0
14337,0
14338,0
14339,0
14340,0
14341,0
14342,0
14343,0
14344,0
14345,0
14346,0
14347,0
14348,0
14349,1
14350,1
14351,0
14352,0
14353,0
14354,0
14355,0
14356,0
14357,0
14358,1
14359,0
14360,0
14361,0
14362,0
14363,0
14364,1
14365,0
14366,0
14367,0
14368,0
14369,0
14370,0
14371,0
14372,0
14373,0
14374,0
14375,0
14376,0
14377,0
14378,0
14379,0
14380,0
14381,0
14382,1
14383,1
14384,0
14385,0
14386,0
14387,0
14388,0
14389,0
14390,0
14391,0
14392,0
14393,0
14394,0
14395,0
14396,1
14397,0
14398,0
14399,0
14400,0
14401,0
14402,0
14403,0
14404,0
14405,1
14406,0
14407,0
14408,0
14409,0
14410,0
14411,0
14412,0
14413,0
14414,0
14415,0
14416,0
14417,0
14418,0
14419,0
14420,0
14421,0
14422,0
14423,0
14424,1
14425,0
14426,0
14427,0
14428,0
14429,0
14430,0
14431,0
14432,0
14433,0
14434,0
14435,0
14436,0
14437,0
14438,0
14439,0
14440,0
14441,0
14442,0
14443,0
14444,0
14445,0
14446,1
14447,0
14448,0
14449,0
14450,0
14451,0
14452,1
14453,0
14454,0
14455,0
14456,0
14457,0
14458,1
14459,0
14460,0
14461,0
14462,0
14463,0
14464,0
14465,1
14466,0
14467,0
14468,0
14469,0
14470,0
14471,0
14472,0
14473,1
14474,0
14475,0
14476,1
14477,1
14478,0
14479,0
14480,0
14481,0
14482,0
14483,0
14484,0
14485,0
14486,0
14487,1
14488,1
14489,0
14490,0
14491,0
14492,0
14493,0
14494,0
14495,0
14496,0
14497,0
14498,1
14499,1
14500,0
14501,0
14502,0
14503,0
14504,0
14505,0
14506,1
14507,0
14508,0
14509,0
14510,0
14511,1
14512,0
14513,0
14514,0
14515,0
14516,0
14517,0
14518,0
14519,0
14520,0
14521,0
14522,0
14523,0
14524,0
14525,0
14526,0
14527,0
14528,0
14529,0
14530,0
14531,1
14532,0
14533,1
14534,0
14535,0
14536,0
14537,0
14538,0
14539,1
14540,0
14541,0
14542,0
14543,0
14544,0
14545,0
14546,0
14547,0
14548,0
14549,0
14550,0
14551,0
14552,1
14553,0
14554,1
14555,0
14556,1
14557,0
14558,0
14559,0
14560,0
14561,0
14562,0
14563,0
14564,0
14565,0
14566,0
14567,0
14568,0
14569,0
14570,1
14571,0
14572,0
14573,0
14574,0
14575,0
14576,0
14577,0
14578,0
14579,0
14580,0
14581,0
14582,0
14583,0
14584,0
14585,0
14586,0
14587,0
14588,0
14589,0
14590,0
14591,0
14592,0
14593,0
14594,0
14595,0
14596,1
14597,0
14598,0
14599,0
14600,0
14601,0
14602,0
14603,0
14604,0
14605,0
14606,0
14607,1
14608,0
14609,0
14610,0
14611,0
14612,0
14613,0
14614,0
14615,1
14616,0
14617,0
14618,0
14619,0
14620,0
14621,1
14622,1
14623,0
14624,0
14625,0
14626,0
14627,0
14628,0
14629,0
14630,1
14631,0
14632,0
14633,0
14634,0
14635,0
14636,0
14637,0
14638,0
14639,0
14640,0
14641,0
14642,0
14643,0
14644,0
14645,0
14646,0
14647,0
14648,0
14649,0
14650,0
14651,0
14652,1
14653,0
14654,0
14655,0
14656,0
14657,0
14658,0
14659,0
14660,0
14661,0
14662,0
14663,0
14664,0
14665,0
14666,0
14667,0
14668,1
14669,0
14670,0
14671,0
14672,0
14673,0
14674,1
14675,0
14676,0
14677,0
14678,0
14679,0
14680,0
14681,1
14682,0
14683,0
14684,0
14685,1
14686,0
14687,0
14688,1
14689,0
14690,0
14691,0
14692,0
14693,0
14694,0
14695,0
14696,0
14697,0
14698,0
14699,0
14700,0
14701,0
14702,0
14703,0
14704,0
14705,1
14706,0
14707,0
14708,1
14709,0
14710,1
14711,0
14712,1
14713,0
14714,0
14715,0
14716,0
14717,0
14718,0
14719,0
14720,0
14721,0
14722,0
14723,0
14724,0
14725,0
14726,0
14727,0
14728,0
14729,0
14730,0
14731,0
14732,0
14733,0
14734,0
14735,0
14736,0
14737,0
14738,0
14739,0
14740,0
14741,0
14742,0
14743,0
14744,1
14745,0
14746,0
14747,0
14748,0
14749,0
14750,0
14751,0
14752,0
14753,0
14754,0
14755,1
14756,0
14757,1
14758,0
14759,0
14760,0
14761,0
14762,0
14763,0
14764,0
14765,0
14766,0
14767,0
14768,0
14769,0
14770,0
14771,0
14772,0
14773,0
14774,0
14775,0
14776,0
14777,0
14778,0
14779,0
14780,0
14781,0
14782,1
14783,1
14784,0
14785,0
14786,0
14787,0
14788,0
14789,1
14790,0
14791,0
14792,0
14793,0
14794,0
14795,0
14796,0
14797,0
14798,1
14799,0
14800,0
14801,1
14802,0
14803,0
14804,0
14805,0
14806,0
14807,0
14808,0
14809,0
14810,0
14811,0
14812,0
14813,0
14814,0
14815,0
14816,0
14817,0
14818,0
14819,0
14820,0
14821,0
14822,1
14823,1
14824,0
14825,0
14826,1
14827,0
14828,0
14829,0
14830,0
14831,0
14832,0
14833,0
14834,0
14835,0
14836,0
14837,0
14838,0
14839,0
14840,0
14841,0
14842,0
14843,0
14844,0
14845,0
14846,0
14847,0
14848,0
14849,0
14850,0
14851,0
14852,0
14853,0
14854,0
14855,0
14856,0
14857,1
14858,0
14859,0
14860,0
14861,0
14862,1
14863,1
14864,0
14865,0
14866,0
14867,0
14868,0
14869,0
14870,0
14871,0
14872,0
14873,1
14874,0
14875,0
14876,0
14877,0
14878,0
14879,0
14880,0
14881,0
14882,0
14883,1
14884,0
14885,0
14886,0
14887,0
14888,0
14889,0
14890,0
14891,1
14892,0
14893,0
14894,0
14895,0
14896,0
14897,0
14898,0
14899,0
14900,1
14901,0
14902,0
14903,0
14904,1
14905,0
14906,0
14907,0
14908,0
14909,0
14910,0
14911,0
14912,0
14913,0
14914,0
14915,0
14916,0
14917,0
14918,0
14919,0
14920,0
14921,1
14922,0
14923,0
14924,0
14925,1
14926,0
14927,0
14928,0
14929,0
14930,0
14931,0
14932,1
14933,0
14934,0
14935,0
14936,0
14937,0
14938,0
14939,0
14940,0
14941,0
14942,0
14943,0
14944,0
14945,0
14946,0
14947,0
14948,0
14949,1
14950,0
14951,0
14952,0
14953,0
14954,0
14955,0
14956,0
14957,1
14958,0
14959,0
14960,0
14961,0
14962,0
14963,0
14964,0
14965,0
14966,0
14967,0
14968,0
14969,0
14970,0
14971,1
14972,0
14973,0
14974,0
14975,0
14976,0
14977,1
14978,0
14979,1
14980,0
14981,0
14982,0
14983,0
14984,0
14985,0
14986,0
14987,1
14988,0
14989,1
14990,1
14991,0
14992,1
14993,0
14994,0
14995,0
14996,0
14997,0
14998,0
14999,0
15000,0
15001,0
15002,0
15003,0
15004,0
15005,0
15006,0
15007,1
15008,0
15009,0
15010,0
15011,0
15012,0
15013,0
15014,1
15015,0
15016,0
15017,0
15018,1
15019,1
15020,0
15021,1
15022,0
15023,0
15024,0
15025,0
15026,0
15027,0
15028,0
15029,0
15030,1
15031,0
15032,0
15033,0
15034,0
15035,1
15036,1
15037,0
15038,0
15039,1
15040,0
15041,0
15042,0
15043,1
15044,0
15045,0
15046,0
15047,0
15048,0
15049,0
15050,0
15051,0
15052,0
15053,0
15054,0
15055,0
15056,0
15057,1
15058,0
15059,0
15060,0
15061,1
15062,1
15063,0
15064,0
15065,0
15066,0
15067,0
15068,0
15069,0
15070,0
15071,0
15072,0
15073,0
15074,0
15075,1
15076,0
15077,0
15078,0
15079,0
15080,0
15081,0
15082,0
15083,1
15084,0
15085,1
15086,0
15087,0
15088,0
15089,1
15090,0
15091,0
15092,0
15093,0
15094,0
15095,0
15096,0
15097,0
15098,0
15099,0
15100,0
15101,0
15102,0
15103,0
15104,0
15105,1
15106,0
15107,0
15108,0
15109,0
15110,0
15111,0
15112,1
15113,0
15114,0
15115,0
15116,0
15117,0
15118,0
15119,0
15120,0
15121,0
15122,0
15123,0
15124,0
15125,0
15126,0
15127,0
15128,0
15129,0
15130,0
15131,1
15132,0
15133,0
15134,1
15135,0
15136,0
15137,0
15138,0
15139,0
15140,0
15141,1
15142,0
15143,0
15144,0
15145,0
15146,0
15147,0
15148,0
15149,1
15150,0
15151,0
15152,0
15153,1
15154,0
15155,0
15156,0
15157,0
15158,0
15159,0
15160,0
15161,0
15162,1
15163,0
15164,0
15165,0
15166,0
15167,0
15168,0
15169,0
15170,0
15171,0
15172,0
15173,0
15174,0
15175,0
15176,0
15177,0
15178,0
15179,0
15180,0
15181,0
15182,0
15183,0
15184,0
15185,0
15186,0
15187,0
15188,0
15189,0
15190,0
15191,0
15192,0
15193,0
15194,0
15195,0
15196,1
15197,0
15198,1
15199,0
15200,0
15201,0
15202,0
15203,0
15204,0
15205,0
15206,0
15207,1
15208,0
15209,1
15210,0
15211,1
15212,0
15213,0
15214,0
15215,0
15216,1
15217,0
15218,1
15219,0
15220,0
15221,0
15222,0
15223,1
15224,0
15225,0
15226,0
15227,0
15228,1
15229,0
15230,0
15231,0
15232,0
15233,0
15234,1
15235,0
15236,0
15237,0
15238,0
15239,0
15240,0
15241,0
15242,0
15243,0
15244,0
15245,0
15246,0
15247,0
15248,0
15249,1
15250,0
15251,0
15252,1
15253,0
15254,1
15255,0
15256,0
15257,1
15258,1
15259,0
15260,1
15261,0
15262,0
15263,0
15264,0
15265,0
15266,0
15267,0
15268,0
15269,1
15270,0
15271,0
15272,0
15273,0
15274,0
15275,0
15276,1
15277,0
15278,0
15279,0
15280,0
15281,0
15282,0
15283,0
15284,0
15285,0
15286,1
15287,1
15288,0
15289,0
15290,0
15291,0
15292,0
15293,0
15294,0
15295,1
15296,0
15297,0
15298,0
15299,0
15300,1
15301,0
15302,0
15303,1
15304,0
15305,0
15306,0
15307,0
15308,0
15309,0
15310,0
15311,0
15312,0
15313,0
15314,0
15315,0
15316,0
15317,0
15318,1
15319,0
15320,0
15321,0
15322,0
15323,0
15324,1
15325,0
15326,0
15327,0
15328,0
15329,0
15330,0
15331,0
15332,0
15333,0
15334,0
15335,0
15336,0
15337,1
15338,0
15339,1
15340,0
15341,0
15342,0
15343,0
15344,0
15345,1
15346,0
15347,0
15348,1
15349,0
15350,0
15351,0
15352,0
15353,0
15354,0
15355,1
15356,1
15357,0
15358,0
15359,0
15360,0
15361,1
15362,0
15363,0
15364,0
15365,0
15366,0
15367,0
15368,0
15369,0
15370,0
15371,0
15372,0
15373,0
15374,0
15375,0
15376,0
15377,0
15378,0
15379,0
15380,0
15381,0
15382,0
15383,0
15384,1
15385,0
15386,0
15387,0
15388,0
15389,0
15390,0
15391,0
15392,0
15393,0
15394,0
15395,0
15396,0
15397,0
15398,0
15399,0
15400,0
15401,0
15402,0
15403,0
15404,0
15405,0
15406,0
15407,0
15408,0
15409,0
15410,0
15411,0
15412,0
15413,0
15414,0
15415,0
15416,0
15417,0
15418,0
15419,0
15420,0
15421,0
15422,0
15423,0
15424,0
15425,0
15426,0
15427,0
15428,0
15429,0
15430,0
15431,1
15432,1
15433,1
15434,0
15435,1
15436,0
15437,0
15438,0
15439,1
15440,1
15441,0
15442,0
15443,0
15444,1
15445,0
15446,0
15447,0
15448,0
15449,0
15450,0
15451,0
15452,0
15453,0
15454,1
15455,0
15456,0
15457,1
15458,0
15459,0
15460,0
15461,0
15462,0
15463,0
15464,0
15465,1
15466,0
15467,0
15468,0
15469,0
15470,0
15471,1
15472,0
15473,0
15474,0
15475,0
15476,0
15477,0
15478,1
15479,0
15480,0
15481,1
15482,0
15483,1
15484,0
15485,0
15486,0
15487,1
15488,0
15489,1
15490,0
15491,0
15492,1
15493,0
15494,0
15495,0
15496,0
15497,0
15498,0
15499,0
15500,1
15501,0
15502,0
15503,0
15504,1
15505,0
15506,0
15507,0
15508,0
15509,0
15510,1
15511,0
15512,0
15513,1
15514,0
15515,0
15516,0
15517,0
15518,0
15519,0
15520,0
15521,0
15522,0
15523,0
15524,0
15525,0
15526,0
15527,0
15528,0
15529,0
15530,0
15531,0
15532,0
15533,0
15534,0
15535,0
15536,0
15537,1
15538,1
15539,1
15540,0
15541,1
15542,0
15543,0
15544,0
15545,0
15546,0
15547,1
15548,0
15549,0
15550,0
15551,0
15552,0
15553,0
15554,0
15555,0
15556,0
15557,0
15558,0
15559,0
15560,0
15561,0
15562,1
15563,0
15564,0
15565,0
15566,0
15567,0
15568,0
15569,0
15570,0
15571,0
15572,0
15573,0
15574,0
15575,1
15576,0
15577,0
15578,1
15579,0
15580,0
15581,0
15582,0
15583,0
15584,1
15585,0
15586,0
15587,0
15588,0
15589,0
15590,0
15591,0
15592,0
15593,1
15594,1
15595,0
15596,0
15597,0
15598,0
15599,0
15600,0
15601,0
15602,1
15603,0
15604,0
15605,1
15606,0
15607,0
15608,0
15609,0
15610,1
15611,0
15612,0
15613,0
15614,0
15615,0
15616,0
15617,1
15618,0
15619,0
15620,0
15621,0
15622,0
15623,0
15624,1
15625,0
15626,0
15627,0
15628,0
15629,0
15630,0
15631,0
15632,0
15633,0
15634,1
15635,0
15636,0
15637,0
15638,0
15639,0
15640,0
15641,0
15642,0
15643,0
15644,0
15645,1
15646,0
15647,0
15648,0
15649,0
15650,0
15651,0
15652,0
15653,0
15654,0
15655,0
15656,0
15657,1
15658,0
15659,0
15660,0
15661,0
15662,0
15663,0
15664,0
15665,0
15666,1
15667,0
15668,1
15669,0
15670,0
15671,0
15672,0
15673,1
15674,0
15675,1
15676,0
15677,0
15678,0
15679,0
15680,0
15681,0
15682,0
15683,0
15684,0
15685,0
15686,0
15687,0
15688,0
15689,0
15690,0
15691,0
15692,0
15693,0
15694,0
15695,0
15696,0
15697,0
15698,0
15699,0
15700,1
15701,0
15702,0
15703,1
15704,0
15705,0
15706,0
15707,0
15708,0
15709,0
15710,1
15711,0
15712,0
15713,1
15714,0
15715,0
15716,0
15717,0
15718,0
15719,0
15720,1
15721,0
15722,0
15723,0
15724,1
15725,0
15726,0
15727,0
15728,0
15729,0
15730,0
15731,0
15732,0
15733,0
15734,0
15735,0
15736,0
15737,1
15738,0
15739,1
15740,0
15741,0
15742,0
15743,0
15744,1
15745,1
15746,0
15747,0
15748,0
15749,0
15750,0
15751,0
15752,0
15753,0
15754,0
15755,0
15756,0
15757,0
15758,0
15759,1
15760,0
15761,0
15762,0
15763,0
15764,0
15765,0
15766,0
15767,0
15768,0
15769,0
15770,0
15771,0
15772,0
15773,1
15774,0
15775,0
15776,0
15777,0
15778,0
15779,0
15780,1
15781,0
15782,0
15783,0
15784,0
15785,0
15786,1
15787,0
15788,1
15789,0
15790,0
15791,0
15792,0
15793,0
15794,0
15795,0
15796,0
15797,0
15798,0
15799,0
15800,0
15801,0
15802,0
15803,0
15804,1
15805,1
15806,0
15807,0
15808,0
15809,0
15810,0
15811,0
15812,0
15813,1
15814,0
15815,0
15816,1
15817,0
15818,0
15819,0
15820,0
15821,1
15822,0
15823,0
15824,0
15825,0
15826,0
15827,0
15828,0
15829,0
15830,0
15831,1
15832,0
15833,0
15834,0
15835,0
15836,0
15837,0
15838,0
15839,0
15840,0
15841,0
15842,0
15843,1
15844,0
15845,1
15846,0
15847,0
15848,0
15849,0
15850,0
15851,0
15852,0
15853,0
15854,0
15855,0
15856,0
15857,1
15858,0
15859,1
15860,0
15861,0
15862,0
15863,0
15864,0
15865,1
15866,0
15867,0
15868,0
15869,0
15870,0
15871,0
15872,1
15873,1
15874,0
15875,0
15876,0
15877,1
15878,1
15879,1
15880,0
15881,0
15882,0
15883,0
15884,0
15885,0
15886,0
15887,0
15888,0
15889,0
15890,0
15891,0
15892,0
15893,0
15894,0
15895,1
15896,0
15897,0
15898,0
15899,1
15900,0
15901,1
15902,0
15903,0
15904,0
15905,0
15906,0
15907,0
15908,0
15909,0
15910,0
15911,0
15912,0
15913,0
15914,0
15915,0
15916,0
15917,0
15918,0
15919,0
15920,0
15921,0
15922,0
15923,0
15924,1
15925,0
15926,0
15927,0
15928,0
15929,0
15930,0
15931,1
15932,0
15933,0
15934,0
15935,0
15936,0
15937,0
15938,0
15939,0
15940,0
15941,0
15942,0
15943,0
15944,1
15945,0
15946,0
15947,0
15948,0
15949,0
15950,0
15951,0
15952,0
15953,0
15954,0
15955,0
15956,0
15957,0
15958,0
15959,0
15960,1
15961,1
15962,0
15963,0
15964,0
15965,0
15966,0
15967,0
15968,0
15969,0
15970,1
15971,0
15972,0
15973,0
15974,0
15975,1
15976,1
15977,0
15978,1
15979,0
15980,0
15981,0
15982,0
15983,1
15984,0
15985,0
15986,0
15987,0
15988,0
15989,0
15990,0
15991,1
15992,0
15993,0
15994,0
15995,0
15996,0
15997,0
15998,0
15999,1
16000,0
16001,1
16002,0
16003,0
16004,0
16005,0
16006,0
16007,1
16008,0
16009,0
16010,0
16011,0
16012,0
16013,0
16014,0
16015,0
16016,0
16017,0
16018,0
16019,0
16020,1
16021,0
16022,0
16023,0
16024,0
16025,0
16026,0
16027,0
16028,0
16029,0
16030,0
16031,0
16032,0
16033,0
16034,0
16035,0
16036,0
16037,0
16038,0
16039,0
16040,0
16041,0
16042,1
16043,0
16044,0
16045,0
16046,0
16047,0
16048,0
16049,1
16050,0
16051,1
16052,0
16053,0
16054,0
16055,0
16056,0
16057,0
16058,0
16059,0
16060,1
16061,0
16062,0
16063,0
16064,1
16065,0
16066,0
16067,0
16068,0
16069,0
16070,0
16071,0
16072,0
16073,0
16074,0
16075,0
16076,0
16077,0
16078,0
16079,0
16080,0
16081,0
16082,0
16083,1
16084,0
16085,1
16086,1
16087,0
16088,0
16089,0
16090,0
16091,1
16092,0
16093,0
16094,0
16095,0
16096,0
16097,0
16098,0
16099,1
16100,0
16101,0
16102,0
16103,0
16104,0
16105,0
16106,0
16107,1
16108,0
16109,0
16110,1
16111,0
16112,0
16113,0
16114,0
16115,0
16116,0
16117,0
16118,0
16119,0
16120,1
16121,0
16122,0
16123,0
16124,0
16125,0
16126,0
16127,1
16128,1
16129,0
16130,0
16131,0
16132,0
16133,0
16134,0
16135,0
16136,0
16137,0
16138,1
16139,0
16140,0
16141,0
16142,0
16143,0
16144,0
16145,0
16146,0
16147,0
16148,1
16149,0
16150,1
16151,0
16152,0
16153,0
16154,1
16155,0
16156,0
16157,0
16158,0
16159,1
16160,0
16161,0
16162,0
16163,0
16164,0
16165,0
16166,0
16167,0
16168,0
16169,0
16170,0
16171,0
16172,0
16173,0
16174,1
16175,0
16176,1
16177,1
16178,0
16179,1
16180,0
16181,0
16182,0
16183,0
16184,0
16185,0
16186,0
16187,0
16188,0
16189,1
16190,0
16191,1
16192,0
16193,0
16194,0
16195,0
16196,1
16197,0
16198,0
16199,0
16200,0
16201,0
16202,0
16203,0
16204,0
16205,0
16206,0
16207,0
16208,0
16209,0
16210,1
16211,0
16212,0
16213,0
16214,0
16215,0
16216,0
16217,0
16218,0
16219,0
16220,0
16221,0
16222,0
16223,0
16224,0
16225,0
16226,0
16227,0
16228,0
16229,0
16230,0
16231,0
16232,0
16233,0
16234,0
16235,0
16236,0
16237,1
16238,0
16239,0
16240,0
16241,0
16242,0
16243,0
16244,1
16245,0
16246,1
16247,0
16248,0
16249,0
16250,0
16251,0
16252,1
16253,0
16254,0
16255,0
16256,0
16257,0
16258,1
16259,0
16260,0
16261,0
16262,0
16263,0
16264,0
16265,0
16266,0
16267,0
16268,0
16269,0
16270,1
16271,0
16272,0
16273,0
16274,0
16275,0
16276,0
16277,0
16278,0
16279,0
16280,0
16281,0
16282,0
16283,0
16284,0
16285,0
16286,0
16287,0
16288,0
16289,0
16290,0
16291,0
16292,0
16293,0
16294,0
16295,0
16296,0
16297,0
16298,0
16299,0
16300,0
16301,1
16302,0
16303,0
16304,0
16305,0
16306,0
16307,0
16308,0
16309,0
16310,0
16311,0
16312,0
16313,0
16314,0
16315,1
16316,0
16317,0
16318,0
16319,0
16320,0
16321,0
16322,0
16323,0
16324,0
16325,0
16326,0
16327,0
16328,0
16329,0
16330,0
16331,0
16332,0
16333,0
16334,0
16335,0
16336,0
16337,0
16338,0
16339,0
16340,0
16341,0
16342,0
16343,0
16344,1
16345,0
16346,0
16347,0
16348,1
16349,0
16350,1
16351,0
16352,0
16353,0
16354,0
16355,0
16356,0
16357,0
16358,0
16359,0
16360,1
16361,0
16362,0
16363,0
16364,1
16365,0
16366,1
16367,0
16368,0
16369,0
16370,0
16371,0
16372,0
16373,0
16374,0
16375,1
16376,0
16377,1
16378,0
16379,1
16380,0
16381,0
16382,0
16383,0
16384,0
16385,0
16386,0
16387,0
16388,0
16389,0
16390,0
16391,0
16392,0
16393,0
16394,0
16395,0
16396,0
16397,0
16398,0
16399,0
16400,0
16401,0
16402,0
16403,0
16404,1
16405,0
16406,0
16407,0
16408,0
16409,0
16410,0
16411,0
16412,0
16413,0
16414,0
16415,0
16416,0
16417,0
16418,0
16419,0
16420,0
16421,0
16422,0
16423,0
16424,0
16425,0
16426,0
16427,0
16428,0
16429,0
16430,0
16431,0
16432,0
16433,1
16434,0
16435,0
16436,0
16437,0
16438,1
16439,0
16440,0
16441,0
16442,0
16443,0
16444,0
16445,0
16446,1
16447,0
16448,1
16449,0
16450,0
16451,0
16452,0
16453,0
16454,0
16455,0
16456,0
16457,0
16458,0
16459,1
16460,1
16461,0
16462,0
16463,0
16464,0
16465,0
16466,0
16467,0
16468,0
16469,0
16470,0
16471,1
16472,0
16473,1
16474,0
16475,0
16476,0
16477,0
16478,0
16479,0
16480,1
16481,0
16482,0
16483,0
16484,0
16485,0
16486,0
16487,1
16488,0
16489,0
16490,0
16491,0
16492,0
16493,0
16494,0
16495,1
16496,0
16497,0
16498,0
16499,0
16500,0
16501,0
16502,1
16503,0
16504,0
16505,1
16506,0
16507,0
16508,1
16509,0
16510,0
16511,0
16512,0
16513,0
16514,0
16515,0
16516,0
16517,0
16518,0
16519,0
16520,0
16521,0
16522,0
16523,0
16524,1
16525,0
16526,0
16527,0
16528,0
16529,0
16530,0
16531,1
16532,0
16533,1
16534,0
16535,0
16536,0
16537,0
16538,0
16539,0
16540,0
16541,0
16542,0
16543,0
16544,0
16545,0
16546,0
16547,0
16548,0
16549,0
16550,0
16551,1
16552,0
16553,1
16554,0
16555,0
16556,0
16557,0
16558,0
16559,0
16560,0
16561,0
16562,0
16563,1
16564,0
16565,0
16566,0
16567,0
16568,0
16569,0
16570,0
16571,1
16572,0
16573,0
16574,0
16575,0
16576,1
16577,0
16578,0
16579,0
16580,1
16581,0
16582,0
16583,0
16584,1
16585,0
16586,0
16587,0
16588,0
16589,0
16590,0
16591,0
16592,1
16593,0
16594,0
16595,1
16596,0
16597,0
16598,0
16599,0
16600,1
16601,0
16602,0
16603,0
16604,0
16605,0
16606,0
16607,0
16608,1
16609,0
16610,0
16611,1
16612,0
16613,1
16614,0
16615,0
16616,0
16617,1
16618,0
16619,1
16620,0
16621,1
16622,1
16623,0
16624,0
16625,1
16626,0
16627,0
16628,0
16629,0
16630,0
16631,0
16632,0
16633,1
16634,1
16635,0
16636,0
16637,0
16638,0
16639,0
16640,0
16641,0
16642,0
16643,0
16644,0
16645,0
16646,0
16647,0
16648,0
16649,0
16650,0
16651,0
16652,0
16653,0
16654,0
16655,0
16656,0
16657,0
16658,0
16659,0
16660,0
16661,0
16662,0
16663,0
16664,0
16665,0
16666,0
16667,0
16668,0
16669,0
16670,0
16671,0
16672,0
16673,0
16674,0
16675,0
16676,0
16677,0
16678,0
16679,0
16680,0
16681,0
16682,0
16683,0
16684,0
16685,0
16686,0
16687,1
16688,0
16689,0
16690,0
16691,0
16692,0
16693,0
16694,0
16695,0
16696,0
16697,0
16698,0
16699,0
16700,0
16701,0
16702,0
16703,1
16704,0
16705,0
16706,1
16707,0
16708,0
16709,0
16710,0
16711,1
16712,0
16713,0
16714,1
16715,0
16716,0
16717,0
16718,0
16719,0
16720,0
16721,0
16722,0
16723,0
16724,0
16725,0
16726,0
16727,0
16728,0
16729,0
16730,0
16731,0
16732,0
16733,0
16734,0
16735,0
16736,0
16737,0
16738,0
16739,0
16740,0
16741,0
16742,0
16743,0
16744,0
16745,0
16746,0
16747,0
16748,0
16749,0
16750,0
16751,0
16752,0
16753,0
16754,0
16755,0
16756,0
16757,0
16758,0
16759,0
16760,0
16761,0
16762,0
16763,0
16764,0
16765,0
16766,0
16767,0
16768,0
16769,0
16770,1
16771,0
16772,0
16773,1
16774,0
16775,0
16776,0
16777,0
16778,0
16779,0
16780,0
16781,0
16782,0
16783,0
16784,0
16785,1
16786,0
16787,0
16788,0
16789,1
16790,0
16791,0
16792,0
16793,0
16794,0
16795,1
16796,0
16797,0
16798,1
16799,0
16800,1
16801,0
16802,0
16803,1
16804,0
16805,0
16806,0
16807,0
16808,1
16809,0
16810,0
16811,0
16812,0
16813,0
16814,0
16815,0
16816,0
16817,0
16818,0
16819,0
16820,0
16821,0
16822,0
16823,0
16824,1
16825,0
16826,0
16827,0
16828,0
16829,0
16830,1
16831,0
16832,0
16833,0
16834,0
16835,0
16836,1
16837,0
16838,0
16839,0
16840,0
16841,0
16842,0
16843,0
16844,0
16845,0
16846,0
16847,0
16848,0
16849,0
16850,0
16851,0
16852,0
16853,0
16854,0
16855,0
16856,0
16857,0
16858,0
16859,0
16860,0
16861,0
16862,0
16863,0
16864,0
16865,0
16866,0
16867,0
16868,0
16869,0
16870,0
16871,0
16872,0
16873,0
16874,0
16875,0
16876,1
16877,0
16878,0
16879,0
16880,1
16881,0
16882,0
16883,0
16884,0
16885,0
16886,0
16887,0
16888,0
16889,1
16890,0
16891,0
16892,0
16893,0
16894,0
16895,0
16896,0
16897,0
16898,0
16899,1
16900,0
16901,0
16902,0
16903,0
16904,0
16905,1
16906,0
16907,0
16908,0
16909,1
16910,0
16911,0
16912,0
16913,0
16914,0
16915,0
16916,0
16917,0
16918,1
16919,0
16920,1
16921,0
16922,0
16923,0
16924,0
16925,0
16926,0
16927,0
16928,0
16929,0
16930,0
16931,0
16932,0
16933,1
16934,0
16935,0
16936,0
16937,0
16938,0
16939,0
16940,0
16941,1
16942,0
16943,0
16944,0
16945,0
16946,0
16947,0
16948,1
16949,0
16950,0
16951,0
16952,0
16953,0
16954,0
16955,1
16956,0
16957,0
16958,0
16959,0
16960,0
16961,0
16962,0
16963,0
16964,1
16965,0
16966,0
16967,0
16968,0
16969,0
16970,0
16971,0
16972,1
16973,0
16974,0
16975,0
16976,1
16977,0
16978,0
16979,0
16980,0
16981,0
16982,1
16983,0
16984,0
16985,1
16986,0
16987,0
16988,0
16989,0
16990,0
16991,0
16992,0
16993,0
16994,0
16995,1
16996,0
16997,0
16998,0
16999,0
17000,0
17001,0
17002,0
17003,0
17004,0
17005,0
17006,1
17007,0
17008,0
17009,0
17010,0
17011,1
17012,0
17013,0
17014,0
17015,0
17016,0
17017,0
17018,0
17019,0
17020,0
17021,0
17022,0
17023,0
17024,0
17025,0
17026,0
17027,0
17028,0
17029,0
17030,0
17031,1
17032,1
17033,1
17034,0
17035,0
17036,0
17037,0
17038,0
17039,1
17040,0
17041,1
17042,0
17043,0
17044,0
17045,0
17046,0
17047,0
17048,0
17049,0
17050,0
17051,1
17052,0
17053,0
17054,0
17055,0
17056,0
17057,0
17058,0
17059,0
17060,1
17061,0
17062,0
17063,0
17064,0
17065,0
17066,0
17067,0
17068,0
17069,0
17070,0
17071,1
17072,0
17073,0
17074,0
17075,0
17076,0
17077,0
17078,1
17079,0
17080,0
17081,0
17082,0
17083,0
17084,0
17085,0
17086,1
17087,0
17088,1
17089,0
17090,0
17091,0
17092,0
17093,0
17094,0
17095,0
17096,0
17097,0
17098,0
17099,0
17100,1
17101,0
17102,0
17103,0
17104,0
17105,0
17106,0
17107,0
17108,0
17109,0
17110,0
17111,0
17112,1
17113,0
17114,0
17115,0
17116,0
17117,0
17118,1
17119,0
17120,0
17121,0
17122,0
17123,0
17124,0
17125,0
17126,1
17127,0
17128,0
17129,0
17130,0
17131,0
17132,0
17133,0
17134,0
17135,0
17136,0
17137,0
17138,1
17139,1
17140,1
17141,0
17142,0
17143,0
17144,0
17145,0
17146,0
17147,0
17148,0
17149,1
17150,0
17151,1
17152,1
17153,0
17154,0
17155,0
17156,0
17157,0
17158,0
17159,1
17160,0
17161,0
17162,0
17163,0
17164,0
17165,1
17166,0
17167,0
17168,0
17169,0
17170,0
17171,0
17172,0
17173,0
17174,0
17175,0
17176,0
17177,0
17178,0
17179,0
17180,0
17181,0
17182,0
17183,0
17184,0
17185,0
17186,0
17187,0
17188,0
17189,0
17190,0
17191,1
17192,0
17193,0
17194,0
17195,0
17196,0
17197,1
17198,0
17199,0
17200,0
17201,0
17202,0
17203,0
17204,0
17205,0
17206,0
17207,0
17208,0
17209,1
17210,0
17211,0
17212,1
17213,0
17214,0
17215,0
17216,0
17217,0
17218,0
17219,0
17220,0
17221,0
17222,0
17223,0
17224,0
17225,1
17226,0
17227,1
17228,0
17229,0
17230,0
17231,0
17232,0
17233,0
17234,0
17235,0
17236,0
17237,0
17238,0
17239,0
17240,0
17241,1
17242,0
17243,1
17244,0
17245,0
17246,0
17247,0
17248,0
17249,0
17250,0
17251,0
17252,0
17253,1
17254,0
17255,0
17256,0
17257,0
17258,0
17259,0
17260,1
17261,0
17262,0
17263,0
17264,0
17265,0
17266,0
17267,0
17268,0
17269,1
17270,0
17271,1
17272,0
17273,0
17274,0
17275,0
17276,0
17277,0
17278,0
17279,0
17280,0
17281,0
17282,0
17283,0
17284,0
17285,0
17286,0
17287,0
17288,0
17289,1
17290,0
17291,0
17292,0
17293,0
17294,0
17295,0
17296,0
17297,0
17298,1
17299,0
17300,0
17301,0
17302,0
17303,0
17304,0
17305,0
17306,0
17307,0
17308,1
17309,0
17310,0
17311,0
17312,0
17313,0
17314,1
17315,1
17316,0
17317,0
17318,0
17319,0
17320,0
17321,0
17322,0
17323,0
17324,0
17325,0
17326,1
17327,0
17328,0
17329,1
17330,1
17331,0
17332,0
17333,1
17334,0
17335,0
17336,0
17337,0
17338,0
17339,0
17340,1
17341,0
17342,0
17343,0
17344,0
17345,1
17346,0
17347,0
17348,0
17349,0
17350,0
17351,0
17352,0
17353,0
17354,0
17355,0
17356,0
17357,0
17358,0
17359,0
17360,0
17361,0
17362,0
17363,0
17364,0
17365,0
17366,0
17367,0
17368,0
17369,0
17370,0
17371,0
17372,0
17373,0
17374,0
17375,0
17376,0
17377,1
17378,0
17379,0
17380,0
17381,0
17382,0
17383,0
17384,0
17385,1
17386,0
17387,1
17388,0
17389,0
17390,0
17391,0
17392,0
17393,0
17394,1
17395,0
17396,0
17397,0
17398,0
17399,0
17400,0
17401,0
17402,0
17403,0
17404,0
17405,0
17406,0
17407,0
17408,0
17409,0
17410,0
17411,0
17412,0
17413,0
17414,1
17415,0
17416,0
17417,0
17418,0
17419,0
17420,0
17421,0
17422,1
17423,0
17424,0
17425,0
17426,0
17427,0
17428,1
17429,0
17430,0
17431,0
17432,0
17433,1
17434,1
17435,0
17436,0
17437,0
17438,0
17439,0
17440,0
17441,0
17442,0
17443,0
17444,0
17445,1
17446,0
17447,0
17448,0
17449,1
17450,0
17451,1
17452,0
17453,0
17454,0
17455,0
17456,0
17457,0
17458,0
17459,0
17460,0
17461,0
17462,0
17463,0
17464,0
17465,0
17466,0
17467,0
17468,0
17469,0
17470,0
17471,0
17472,0
17473,0
17474,1
17475,0
17476,1
17477,0
17478,0
17479,0
17480,0
17481,0
17482,0
17483,0
17484,0
17485,0
17486,1
17487,0
17488,0
17489,0
17490,0
17491,1
17492,1
17493,1
17494,0
17495,0
17496,0
17497,0
17498,0
17499,0
17500,0
17501,0
17502,0
17503,0
17504,0
17505,0
17506,0
17507,0
17508,0
17509,0
17510,0
17511,0
17512,0
17513,1
17514,0
17515,0
17516,0
17517,0
17518,0
17519,0
17520,0
17521,0
17522,0
17523,0
17524,1
17525,0
17526,0
17527,0
17528,0
17529,0
17530,0
17531,0
17532,0
17533,0
17534,0
17535,0
17536,0
17537,0
17538,0
17539,0
17540,1
17541,0
17542,0
17543,0
17544,0
17545,0
17546,0
17547,0
17548,1
17549,0
17550,0
17551,0
17552,0
17553,0
17554,0
17555,0
17556,0
17557,0
17558,0
17559,0
17560,0
17561,1
17562,0
17563,1
17564,0
17565,0
17566,1
17567,0
17568,0
17569,0
17570,0
17571,0
17572,0
17573,0
17574,0
17575,1
17576,0
17577,0
17578,0
17579,0
17580,0
17581,0
17582,0
17583,0
17584,0
17585,0
17586,0
17587,0
17588,0
17589,0
17590,0
17591,0
17592,0
17593,1
17594,0
17595,1
17596,0
17597,0
17598,0
17599,1
17600,0
17601,0
17602,1
17603,0
17604,1
17605,0
17606,1
17607,0
17608,0
17609,0
17610,0
17611,0
17612,0
17613,1
17614,0
17615,0
17616,1
17617,0
17618,0
17619,0
17620,0
17621,0
17622,0
17623,1
17624,0
17625,0
17626,0
17627,0
17628,0
17629,0
17630,1
17631,0
17632,0
17633,0
17634,0
17635,1
17636,0
17637,0
17638,0
17639,0
17640,0
17641,0
17642,0
17643,0
17644,0
17645,0
17646,0
17647,0
17648,0
17649,0
17650,0
17651,0
17652,0
17653,0
17654,0
17655,0
17656,0
17657,0
17658,0
17659,0
17660,0
17661,0
17662,1
17663,0
17664,0
17665,0
17666,0
17667,0
17668,0
17669,0
17670,0
17671,0
17672,0
17673,0
17674,0
17675,0
17676,0
17677,0
17678,0
17679,1
17680,0
17681,0
17682,0
17683,0
17684,0
17685,1
17686,0
17687,1
17688,0
17689,0
17690,0
17691,0
17692,0
17693,0
17694,0
17695,0
17696,0
17697,0
17698,0
17699,0
17700,1
17701,0
17702,1
17703,0
17704,0
17705,0
17706,1
17707,0
17708,0
17709,0
17710,0
17711,0
17712,0
17713,0
17714,0
17715,0
17716,0
17717,0
17718,0
17719,0
17720,0
17721,0
17722,0
17723,1
17724,0
17725,0
17726,0
17727,0
17728,0
17729,0
17730,0
17731,1
17732,0
17733,0
17734,0
17735,0
17736,0
17737,0
17738,0
17739,1
17740,0
17741,0
17742,0
17743,0
17744,0
17745,0
17746,0
17747,0
17748,0
17749,0
17750,0
17751,0
17752,0
17753,0
17754,0
17755,0
17756,0
17757,0
17758,0
17759,0
17760,1
17761,0
17762,1
17763,0
17764,0
17765,0
17766,1
17767,0
17768,0
17769,0
17770,0
17771,0
17772,0
17773,0
17774,0
17775,0
17776,0
17777,0
17778,0
17779,0
17780,0
17781,0
17782,0
17783,0
17784,0
17785,0
17786,1
17787,0
17788,0
17789,0
17790,0
17791,0
17792,0
17793,0
17794,0
17795,0
17796,1
17797,0
17798,0
17799,0
17800,0
17801,0
17802,0
17803,0
17804,0
17805,0
17806,0
17807,0
17808,0
17809,0
17810,0
17811,0
17812,0
17813,0
17814,0
17815,0
17816,0
17817,0
17818,0
17819,0
17820,0
17821,0
17822,0
17823,1
17824,0
17825,0
17826,0
17827,0
17828,0
17829,1
17830,0
17831,0
17832,0
17833,0
17834,1
17835,0
17836,0
17837,0
17838,1
17839,0
17840,0
17841,0
17842,1
17843,0
17844,0
17845,0
17846,0
17847,0
17848,1
17849,0
17850,0
17851,0
17852,0
17853,1
17854,0
17855,0
17856,0
17857,0
17858,0
17859,1
17860,0
17861,0
17862,0
17863,0
17864,0
17865,0
17866,0
17867,0
17868,0
17869,0
17870,0
17871,0
17872,0
17873,0
17874,0
17875,0
17876,0
17877,0
17878,0
17879,0
17880,0
17881,0
17882,0
17883,0
17884,0
17885,0
17886,0
17887,0
17888,0
17889,0
17890,0
17891,0
17892,0
17893,0
17894,1
17895,0
17896,0
17897,1
17898,0
17899,0
17900,0
17901,0
17902,1
17903,0
17904,0
17905,0
17906,0
17907,0
17908,1
17909,0
17910,0
17911,0
17912,0
17913,0
17914,1
17915,1
17916,0
17917,0
17918,0
17919,0
17920,0
17921,0
17922,0
17923,0
17924,0
17925,0
17926,0
17927,0
17928,1
17929,0
17930,0
17931,0
17932,1
17933,0
17934,0
17935,0
17936,0
17937,0
17938,0
17939,0
17940,0
17941,0
17942,0
17943,1
17944,0
17945,1
17946,0
17947,0
17948,0
17949,0
17950,0
17951,0
17952,0
17953,0
17954,0
17955,0
17956,0
17957,1
17958,0
17959,0
17960,0
17961,1
17962,0
17963,0
17964,0
17965,0
17966,0
17967,0
17968,0
17969,0
17970,0
17971,0
17972,0
17973,1
17974,1
17975,0
17976,0
17977,1
17978,0
17979,0
17980,0
17981,0
17982,0
17983,0
17984,0
17985,1
17986,0
17987,0
17988,0
17989,0
17990,0
17991,0
17992,0
17993,0
17994,1
17995,0
17996,1
17997,0
17998,0
17999,0
18000,0
18001,0
18002,0
18003,0
18004,0
18005,0
18006,0
18007,1
18008,0
18009,0
18010,0
18011,0
18012,0
18013,0
18014,0
18015,0
18016,0
18017,0
18018,0
18019,0
18020,0
18021,0
18022,0
18023,0
18024,1
18025,0
18026,0
18027,1
18028,0
18029,0
18030,0
18031,0
18032,0
18033,0
18034,0
18035,0
18036,0
18037,0
18038,0
18039,1
18040,0
18041,0
18042,0
18043,0
18044,0
18045,0
18046,0
18047,0
18048,0
18049,0
18050,1
18051,0
18052,0
18053,0
18054,0
18055,0
18056,0
18057,0
18058,0
18059,1
18060,1
18061,0
18062,1
18063,0
18064,0
18065,0
18066,0
18067,1
18068,0
18069,0
18070,0
18071,0
18072,0
18073,1
18074,0
18075,0
18076,1
18077,0
18078,0
18079,0
18080,0
18081,0
18082,0
18083,1
18084,0
18085,0
18086,0
18087,0
18088,0
18089,1
18090,0
18091,0
18092,0
18093,1
18094,0
18095,0
18096,0
18097,1
18098,1
18099,0
18100,0
18101,0
18102,0
18103,0
18104,0
18105,0
18106,0
18107,0
18108,0
18109,0
18110,0
18111,0
18112,0
18113,0
18114,0
18115,0
18116,0
18117,0
18118,0
18119,0
18120,1
18121,0
18122,0
18123,0
18124,0
18125,0
18126,0
18127,0
18128,0
18129,0
18130,0
18131,1
18132,0
18133,0
18134,0
18135,1
18136,1
18137,0
18138,0
18139,0
18140,0
18141,1
18142,0
18143,0
18144,0
18145,1
18146,0
18147,1
18148,0
18149,0
18150,0
18151,0
18152,0
18153,0
18154,0
18155,0
18156,0
18157,0
18158,0
18159,0
18160,0
18161,0
18162,0
18163,0
18164,0
18165,0
18166,0
18167,0
18168,1
18169,0
18170,0
18171,0
18172,0
18173,0
18174,0
18175,0
18176,0
18177,1
18178,0
18179,0
18180,0
18181,0
18182,1
18183,0
18184,0
18185,0
18186,0
18187,0
18188,0
18189,0
18190,0
18191,1
18192,0
18193,0
18194,0
18195,0
18196,0
18197,0
18198,0
18199,0
18200,0
18201,0
18202,0
18203,0
18204,1
18205,0
18206,0
18207,0
18208,1
18209,0
18210,0
18211,0
18212,0
18213,0
18214,1
18215,0
18216,0
18217,0
18218,0
18219,0
18220,0
18221,0
18222,0
18223,1
18224,0
18225,0
18226,0
18227,0
18228,0
18229,0
18230,0
18231,0
18232,0
18233,0
18234,0
18235,0
18236,0
18237,0
18238,0
18239,0
18240,0
18241,0
18242,0
18243,0
18244,0
18245,0
18246,1
18247,0
18248,0
18249,0
18250,0
18251,0
18252,0
18253,0
18254,0
18255,0
18256,0
18257,0
18258,0
18259,0
18260,0
18261,0
18262,1
18263,1
18264,0
18265,0
18266,0
18267,0
18268,0
18269,0
18270,0
18271,0
18272,0
18273,0
18274,1
18275,0
18276,1
18277,0
18278,0
18279,0
18280,0
18281,0
18282,0
18283,0
18284,0
18285,0
18286,1
18287,0
18288,0
18289,0
18290,0
18291,0
18292,1
18293,0
18294,0
18295,0
18296,0
18297,0
18298,0
18299,0
18300,0
18301,0
18302,1
18303,0
18304,0
18305,0
18306,0
18307,0
18308,0
18309,0
18310,0
18311,0
18312,0
18313,0
18314,0
18315,0
18316,1
18317,0
18318,0
18319,0
18320,0
18321,0
18322,0
18323,0
18324,0
18325,0
18326,0
18327,0
18328,0
18329,1
18330,1
18331,0
18332,0
18333,0
18334,0
18335,0
18336,0
18337,0
18338,0
18339,1
18340,0
18341,0
18342,1
18343,0
18344,1
18345,0
18346,1
18347,1
18348,0
18349,0
18350,0
18351,0
18352,0
18353,0
18354,0
18355,0
18356,0
18357,0
18358,0
18359,0
18360,0
18361,0
18362,0
18363,0
18364,0
18365,0
18366,0
18367,0
18368,0
18369,0
18370,0
18371,0
18372,0
18373,0
18374,1
18375,0
18376,0
18377,0
18378,0
18379,0
18380,0
18381,0
18382,0
18383,0
18384,0
18385,0
18386,0
18387,0
18388,0
18389,1
18390,0
18391,0
18392,0
18393,1
18394,0
18395,0
18396,0
18397,0
18398,0
18399,0
18400,0
18401,0
18402,0
18403,0
18404,0
18405,0
18406,0
18407,0
18408,0
18409,0
18410,0
18411,0
18412,0
18413,0
18414,0
18415,0
18416,0
18417,0
18418,0
18419,0
18420,0
18421,0
18422,0
18423,0
18424,0
18425,0
18426,0
18427,0
18428,0
18429,0
18430,0
18431,0
18432,0
18433,1
18434,0
18435,0
18436,0
18437,0
18438,0
18439,0
18440,0
18441,0
18442,1
18443,0
18444,0
18445,0
18446,1
18447,1
18448,0
18449,0
18450,0
18451,0
18452,0
18453,0
18454,0
18455,1
18456,0
18457,0
18458,0
18459,0
18460,0
18461,0
18462,0
18463,0
18464,0
18465,0
18466,0
18467,1
18468,0
18469,0
18470,0
18471,0
18472,0
18473,0
18474,0
18475,1
18476,1
18477,0
18478,1
18479,1
18480,0
18481,0
18482,0
18483,0
18484,0
18485,0
18486,0
18487,0
18488,0
18489,0
18490,0
18491,0
18492,0
18493,0
18494,0
18495,0
18496,0
18497,0
18498,1
18499,1
18500,0
18501,0
18502,0
18503,0
18504,0
18505,0
18506,0
18507,0
18508,0
18509,0
18510,0
18511,0
18512,0
18513,1
18514,0
18515,0
18516,0
18517,0
18518,0
18519,0
18520,0
18521,1
18522,0
18523,0
18524,0
18525,0
18526,1
18527,0
18528,0
18529,0
18530,1
18531,0
18532,0
18533,0
18534,1
18535,0
18536,0
18537,0
18538,0
18539,1
18540,1
18541,1
18542,0
18543,0
18544,0
18545,0
18546,1
18547,0
18548,0
18549,0
18550,0
18551,0
18552,0
18553,0
18554,1
18555,0
18556,0
18557,0
18558,1
18559,0
18560,0
18561,0
18562,1
18563,0
18564,0
18565,0
18566,0
18567,0
18568,0
18569,0
18570,1
18571,0
18572,0
18573,0
18574,0
18575,0
18576,0
18577,1
18578,0
18579,0
18580,0
18581,0
18582,0
18583,0
18584,0
18585,1
18586,0
18587,0
18588,0
18589,1
18590,0
18591,0
18592,0
18593,0
18594,0
18595,0
18596,1
18597,1
18598,0
18599,0
18600,0
18601,1
18602,0
18603,0
18604,0
18605,0
18606,0
18607,1
18608,0
18609,0
18610,0
18611,0
18612,0
18613,0
18614,0
18615,0
18616,0
18617,0
18618,0
18619,0
18620,1
18621,0
18622,0
18623,0
18624,0
18625,0
18626,0
18627,0
18628,0
18629,0
18630,0
18631,0
18632,0
18633,1
18634,0
18635,0
18636,0
18637,0
18638,0
18639,1
18640,0
18641,0
18642,0
18643,0
18644,0
18645,0
18646,0
18647,1
18648,0
18649,0
18650,0
18651,0
18652,0
18653,0
18654,0
18655,0
18656,0
18657,0
18658,0
18659,0
18660,0
18661,1
18662,0
18663,1
18664,0
18665,0
18666,0
18667,0
18668,0
18669,0
18670,0
18671,0
18672,0
18673,0
18674,0
18675,0
18676,1
18677,0
18678,0
18679,0
18680,0
18681,0
18682,0
18683,0
18684,0
18685,0
18686,0
18687,0
18688,0
18689,0
18690,0
18691,0
18692,0
18693,0
18694,0
18695,0
18696,0
18697,1
18698,0
18699,0
18700,0
18701,0
18702,0
18703,0
18704,0
18705,1
18706,0
18707,0
18708,0
18709,0
18710,0
18711,1
18712,0
18713,0
18714,1
18715,0
18716,0
18717,0
18718,0
18719,0
18720,0
18721,1
18722,0
18723,0
18724,0
18725,0
18726,0
18727,0
18728,0
18729,0
18730,0
18731,0
18732,0
18733,1
18734,0
18735,0
18736,0
18737,0
18738,0
18739,1
18740,0
18741,1
18742,0
18743,0
18744,0
18745,0
18746,1
18747,0
18748,1
18749,0
18750,0
18751,1
18752,0
18753,0
18754,1
18755,0
18756,0
18757,0
18758,0
18759,0
18760,0
18761,0
18762,0
18763,0
18764,1
18765,0
18766,0
18767,0
18768,0
18769,0
18770,0
18771,0
18772,0
18773,0
18774,0
18775,0
18776,0
18777,0
18778,0
18779,0
18780,0
18781,0
18782,0
18783,0
18784,0
18785,0
18786,0
18787,0
18788,0
18789,0
18790,0
18791,0
18792,0
18793,0
18794,0
18795,1
18796,0
18797,0
18798,0
18799,0
18800,0
18801,1
18802,0
18803,0
18804,0
18805,0
18806,0
18807,0
18808,0
18809,0
18810,1
18811,0
18812,0
18813,0
18814,0
18815,0
18816,1
18817,0
18818,0
18819,0
18820,0
18821,0
18822,0
18823,0
18824,1
18825,0
18826,0
18827,0
18828,0
18829,0
18830,0
18831,0
18832,1
18833,0
18834,0
18835,0
18836,0
18837,0
18838,0
18839,0
18840,0
18841,0
18842,0
18843,0
18844,0
18845,1
18846,0
18847,0
18848,0
18849,0
18850,0
18851,0
18852,0
18853,0
18854,0
18855,1
18856,0
18857,0
18858,0
18859,0
18860,0
18861,1
18862,0
18863,0
18864,1
18865,0
18866,0
18867,0
18868,0
18869,0
18870,0
18871,0
18872,0
18873,0
18874,0
18875,0
18876,0
18877,1
18878,0
18879,0
18880,0
18881,0
18882,0
18883,0
18884,0
18885,0
18886,0
18887,1
18888,0
18889,0
18890,0
18891,0
18892,0
18893,0
18894,0
18895,0
18896,1
18897,0
18898,0
18899,1
18900,0
18901,0
18902,0
18903,0
18904,0
18905,0
18906,0
18907,1
18908,0
18909,0
18910,0
18911,0
18912,0
18913,0
18914,0
18915,0
18916,0
18917,0
18918,0
18919,1
18920,0
18921,1
18922,0
18923,0
18924,0
18925,0
18926,0
18927,0
18928,0
18929,1
18930,1
18931,0
18932,0
18933,1
18934,0
18935,0
18936,1
18937,0
18938,1
18939,0
18940,0
18941,0
18942,0
18943,0
18944,0
18945,0
18946,0
18947,0
18948,0
18949,0
18950,0
18951,0
18952,0
18953,0
18954,0
18955,0
18956,0
18957,0
18958,0
18959,0
18960,0
18961,0
18962,0
18963,0
18964,0
18965,0
18966,0
18967,0
18968,0
18969,1
18970,0
18971,0
18972,0
18973,1
18974,0
18975,0
18976,0
18977,0
18978,0
18979,0
18980,0
18981,0
18982,0
18983,0
18984,0
18985,0
18986,0
18987,0
18988,0
18989,0
18990,0
18991,0
18992,0
18993,0
18994,1
18995,0
18996,0
18997,0
18998,0
18999,0
19000,0
19001,0
19002,0
19003,0
19004,0
19005,1
19006,0
19007,0
19008,0
19009,1
19010,0
19011,0
19012,0
19013,0
19014,0
19015,0
19016,1
19017,0
19018,0
19019,0
19020,1
19021,0
19022,0
19023,0
19024,0
19025,0
19026,0
19027,0
19028,1
19029,0
19030,0
19031,0
19032,0
19033,1
19034,1
19035,0
19036,0
19037,0
19038,0
19039,0
19040,0
19041,0
19042,0
19043,0
19044,0
19045,0
19046,0
19047,0
19048,0
19049,0
19050,1
19051,0
19052,1
19053,0
19054,0
19055,0
19056,0
19057,0
19058,0
19059,0
19060,1
19061,0
19062,0
19063,0
19064,0
19065,0
19066,0
19067,0
19068,0
19069,0
19070,1
19071,0
19072,0
19073,0
19074,0
19075,0
19076,0
19077,0
19078,0
19079,0
19080,0
19081,0
19082,0
19083,1
19084,0
19085,0
19086,0
19087,0
19088,0
19089,0
19090,0
19091,1
19092,0
19093,0
19094,0
19095,0
19096,0
19097,1
19098,0
19099,0
19100,0
19101,0
19102,0
19103,0
19104,1
19105,0
19106,0
19107,0
19108,0
19109,0
19110,0
19111,0
19112,1
19113,0
19114,0
19115,0
19116,0
19117,0
19118,0
19119,0
19120,0
19121,0
19122,1
19123,0
19124,0
19125,0
19126,0
19127,0
19128,0
19129,0
19130,0
19131,0
19132,0
19133,1
19134,0
19135,0
19136,0
19137,0
19138,0
19139,0
19140,1
19141,0
19142,0
19143,0
19144,0
19145,0
19146,0
19147,0
19148,0
19149,0
19150,0
19151,0
19152,0
19153,0
19154,0
19155,0
19156,0
19157,0
19158,0
19159,0
19160,0
19161,0
19162,1
19163,0
19164,0
19165,0
19166,0
19167,0
19168,0
19169,0
19170,0
19171,0
19172,0
19173,0
19174,0
19175,0
19176,0
19177,0
19178,0
19179,0
19180,0
19181,0
19182,1
19183,0
19184,0
19185,0
19186,0
19187,0
19188,0
19189,0
19190,1
19191,0
19192,0
19193,0
19194,1
19195,0
19196,0
19197,1
19198,0
19199,0
19200,0
19201,1
19202,0
19203,1
19204,0
19205,0
19206,0
19207,0
19208,0
19209,0
19210,0
19211,0
19212,0
19213,1
19214,0
19215,1
19216,0
19217,0
19218,0
19219,0
19220,0
19221,0
19222,0
19223,0
19224,0
19225,0
19226,0
19227,0
19228,0
19229,0
19230,0
19231,0
19232,1
19233,0
19234,0
19235,0
19236,0
19237,0
19238,0
19239,0
19240,0
19241,0
19242,0
19243,0
19244,0
19245,0
19246,0
19247,0
19248,0
19249,0
19250,0
19251,0
19252,0
19253,0
19254,0
19255,0
19256,0
19257,0
19258,0
19259,0
19260,1
19261,0
19262,0
19263,0
19264,1
19265,0
19266,1
19267,0
19268,1
19269,0
19270,0
19271,0
19272,0
19273,0
19274,0
19275,0
19276,0
19277,0
19278,0
19279,0
19280,0
19281,0
19282,0
19283,0
19284,0
19285,0
19286,0
19287,0
19288,0
19289,0
19290,0
19291,0
19292,1
19293,0
19294,1
19295,0
19296,0
19297,0
19298,0
19299,0
19300,0
19301,0
19302,0
19303,0
19304,0
19305,0
19306,1
19307,0
19308,0
19309,0
19310,0
19311,0
19312,0
19313,0
19314,0
19315,0
19316,0
19317,0
19318,1
19319,0
19320,0
19321,0
19322,0
19323,0
19324,0
19325,0
19326,0
19327,0
19328,0
19329,0
19330,0
19331,1
19332,0
19333,1
19334,0
19335,1
19336,0
19337,1
19338,1
19339,0
19340,0
19341,0
19342,0
19343,0
19344,0
19345,0
19346,0
19347,0
19348,0
19349,0
19350,0
19351,1
19352,0
19353,0
19354,0
19355,0
19356,0
19357,0
19358,0
19359,0
19360,0
19361,1
19362,0
19363,0
19364,0
19365,0
19366,1
19367,0
19368,0
19369,0
19370,0
19371,0
19372,0
19373,1
19374,1
19375,1
19376,0
19377,1
19378,0
19379,0
19380,0
19381,0
19382,0
19383,0
19384,0
19385,0
19386,0
19387,1
19388,0
19389,0
19390,0
19391,0
19392,0
19393,0
19394,0
19395,0
19396,0
19397,0
19398,0
19399,0
19400,1
19401,0
19402,0
19403,0
19404,0
19405,0
19406,0
19407,0
19408,0
19409,0
19410,0
19411,1
19412,1
19413,0
19414,0
19415,0
19416,1
19417,0
19418,0
19419,0
19420,1
19421,1
19422,0
19423,0
19424,0
19425,0
19426,1
19427,0
19428,0
19429,0
19430,0
19431,0
19432,0
19433,0
19434,0
19435,0
19436,0
19437,0
19438,1
19439,1
19440,0
19441,0
19442,1
19443,0
19444,1
19445,0
19446,0
19447,0
19448,1
19449,0
19450,0
19451,0
19452,0
19453,0
19454,0
19455,0
19456,1
19457,1
19458,1
19459,0
19460,0
19461,0
19462,0
19463,0
19464,0
19465,0
19466,0
19467,0
19468,0
19469,0
19470,1
19471,0
19472,0
19473,0
19474,0
19475,0
19476,0
19477,0
19478,0
19479,0
19480,1
19481,0
19482,0
19483,0
19484,0
19485,0
19486,0
19487,0
19488,0
19489,0
19490,0
19491,0
19492,0
19493,0
19494,0
19495,0
19496,0
19497,0
19498,0
19499,0
19500,0
19501,0
19502,0
19503,0
19504,1
19505,0
19506,1
19507,0
19508,0
19509,0
19510,0
19511,0
19512,1
19513,0
19514,0
19515,0
19516,0
19517,0
19518,0
19519,0
19520,0
19521,0
19522,0
19523,0
19524,0
19525,0
19526,0
19527,0
19528,1
19529,1
19530,0
19531,0
19532,0
19533,0
19534,0
19535,0
19536,0
19537,1
19538,0
19539,0
19540,1
19541,0
19542,0
19543,0
19544,0
19545,0
19546,0
19547,0
19548,0
19549,0
19550,0
19551,0
19552,0
19553,0
19554,0
19555,1
19556,0
19557,0
19558,0
19559,0
19560,1
19561,0
19562,0
19563,0
19564,0
19565,0
19566,0
19567,0
19568,0
19569,0
19570,0
19571,0
19572,0
19573,0
19574,0
19575,0
19576,0
19577,0
19578,1
19579,1
19580,1
19581,0
19582,0
19583,0
19584,0
19585,0
19586,0
19587,0
19588,1
19589,1
19590,0
19591,1
19592,0
19593,0
19594,0
19595,0
19596,0
19597,0
19598,0
19599,0
19600,0
19601,0
19602,0
19603,0
19604,0
19605,0
19606,0
19607,0
19608,0
19609,1
19610,0
19611,0
19612,1
19613,1
19614,0
19615,0
19616,0
19617,0
19618,0
19619,0
19620,0
19621,0
19622,0
19623,1
19624,0
19625,0
19626,0
19627,0
19628,0
19629,1
19630,1
19631,0
19632,0
19633,0
19634,0
19635,0
19636,0
19637,0
19638,0
19639,0
19640,0
19641,0
19642,0
19643,1
19644,0
19645,0
19646,0
19647,0
19648,0
19649,0
19650,0
19651,1
19652,0
19653,1
19654,0
19655,0
19656,0
19657,1
19658,0
19659,0
19660,1
19661,0
19662,0
19663,0
19664,0
19665,0
19666,0
19667,0
19668,1
19669,0
19670,0
19671,0
19672,0
19673,0
19674,0
19675,0
19676,0
19677,0
19678,0
19679,0
19680,0
19681,0
19682,0
19683,0
19684,0
19685,0
19686,0
19687,0
19688,0
19689,0
19690,0
19691,0
19692,0
19693,0
19694,0
19695,0
19696,0
19697,0
19698,0
19699,0
19700,0
19701,0
19702,0
19703,0
19704,0
19705,0
19706,1
19707,0
19708,0
19709,0
19710,1
19711,0
19712,1
19713,0
19714,1
19715,0
19716,0
19717,1
19718,0
19719,0
19720,0
19721,0
19722,0
19723,0
19724,0
19725,0
19726,0
19727,0
19728,0
19729,0
19730,0
19731,0
19732,1
19733,0
19734,0
19735,0
19736,0
19737,0
19738,1
19739,0
19740,0
19741,0
19742,1
19743,0
19744,0
19745,0
19746,0
19747,0
19748,0
19749,1
19750,0
19751,0
19752,0
19753,0
19754,0
19755,0
19756,1
19757,0
19758,0
19759,0
19760,0
19761,1
19762,0
19763,0
19764,0
19765,0
19766,0
19767,0
19768,0
19769,0
19770,0
19771,0
19772,0
19773,1
19774,0
19775,0
19776,0
19777,0
19778,0
19779,0
19780,0
19781,0
19782,0
19783,0
19784,0
19785,0
19786,0
19787,0
19788,0
19789,0
19790,0
19791,0
19792,0
19793,1
19794,0
19795,0
19796,0
19797,0
19798,0
19799,0
19800,1
19801,0
19802,0
19803,0
19804,0
19805,0
19806,0
19807,0
19808,0
19809,0
19810,0
19811,0
19812,0
19813,0
19814,0
19815,0
19816,0
19817,0
19818,0
19819,0
19820,0
19821,0
19822,0
19823,0
19824,0
19825,0
19826,0
19827,0
19828,1
19829,0
19830,0
19831,0
19832,1
19833,0
19834,0
19835,0
19836,0
19837,1
19838,0
19839,0
19840,0
19841,0
19842,1
19843,0
19844,0
19845,0
19846,0
19847,0
19848,0
19849,0
19850,1
19851,0
19852,0
19853,0
19854,0
19855,0
19856,0
19857,1
19858,0
19859,0
19860,0
19861,1
19862,0
19863,0
19864,0
19865,0
19866,0
19867,0
19868,0
19869,0
19870,0
19871,0
19872,0
19873,0
19874,0
19875,0
19876,0
19877,0
19878,0
19879,1
19880,0
19881,0
19882,0
19883,0
19884,1
19885,0
19886,0
19887,0
19888,0
19889,1
19890,0
19891,0
19892,0
19893,0
19894,0
19895,1
19896,0
19897,0
19898,0
19899,0
19900,0
19901,0
19902,0
19903,0
19904,0
19905,0
19906,1
19907,0
19908,0
19909,0
19910,0
19911,0
19912,0
19913,0
19914,0
19915,0
19916,0
19917,1
19918,0
19919,0
19920,0
19921,0
19922,0
19923,0
19924,0
19925,0
19926,0
19927,0
19928,0
19929,0
19930,0
19931,1
19932,0
19933,0
19934,0
19935,0
19936,0
19937,0
19938,0
19939,0
19940,0
19941,0
19942,0
19943,0
19944,1
19945,1
19946,0
19947,0
19948,0
19949,0
19950,0
19951,0
19952,0
19953,1
19954,0
19955,0
19956,0
19957,0
19958,1
19959,0
19960,0
19961,0
19962,0
19963,0
19964,0
19965,0
19966,0
19967,0
19968,0
19969,0
19970,1
19971,0
19972,0
19973,1
19974,0
19975,0
19976,0
19977,0
19978,1
19979,0
19980,0
19981,0
19982,0
19983,0
19984,0
19985,0
19986,1
19987,0
19988,0
19989,0
19990,1
19991,0
19992,0
19993,0
19994,0
19995,0
19996,1
19997,0
19998,0
19999,0
20000,0
20001,0
20002,0
20003,1
20004,0
20005,0
20006,0
20007,0
20008,0
20009,0
20010,0
20011,0
20012,0
20013,1
20014,0
20015,0
20016,0
20017,0
20018,0
20019,1
20020,0
20021,0
20022,0
20023,0
20024,0
20025,0
20026,0
20027,0
20028,0
20029,0
20030,0
20031,0
20032,0
20033,0
20034,0
20035,0
20036,1
20037,0
20038,0
20039,0
20040,0
20041,0
20042,1
20043,0
20044,0
20045,0
20046,0
20047,1
20048,0
20049,0
20050,0
20051,0
20052,0
20053,0
20054,0
20055,0
20056,0
20057,0
20058,0
20059,0
20060,0
20061,0
20062,0
20063,0
20064,0
20065,0
20066,0
20067,0
20068,0
20069,0
20070,0
20071,0
20072,0
20073,0
20074,0
20075,0
20076,0
20077,0
20078,0
20079,1
20080,0
20081,0
20082,0
20083,0
20084,0
20085,0
20086,0
20087,0
20088,0
20089,0
20090,0
20091,0
20092,0
20093,0
20094,0
20095,0
20096,0
20097,0
20098,1
20099,1
20100,0
20101,0
20102,1
20103,0
20104,1
20105,1
20106,1
20107,0
20108,0
20109,0
20110,0
20111,0
20112,1
20113,0
20114,0
20115,0
20116,1
20117,0
20118,0
20119,0
20120,1
20121,0
20122,0
20123,0
20124,0
20125,0
20126,1
20127,0
20128,0
20129,0
20130,0
20131,0
20132,0
20133,0
20134,0
20135,0
20136,0
20137,0
20138,0
20139,0
20140,1
20141,0
20142,0
20143,0
20144,0
20145,0
20146,0
20147,1
20148,0
20149,0
20150,0
20151,0
20152,0
20153,0
20154,1
20155,0
20156,0
20157,0
20158,0
20159,0
20160,0
20161,0
20162,0
20163,0
20164,0
20165,0
20166,0
20167,0
20168,0
20169,0
20170,0
20171,0
20172,0
20173,1
20174,0
20175,0
20176,0
20177,0
20178,0
20179,0
20180,0
20181,0
20182,1
20183,0
20184,0
20185,0
20186,0
20187,0
20188,0
20189,0
20190,1
20191,0
20192,0
20193,0
20194,0
20195,0
20196,0
20197,0
20198,0
20199,0
20200,0
20201,0
20202,1
20203,0
20204,0
20205,1
20206,0
20207,0
20208,0
20209,0
20210,0
20211,0
20212,0
20213,0
20214,0
20215,1
20216,0
20217,0
20218,0
20219,0
20220,0
20221,0
20222,0
20223,0
20224,0
20225,0
20226,0
20227,0
20228,0
20229,0
20230,0
20231,0
20232,0
20233,0
20234,0
20235,0
20236,0
20237,1
20238,0
20239,0
20240,0
20241,0
20242,0
20243,0
20244,0
20245,0
20246,0
20247,0
20248,0
20249,1
20250,1
20251,0
20252,0
20253,0
20254,1
20255,0
20256,0
20257,0
20258,1
20259,0
20260,0
20261,0
20262,0
20263,0
20264,0
20265,0
20266,1
20267,0
20268,0
20269,0
20270,0
20271,0
20272,0
20273,0
20274,0
20275,0
20276,0
20277,0
20278,0
20279,0
20280,0
20281,0
20282,0
20283,0
20284,0
20285,0
20286,0
20287,0
20288,0
20289,0
20290,0
20291,0
20292,0
20293,0
20294,1
20295,0
20296,0
20297,0
20298,0
20299,0
20300,0
20301,0
20302,0
20303,0
20304,0
20305,0
20306,0
20307,0
20308,0
20309,0
20310,0
20311,0
20312,1
20313,0
20314,0
20315,0
20316,0
20317,0
20318,0
20319,0
20320,0
20321,0
20322,0
20323,0
20324,0
20325,0
20326,0
20327,0
20328,0
20329,0
20330,0
20331,0
20332,0
20333,0
20334,1
20335,0
20336,0
20337,0
20338,0
20339,0
20340,1
20341,0
20342,0
20343,0
20344,0
20345,0
20346,0
20347,0
20348,0
20349,1
20350,0
20351,1
20352,1
20353,0
20354,0
20355,0
20356,0
20357,0
20358,0
20359,0
20360,0
20361,0
20362,0
20363,0
20364,1
20365,0
20366,1
20367,0
20368,0
20369,0
20370,0
20371,1
20372,0
20373,0
20374,0
20375,0
20376,0
20377,0
20378,0
20379,0
20380,0
20381,0
20382,1
20383,0
20384,0
20385,0
20386,0
20387,0
20388,0
20389,0
20390,1
20391,0
20392,0
20393,0
20394,0
20395,0
20396,0
20397,0
20398,1
20399,0
20400,0
20401,1
20402,0
20403,0
20404,0
20405,0
20406,0
20407,0
20408,0
20409,0
20410,1
20411,1
20412,1
20413,0
20414,0
20415,0
20416,0
20417,0
20418,0
20419,0
20420,0
20421,0
20422,0
20423,0
20424,1
20425,0
20426,0
20427,0
20428,1
20429,1
20430,0
20431,0
20432,0
20433,0
20434,0
20435,0
20436,0
20437,0
20438,0
20439,0
20440,0
20441,0
20442,0
20443,0
20444,1
20445,0
20446,0
20447,0
20448,0
20449,0
20450,0
20451,1
20452,0
20453,0
20454,0
20455,0
20456,1
20457,0
20458,0
20459,1
20460,0
20461,0
20462,0
20463,0
20464,0
20465,0
20466,0
20467,0
20468,1
20469,0
20470,0
20471,1
20472,0
20473,0
20474,0
20475,0
20476,0
20477,0
20478,0
20479,1
20480,0
20481,0
20482,0
20483,1
20484,0
20485,1
20486,0
20487,0
20488,0
20489,0
20490,0
20491,0
20492,0
20493,1
20494,0
20495,0
20496,0
20497,0
20498,0
20499,0
20500,0
20501,0
20502,0
20503,0
20504,0
20505,0
20506,0
20507,0
20508,0
20509,0
20510,0
20511,0
20512,0
20513,0
20514,0
20515,0
20516,1
20517,0
20518,1
20519,0
20520,0
20521,0
20522,0
20523,0
20524,0
20525,0
20526,0
20527,1
20528,0
20529,0
20530,0
20531,0
20532,1
20533,0
20534,0
20535,0
20536,1
20537,0
20538,0
20539,0
20540,0
20541,0
20542,0
20543,0
20544,1
20545,0
20546,0
20547,0
20548,0
20549,0
20550,1
20551,0
20552,0
20553,0
20554,1
20555,0
20556,0
20557,0
20558,0
20559,0
20560,0
20561,0
20562,0
20563,0
20564,0
20565,0
20566,0
20567,0
20568,1
20569,0
20570,0
20571,0
20572,0
20573,0
20574,0
20575,0
20576,1
20577,0
20578,0
20579,0
20580,1
20581,0
20582,0
20583,0
20584,0
20585,0
20586,1
20587,0
20588,0
20589,0
20590,0
20591,1
20592,0
20593,0
20594,0
20595,0
20596,0
20597,0
20598,0
20599,1
20600,0
20601,0
20602,0
20603,1
20604,0
20605,0
20606,0
20607,0
20608,0
20609,0
20610,0
20611,0
20612,0
20613,0
20614,0
20615,1
20616,1
20617,0
20618,0
20619,0
20620,0
20621,0
20622,0
20623,0
20624,0
20625,0
20626,1
20627,0
20628,0
20629,0
20630,1
20631,0
20632,0
20633,0
20634,0
20635,0
20636,0
20637,0
20638,1
20639,0
20640,1
20641,0
20642,0
20643,0
20644,0
20645,0
20646,0
20647,0
20648,0
20649,0
20650,0
20651,0
20652,0
20653,1
20654,1
20655,0
20656,0
20657,0
20658,0
20659,0
20660,0
20661,0
20662,0
20663,0
20664,0
20665,0
20666,0
20667,0
20668,1
20669,0
20670,0
20671,0
20672,0
20673,1
20674,0
20675,0
20676,0
20677,0
20678,0
20679,1
20680,0
20681,0
20682,0
20683,1
20684,0
20685,0
20686,0
20687,0
20688,0
20689,0
20690,0
20691,0
20692,1
20693,0
20694,0
20695,0
20696,0
20697,1
20698,1
20699,0
20700,0
20701,0
20702,0
20703,0
20704,0
20705,0
20706,0
20707,0
20708,0
20709,0
20710,1
20711,0
20712,0
20713,0
20714,0
20715,0
20716,0
20717,0
20718,0
20719,0
20720,0
20721,0
20722,0
20723,0
20724,0
20725,1
20726,0
20727,0
20728,0
20729,0
20730,0
20731,1
20732,0
20733,0
20734,0
20735,0
20736,0
20737,0
20738,0
20739,0
20740,0
20741,0
20742,0
20743,0
20744,0
20745,0
20746,0
20747,0
20748,0
20749,0
20750,1
20751,0
20752,0
20753,0
20754,0
20755,0
20756,1
20757,0
20758,0
20759,0
20760,1
20761,0
20762,0
20763,1
20764,0
20765,0
20766,1
20767,0
20768,0
20769,1
20770,0
20771,1
20772,0
20773,1
20774,0
20775,0
20776,0
20777,0
20778,0
20779,1
20780,0
20781,0
20782,0
20783,0
20784,0
20785,0
20786,0
20787,1
20788,0
20789,0
20790,0
20791,0
20792,0
20793,0
20794,0
20795,0
20796,0
20797,0
20798,0
20799,0
20800,0
20801,1
20802,0
20803,0
20804,0
20805,0
20806,0
20807,0
20808,0
20809,1
20810,0
20811,0
20812,0
20813,0
20814,1
20815,0
20816,0
20817,0
20818,0
20819,0
20820,1
20821,0
20822,0
20823,0
20824,0
20825,0
20826,0
20827,1
20828,0
20829,0
20830,0
20831,1
20832,0
20833,0
20834,0
20835,0
20836,0
20837,0
20838,0
20839,0
20840,0
20841,0
20842,0
20843,0
20844,0
20845,0
20846,0
20847,0
20848,0
20849,1
20850,0
20851,0
20852,0
20853,0
20854,0
20855,0
20856,0
20857,0
20858,1
20859,0
20860,0
20861,0
20862,1
20863,0
20864,0
20865,0
20866,0
20867,0
20868,0
20869,0
20870,0
20871,0
20872,1
20873,1
20874,0
20875,1
20876,0
20877,0
20878,0
20879,0
20880,1
20881,0
20882,0
20883,0
20884,0
20885,0
20886,0
20887,0
20888,0
20889,0
20890,0
20891,0
20892,0
20893,0
20894,0
20895,0
20896,0
20897,0
20898,0
20899,0
20900,0
20901,0
20902,1
20903,0
20904,0
20905,0
20906,0
20907,0
20908,0
20909,0
20910,0
20911,0
20912,1
20913,1
20914,0
20915,0
20916,0
20917,0
20918,0
20919,0
20920,1
20921,0
20922,1
20923,0
20924,0
20925,0
20926,0
20927,0
20928,0
20929,0
20930,0
20931,0
20932,0
20933,0
20934,1
20935,0
20936,0
20937,0
20938,0
20939,0
20940,0
20941,0
20942,0
20943,0
20944,0
20945,0
20946,0
20947,0
20948,0
20949,0
20950,0
20951,0
20952,0
20953,0
20954,0
20955,0
20956,0
20957,0
20958,0
20959,0
20960,0
20961,0
20962,0
20963,0
20964,0
20965,0
20966,1
20967,0
20968,0
20969,0
20970,0
20971,0
20972,0
20973,1
20974,0
20975,0
20976,0
20977,0
20978,0
20979,0
20980,1
20981,0
20982,0
20983,0
20984,1
20985,0
20986,0
20987,1
20988,0
20989,1
20990,0
20991,0
20992,0
20993,0
20994,0
20995,0
20996,0
20997,0
20998,0
20999,0
21000,0
21001,0
21002,0
21003,0
21004,0
21005,0
21006,0
21007,0
21008,0
21009,0
21010,0
21011,0
21012,0
21013,0
21014,0
21015,0
21016,0
21017,0
21018,0
21019,0
21020,1
21021,0
21022,0
21023,0
21024,1
21025,1
21026,0
21027,0
21028,0
21029,0
21030,0
21031,0
21032,0
21033,1
21034,0
21035,0
21036,0
21037,0
21038,1
21039,0
21040,0
21041,1
21042,0
21043,0
21044,0
21045,0
21046,0
21047,0
21048,0
21049,0
21050,0
21051,0
21052,0
21053,0
21054,0
21055,0
21056,0
21057,0
21058,0
21059,1
21060,0
21061,0
21062,0
21063,1
21064,0
21065,1
21066,1
21067,0
21068,1
21069,1
21070,0
21071,0
21072,1
21073,0
21074,0
21075,0
21076,0
21077,0
21078,0
21079,1
21080,0
21081,0
21082,0
21083,0
21084,0
21085,0
21086,0
21087,0
21088,0
21089,0
21090,0
21091,0
21092,0
21093,0
21094,0
21095,0
21096,0
21097,0
21098,1
21099,0
21100,0
21101,0
21102,0
21103,0
21104,0
21105,0
21106,0
21107,0
21108,0
21109,0
21110,0
21111,0
21112,0
21113,0
21114,0
21115,0
21116,0
21117,0
21118,0
21119,0
21120,0
21121,0
21122,1
21123,0
21124,0
21125,1
21126,0
21127,0
21128,0
21129,0
21130,0
21131,0
21132,0
21133,0
21134,0
21135,0
21136,0
21137,0
21138,0
21139,0
21140,0
21141,0
21142,0
21143,0
21144,0
21145,0
21146,0
21147,0
21148,0
21149,0
21150,0
21151,0
21152,0
21153,0
21154,0
21155,1
21156,0
21157,0
21158,0
21159,0
21160,0
21161,0
21162,0
21163,0
21164,0
21165,0
21166,0
21167,1
21168,0
21169,0
21170,1
21171,0
21172,0
21173,0
21174,0
21175,0
21176,0
21177,0
21178,0
21179,0
21180,1
21181,0
21182,0
21183,0
21184,1
21185,0
21186,0
21187,0
21188,0
21189,0
21190,0
21191,0
21192,1
21193,0
21194,0
21195,0
21196,0
21197,1
21198,0
21199,0
21200,0
21201,0
21202,0
21203,0
21204,0
21205,0
21206,0
21207,0
21208,0
21209,0
21210,0
21211,0
21212,0
21213,0
21214,0
21215,0
21216,0
21217,0
21218,1
21219,0
21220,0
21221,0
21222,0
21223,0
21224,0
21225,0
21226,0
21227,0
21228,0
21229,0
21230,0
21231,0
21232,0
21233,0
21234,0
21235,0
21236,0
21237,0
21238,0
21239,0
21240,0
21241,0
21242,0
21243,0
21244,0
21245,0
21246,0
21247,0
21248,0
21249,0
21250,0
21251,0
21252,0
21253,0
21254,0
21255,0
21256,0
21257,0
21258,0
21259,0
21260,0
21261,0
21262,0
21263,0
21264,0
21265,0
21266,0
21267,0
21268,0
21269,0
21270,0
21271,1
21272,1
21273,0
21274,0
21275,0
21276,0
21277,0
21278,0
21279,0
21280,0
21281,0
21282,1
21283,0
21284,0
21285,1
21286,0
21287,0
21288,0
21289,0
21290,0
21291,0
21292,0
21293,0
21294,0
21295,0
21296,0
21297,0
21298,0
21299,0
21300,0
21301,0
21302,0
21303,0
21304,0
21305,0
21306,0
21307,0
21308,0
21309,0
21310,0
21311,0
21312,0
21313,1
21314,0
21315,1
21316,0
21317,0
21318,0
21319,0
21320,0
21321,0
21322,0
21323,0
21324,0
21325,0
21326,0
21327,0
21328,0
21329,0
21330,0
21331,0
21332,0
21333,0
21334,0
21335,0
21336,0
21337,0
21338,0
21339,0
21340,0
21341,0
21342,0
21343,0
21344,0
21345,0
21346,0
21347,0
21348,0
21349,1
21350,0
21351,0
21352,0
21353,0
21354,0
21355,0
21356,0
21357,0
21358,0
21359,0
21360,0
21361,0
21362,0
21363,0
21364,0
21365,0
21366,0
21367,0
21368,0
21369,0
21370,0
21371,0
21372,0
21373,0
21374,0
21375,0
21376,1
21377,0
21378,1
21379,1
21380,0
21381,0
21382,0
21383,0
21384,0
21385,0
21386,0
21387,0
21388,0
21389,0
21390,0
21391,0
21392,0
21393,0
21394,0
21395,0
21396,1
21397,0
21398,0
21399,0
21400,0
21401,1
21402,0
21403,0
21404,0
21405,0
21406,0
21407,1
21408,0
21409,0
21410,0
21411,0
21412,0
21413,0
21414,0
21415,0
21416,1
21417,0
21418,0
21419,0
21420,0
21421,0
21422,0
21423,0
21424,0
21425,1
21426,0
21427,0
21428,0
21429,0
21430,0
21431,0
21432,0
21433,0
21434,0
21435,0
21436,0
21437,0
21438,0
21439,0
21440,0
21441,0
21442,1
21443,0
21444,0
21445,0
21446,0
21447,0
21448,1
21449,0
21450,0
21451,0
21452,0
21453,0
21454,0
21455,0
21456,0
21457,0
21458,0
21459,0
21460,1
21461,0
21462,0
21463,0
21464,0
21465,0
21466,0
21467,0
21468,1
21469,0
21470,0
21471,0
21472,0
21473,0
21474,1
21475,0
21476,0
21477,0
21478,0
21479,0
21480,0
21481,0
21482,0
21483,0
21484,1
21485,0
21486,0
21487,0
21488,0
21489,0
21490,0
21491,1
21492,0
21493,0
21494,0
21495,0
21496,0
21497,0
21498,0
21499,0
21500,0
21501,0
21502,0
21503,0
21504,0
21505,0
21506,0
21507,0
21508,0
21509,1
21510,1
21511,0
21512,0
21513,0
21514,0
21515,0
21516,1
21517,0
21518,0
21519,1
21520,0
21521,0
21522,0
21523,0
21524,1
21525,1
21526,0
21527,0
21528,1
21529,0
21530,0
21531,0
21532,0
21533,0
21534,1
21535,0
21536,0
21537,0
21538,0
21539,0
21540,0
21541,1
21542,1
21543,0
21544,0
21545,0
21546,0
21547,0
21548,0
21549,0
21550,0
21551,0
21552,0
21553,0
21554,0
21555,0
21556,1
21557,0
21558,0
21559,1
21560,0
21561,0
21562,0
21563,0
21564,0
21565,0
21566,0
21567,0
21568,0
21569,0
21570,0
21571,0
21572,0
21573,0
21574,0
21575,0
21576,1
21577,1
21578,0
21579,0
21580,1
21581,1
21582,0
21583,1
21584,0
21585,0
21586,1
21587,0
21588,0
21589,1
21590,0
21591,0
21592,0
21593,0
21594,1
21595,0
21596,0
21597,0
21598,0
21599,0
21600,1
21601,0
21602,0
21603,0
21604,0
21605,0
21606,0
21607,1
21608,0
21609,1
21610,0
21611,0
21612,0
21613,0
21614,0
21615,0
21616,0
21617,0
21618,0
21619,0
21620,0
21621,0
21622,0
21623,0
21624,0
21625,0
21626,0
21627,0
21628,0
21629,0
21630,1
21631,1
21632,0
21633,0
21634,0
21635,0
21636,0
21637,0
21638,1
21639,0
21640,0
21641,1
21642,0
21643,1
21644,0
21645,0
21646,0
21647,1
21648,0
21649,0
21650,0
21651,1
21652,0
21653,0
21654,0
21655,0
21656,1
21657,0
21658,1
21659,0
21660,0
21661,0
21662,0
21663,0
21664,0
21665,0
21666,0
21667,0
21668,0
21669,0
21670,0
21671,0
21672,0
21673,0
21674,0
21675,0
21676,0
21677,0
21678,0
21679,0
21680,0
21681,0
21682,0
21683,0
21684,0
21685,0
21686,0
21687,0
21688,0
21689,0
21690,0
21691,0
21692,0
21693,0
21694,0
21695,0
21696,1
21697,0
21698,0
21699,0
21700,0
21701,0
21702,1
21703,1
21704,0
21705,0
21706,0
21707,0
21708,1
21709,0
21710,0
21711,0
21712,0
21713,0
21714,0
21715,0
21716,0
21717,0
21718,0
21719,0
21720,0
21721,1
21722,0
21723,0
21724,0
21725,0
21726,1
21727,0
21728,0
21729,0
21730,0
21731,0
21732,0
21733,0
21734,0
21735,0
21736,0
21737,0
21738,0
21739,1
21740,0
21741,0
21742,0
21743,0
21744,0
21745,0
21746,0
21747,0
21748,0
21749,1
21750,0
21751,0
21752,0
21753,0
21754,0
21755,0
21756,0
21757,0
21758,0
21759,0
21760,0
21761,0
21762,0
21763,0
21764,0
21765,0
21766,0
21767,0
21768,0
21769,1
21770,0
21771,1
21772,0
21773,0
21774,0
21775,0
21776,0
21777,0
21778,0
21779,0
21780,0
21781,0
21782,1
21783,0
21784,0
21785,1
21786,0
21787,0
21788,0
21789,0
21790,0
21791,0
21792,0
21793,0
21794,1
21795,0
21796,0
21797,0
21798,0
21799,0
21800,0
21801,1
21802,0
21803,0
21804,0
21805,0
21806,0
21807,0
21808,0
21809,1
21810,0
21811,0
21812,0
21813,0
21814,0
21815,0
21816,0
21817,1
21818,0
21819,0
21820,0
21821,0
21822,1
21823,0
21824,0
21825,0
21826,0
21827,0
21828,0
21829,0
21830,0
21831,0
21832,0
21833,0
21834,1
21835,0
21836,0
21837,0
21838,0
21839,1
21840,0
21841,0
21842,0
21843,0
21844,0
21845,0
21846,1
21847,0
21848,0
21849,0
21850,0
21851,0
21852,0
21853,0
21854,0
21855,0
21856,0
21857,0
21858,0
21859,0
21860,1
21861,0
21862,0
21863,0
21864,0
21865,0
21866,1
21867,0
21868,0
21869,0
21870,0
21871,0
21872,0
21873,0
21874,0
21875,1
21876,0
21877,0
21878,0
21879,0
21880,0
21881,0
21882,1
21883,0
21884,0
21885,0
21886,0
21887,0
21888,0
21889,0
21890,0
21891,0
21892,0
21893,0
21894,0
21895,0
21896,0
21897,0
21898,0
21899,0
21900,1
21901,0
21902,0
21903,0
21904,0
21905,0
21906,0
21907,0
21908,1
21909,0
21910,0
21911,0
21912,0
21913,0
21914,0
21915,0
21916,0
21917,0
21918,0
21919,1
21920,0
21921,1
21922,0
21923,0
21924,0
21925,0
21926,0
21927,0
21928,0
21929,0
21930,1
21931,1
21932,0
21933,0
21934,0
21935,0
21936,1
21937,0
21938,0
21939,0
21940,0
21941,1
21942,0
21943,0
21944,0
21945,0
21946,0
21947,1
21948,1
21949,0
21950,0
21951,0
21952,0
21953,1
21954,0
21955,1
21956,0
21957,0
21958,0
21959,1
21960,0
21961,0
21962,0
21963,0
21964,0
21965,0
21966,1
21967,0
21968,1
21969,1
21970,0
21971,1
21972,0
21973,0
21974,0
21975,0
21976,0
21977,0
21978,0
21979,1
21980,0
21981,0
21982,0
21983,1
21984,1
21985,0
21986,0
21987,0
21988,0
21989,0
21990,0
21991,0
21992,0
21993,0
21994,0
21995,0
21996,0
21997,0
21998,0
21999,0
22000,0
22001,0
22002,0
22003,0
22004,0
22005,0
22006,0
22007,0
22008,0
22009,0
22010,0
22011,0
22012,0
22013,0
22014,0
22015,0
22016,1
22017,0
22018,0
22019,0
22020,0
22021,0
22022,0
22023,0
22024,0
22025,0
22026,0
22027,0
22028,0
22029,0
22030,0
22031,0
22032,0
22033,0
22034,0
22035,0
22036,0
22037,0
22038,0
22039,0
22040,0
22041,0
22042,0
22043,0
22044,0
22045,0
22046,0
22047,0
22048,1
22049,0
22050,1
22051,0
22052,0
22053,0
22054,0
22055,0
22056,0
22057,1
22058,1
22059,0
22060,0
22061,0
22062,0
22063,0
22064,0
22065,0
22066,1
22067,0
22068,0
22069,0
22070,0
22071,0
22072,0
22073,0
22074,0
22075,0
22076,0
22077,0
22078,0
22079,0
22080,0
22081,0
22082,0
22083,0
22084,0
22085,0
22086,0
22087,0
22088,0
22089,0
22090,1
22091,0
22092,0
22093,0
22094,0
22095,0
22096,1
22097,0
22098,0
22099,0
22100,0
22101,0
22102,0
22103,0
22104,0
22105,1
22106,0
22107,1
22108,1
22109,0
22110,0
22111,0
22112,0
22113,1
22114,1
22115,0
22116,0
22117,0
22118,0
22119,0
22120,0
22121,0
22122,0
22123,0
22124,0
22125,0
22126,0
22127,1
22128,0
22129,0
22130,0
22131,0
22132,1
22133,0
22134,0
22135,0
22136,0
22137,0
22138,0
22139,0
22140,0
22141,0
22142,0
22143,0
22144,0
22145,0
22146,0
22147,0
22148,0
22149,0
22150,0
22151,0
22152,0
22153,0
22154,0
22155,0
22156,0
22157,0
22158,1
22159,0
22160,1
22161,0
22162,0
22163,0
22164,0
22165,0
22166,0
22167,0
22168,0
22169,0
22170,0
22171,0
22172,0
22173,1
22174,0
22175,0
22176,0
22177,0
22178,0
22179,0
22180,0
22181,0
22182,0
22183,0
22184,0
22185,0
22186,0
22187,0
22188,0
22189,0
22190,0
22191,0
22192,0
22193,0
22194,1
22195,1
22196,0
22197,1
22198,0
22199,0
22200,0
22201,1
22202,0
22203,0
22204,0
22205,1
22206,0
22207,0
22208,0
22209,0
22210,0
22211,0
22212,1
22213,0
22214,0
22215,0
22216,0
22217,0
22218,0
22219,1
22220,0
22221,0
22222,0
22223,1
22224,0
22225,0
22226,0
22227,1
22228,0
22229,0
22230,0
22231,1
22232,0
22233,0
22234,0
22235,0
22236,0
22237,0
22238,0
22239,0
22240,0
22241,0
22242,0
22243,0
22244,0
22245,0
22246,0
22247,0
22248,0
22249,0
22250,1
22251,0
22252,0
22253,1
22254,0
22255,1
22256,0
22257,0
22258,0
22259,0
22260,0
22261,1
22262,0
22263,0
22264,0
22265,0
22266,1
22267,0
22268,0
22269,0
22270,0
22271,0
22272,0
22273,0
22274,0
22275,0
22276,0
22277,0
22278,0
22279,0
22280,0
22281,0
22282,0
22283,0
22284,1
22285,0
22286,1
22287,0
22288,1
22289,0
22290,0
22291,0
22292,0
22293,1
22294,1
22295,0
22296,0
22297,1
22298,0
22299,0
22300,1
22301,0
22302,0
22303,0
22304,0
22305,0
22306,0
22307,0
22308,1
22309,0
22310,0
22311,1
22312,0
22313,0
22314,0
22315,0
22316,0
22317,0
22318,0
22319,0
22320,1
22321,0
22322,0
22323,0
22324,1
22325,0
22326,0
22327,1
22328,0
22329,0
22330,0
22331,0
22332,0
22333,0
22334,0
22335,0
22336,1
22337,0
22338,0
22339,0
22340,0
22341,0
22342,0
22343,0
22344,0
22345,0
22346,0
22347,0
22348,0
22349,0
22350,0
22351,0
22352,0
22353,0
22354,0
22355,0
22356,0
22357,0
22358,1
22359,0
22360,0
22361,0
22362,0
22363,0
22364,0
22365,0
22366,0
22367,0
22368,0
22369,0
22370,1
22371,0
22372,0
22373,0
22374,0
22375,0
22376,0
22377,0
22378,0
22379,0
22380,0
22381,0
22382,1
22383,0
22384,0
22385,0
22386,0
22387,0
22388,0
22389,0
22390,1
22391,0
22392,0
22393,0
22394,0
22395,0
22396,0
22397,0
22398,0
22399,0
22400,0
22401,1
22402,1
22403,0
22404,1
22405,0
22406,0
22407,0
22408,0
22409,0
22410,0
22411,1
22412,0
22413,0
22414,0
22415,0
22416,0
22417,0
22418,0
22419,0
22420,0
22421,0
22422,0
22423,1
22424,0
22425,0
22426,0
22427,0
22428,1
22429,0
22430,0
22431,0
22432,0
22433,0
22434,0
22435,0
22436,0
22437,0
22438,0
22439,0
22440,0
22441,0
22442,0
22443,0
22444,0
22445,1
22446,0
22447,0
22448,0
22449,1
22450,0
22451,0
22452,0
22453,0
22454,0
22455,1
22456,1
22457,1
22458,0
22459,1
22460,0
22461,1
22462,0
22463,0
22464,0
22465,1
22466,0
22467,0
22468,0
22469,0
22470,0
22471,0
22472,0
22473,0
22474,0
22475,0
22476,0
22477,0
22478,0
22479,0
22480,0
22481,1
22482,0
22483,0
22484,0
22485,0
22486,0
22487,1
22488,0
22489,0
22490,0
22491,0
22492,0
22493,0
22494,0
22495,0
22496,0
22497,0
22498,0
22499,0
22500,0
22501,0
22502,0
22503,0
22504,0
22505,0
22506,0
22507,0
22508,1
22509,0
22510,0
22511,0
22512,0
22513,0
22514,0
22515,0
22516,0
22517,0
22518,0
22519,0
22520,0
22521,0
22522,0
22523,0
22524,0
22525,1
22526,0
22527,0
22528,0
22529,0
22530,0
22531,0
22532,0
22533,0
22534,1
22535,0
22536,0
22537,0
22538,0
22539,0
22540,0
22541,0
22542,0
22543,0
22544,0
22545,0
22546,0
22547,0
22548,0
22549,0
22550,1
22551,0
22552,0
22553,1
22554,0
22555,0
22556,0
22557,0
22558,1
22559,0
22560,0
22561,0
22562,0
22563,0
22564,0
22565,0
22566,0
22567,0
22568,0
22569,0
22570,0
22571,0
22572,1
22573,0
22574,0
22575,0
22576,0
22577,0
22578,0
22579,0
22580,0
22581,0
22582,0
22583,0
22584,0
22585,1
22586,1
22587,0
22588,0
22589,0
22590,0
22591,0
22592,0
22593,1
22594,0
22595,0
22596,0
22597,0
22598,0
22599,0
22600,0
22601,0
22602,0
22603,0
22604,0
22605,0
22606,0
22607,0
22608,1
22609,0
22610,0
22611,0
22612,0
22613,0
22614,1
22615,0
22616,0
22617,0
22618,0
22619,0
22620,0
22621,0
22622,0
22623,0
22624,0
22625,0
22626,0
22627,0
22628,1
22629,0
22630,0
22631,0
22632,0
22633,0
22634,0
22635,0
22636,0
22637,0
22638,0
22639,0
22640,0
22641,0
22642,0
22643,0
22644,0
22645,0
22646,0
22647,0
22648,0
22649,0
22650,0
22651,1
22652,1
22653,0
22654,0
22655,0
22656,0
22657,1
22658,0
22659,0
22660,0
22661,0
22662,0
22663,0
22664,0
22665,0
22666,0
22667,0
22668,0
22669,0
22670,0
22671,0
22672,1
22673,0
22674,0
22675,0
22676,0
22677,0
22678,0
22679,0
22680,0
22681,0
22682,0
22683,0
22684,0
22685,0
22686,0
22687,0
22688,0
22689,0
22690,1
22691,0
22692,0
22693,0
22694,0
22695,0
22696,0
22697,0
22698,0
22699,1
22700,0
22701,1
22702,0
22703,0
22704,0
22705,0
22706,0
22707,0
22708,1
22709,0
22710,0
22711,0
22712,0
22713,0
22714,1
22715,0
22716,1
22717,0
22718,1
22719,0
22720,0
22721,0
22722,0
22723,0
22724,0
22725,0
22726,0
22727,0
22728,0
22729,0
22730,0
22731,0
22732,1
22733,0
22734,0
22735,0
22736,0
22737,0
22738,0
22739,0
22740,0
22741,0
22742,0
22743,0
22744,0
22745,0
22746,0
22747,0
22748,0
22749,0
22750,0
22751,0
22752,0
22753,0
22754,0
22755,0
22756,0
22757,0
22758,0
22759,0
22760,0
22761,0
22762,0
22763,0
22764,0
22765,0
22766,0
22767,0
22768,0
22769,0
22770,0
22771,0
22772,0
22773,0
22774,0
22775,0
22776,0
22777,0
22778,0
22779,0
22780,0
22781,1
22782,0
22783,0
22784,1
22785,0
22786,0
22787,0
22788,0
22789,0
22790,0
22791,0
22792,0
22793,0
22794,0
22795,0
22796,0
22797,1
22798,0
22799,1
22800,1
22801,0
22802,0
22803,0
22804,0
22805,1
22806,0
22807,1
22808,0
22809,0
22810,0
22811,0
22812,0
22813,0
22814,0
22815,0
22816,0
22817,0
22818,0
22819,0
22820,0
22821,0
22822,0
22823,1
22824,0
22825,0
22826,0
22827,0
22828,0
22829,0
22830,0
22831,0
22832,0
22833,0
22834,1
22835,0
22836,1
22837,0
22838,0
22839,0
22840,1
22841,0
22842,0
22843,0
22844,1
22845,1
22846,0
22847,0
22848,0
22849,0
22850,0
22851,0
22852,0
22853,0
22854,0
22855,0
22856,0
22857,0
22858,1
22859,1
22860,0
22861,0
22862,1
22863,0
22864,1
22865,0
22866,0
22867,1
22868,0
22869,0
22870,0
22871,0
22872,0
22873,0
22874,0
22875,0
22876,0
22877,0
22878,0
22879,0
22880,0
22881,0
22882,0
22883,0
22884,0
22885,0
22886,0
22887,0
22888,1
22889,0
22890,0
22891,0
22892,0
22893,0
22894,1
22895,1
22896,1
22897,0
22898,0
22899,0
22900,0
22901,0
22902,0
22903,0
22904,0
22905,1
22906,0
22907,0
22908,0
22909,0
22910,1
22911,0
22912,1
22913,0
22914,0
22915,0
22916,0
22917,1
22918,0
22919,0
22920,0
22921,0
22922,0
22923,1
22924,0
22925,1
22926,0
22927,0
22928,0
22929,0
22930,0
22931,0
22932,0
22933,0
22934,0
22935,0
22936,0
22937,0
22938,0
22939,0
22940,1
22941,0
22942,0
22943,0
22944,1
22945,0
22946,0
22947,0
22948,0
22949,0
22950,0
22951,0
22952,0
22953,0
22954,0
22955,1
22956,0
22957,0
22958,0
22959,0
22960,0
22961,1
22962,0
22963,0
22964,0
22965,0
22966,0
22967,0
22968,0
22969,0
22970,0
22971,0
22972,0
22973,0
22974,0
22975,0
22976,0
22977,0
22978,0
22979,0
22980,0
22981,0
22982,0
22983,0
22984,0
22985,0
22986,0
22987,0
22988,0
22989,0
22990,0
22991,1
22992,0
22993,0
22994,0
22995,0
22996,0
22997,0
22998,0
22999,1
23000,0
23001,0
23002,0
23003,0
23004,0
23005,0
23006,1
23007,0
23008,0
23009,0
23010,1
23011,0
23012,0
23013,1
23014,0
23015,0
23016,1
23017,0
23018,0
23019,0
23020,0
23021,0
23022,0
23023,0
23024,1
23025,1
23026,1
23027,1
23028,1
23029,0
23030,1
23031,0
23032,0
23033,0
23034,0
23035,0
23036,1
23037,0
23038,0
23039,0
23040,0
23041,0
23042,0
23043,0
23044,0
23045,0
23046,1
23047,0
23048,0
23049,0
23050,0
23051,0
23052,0
23053,0
23054,0
23055,0
23056,0
23057,0
23058,0
23059,1
23060,0
23061,0
23062,0
23063,0
23064,0
23065,0
23066,0
23067,0
23068,0
23069,0
23070,0
23071,0
23072,0
23073,0
23074,1
23075,0
23076,0
23077,0
23078,0
23079,0
23080,0
23081,0
23082,0
23083,0
23084,0
23085,0
23086,0
23087,0
23088,0
23089,0
23090,0
23091,0
23092,0
23093,0
23094,0
23095,0
23096,0
23097,0
23098,0
23099,1
23100,0
23101,0
23102,0
23103,0
23104,0
23105,0
23106,0
23107,0
23108,0
23109,0
23110,0
23111,0
23112,0
23113,0
23114,0
23115,1
23116,0
23117,0
23118,1
23119,0
23120,0
23121,0
23122,0
23123,0
23124,0
23125,0
23126,0
23127,0
23128,0
23129,0
23130,0
23131,0
23132,1
23133,0
23134,0
23135,0
23136,0
23137,0
23138,0
23139,0
23140,0
23141,0
23142,0
23143,0
23144,0
23145,0
23146,0
23147,0
23148,0
23149,0
23150,0
23151,0
23152,1
23153,0
23154,0
23155,1
23156,0
23157,1
23158,0
23159,0
23160,0
23161,0
23162,0
23163,0
23164,0
23165,0
23166,0
23167,0
23168,0
23169,0
23170,0
23171,0
23172,1
23173,0
23174,1
23175,0
23176,0
23177,0
23178,0
23179,0
23180,0
23181,0
23182,1
23183,0
23184,0
23185,0
23186,0
23187,0
23188,0
23189,0
23190,0
23191,0
23192,1
23193,0
23194,0
23195,0
23196,0
23197,0
23198,0
23199,0
23200,0
23201,0
23202,0
23203,0
23204,0
23205,0
23206,0
23207,0
23208,0
23209,0
23210,0
23211,1
23212,0
23213,0
23214,0
23215,0
23216,0
23217,0
23218,0
23219,0
23220,0
23221,1
23222,0
23223,0
23224,0
23225,0
23226,0
23227,1
23228,0
23229,1
23230,0
23231,0
23232,0
23233,0
23234,0
23235,0
23236,0
23237,0
23238,0
23239,0
23240,0
23241,0
23242,0
23243,0
23244,0
23245,0
23246,0
23247,1
23248,0
23249,0
23250,0
23251,0
23252,0
23253,0
23254,0
23255,1
23256,0
23257,0
23258,0
23259,0
23260,1
23261,0
23262,0
23263,0
23264,0
23265,0
23266,0
23267,0
23268,0
23269,0
23270,0
23271,0
23272,1
23273,1
23274,0
23275,1
23276,1
23277,1
23278,0
23279,1
23280,0
23281,0
23282,0
23283,1
23284,0
23285,0
23286,0
23287,1
23288,0
23289,0
23290,0
23291,0
23292,0
23293,0
23294,0
23295,0
23296,0
23297,0
23298,0
23299,0
23300,0
23301,0
23302,1
23303,0
23304,0
23305,0
23306,0
23307,0
23308,0
23309,0
23310,1
23311,0
23312,0
23313,0
23314,0
23315,0
23316,0
23317,0
23318,0
23319,0
23320,0
23321,0
23322,0
23323,1
23324,0
23325,1
23326,0
23327,0
23328,0
23329,0
23330,0
23331,0
23332,0
23333,0
23334,0
23335,0
23336,0
23337,0
23338,0
23339,0
23340,0
23341,0
23342,0
23343,0
23344,0
23345,0
23346,0
23347,0
23348,0
23349,1
23350,0
23351,0
23352,0
23353,0
23354,1
23355,0
23356,0
23357,1
23358,0
23359,0
23360,0
23361,0
23362,0
23363,0
23364,0
23365,0
23366,1
23367,0
23368,0
23369,0
23370,0
23371,0
23372,0
23373,0
23374,1
23375,0
23376,1
23377,1
23378,0
23379,1
23380,1
23381,0
23382,0
23383,0
23384,1
23385,0
23386,0
23387,0
23388,0
23389,0
23390,0
23391,0
23392,1
23393,0
23394,0
23395,0
23396,0
23397,0
23398,0
23399,0
23400,0
23401,0
23402,1
23403,0
23404,1
23405,1
23406,0
23407,0
23408,0
23409,0
23410,0
23411,0
23412,0
23413,0
23414,0
23415,0
23416,0
23417,0
23418,0
23419,0
23420,0
23421,0
23422,0
23423,0
23424,0
23425,0
23426,0
23427,0
23428,0
23429,0
23430,0
23431,0
23432,0
23433,0
23434,0
23435,0
23436,0
23437,0
23438,0
23439,0
23440,0
23441,0
23442,0
23443,0
23444,0
23445,0
23446,0
23447,0
23448,0
23449,0
23450,0
23451,1
23452,0
23453,0
23454,0
23455,0
23456,0
23457,0
23458,0
23459,0
23460,0
23461,0
23462,0
23463,0
23464,0
23465,0
23466,0
23467,0
23468,0
23469,0
23470,0
23471,0
23472,0
23473,0
23474,0
23475,0
23476,0
23477,0
23478,0
23479,0
23480,0
23481,0
23482,0
23483,0
23484,0
23485,0
23486,1
23487,0
23488,0
23489,0
23490,0
23491,0
23492,0
23493,0
23494,0
23495,0
23496,0
23497,0
23498,0
23499,0
23500,0
23501,0
23502,0
23503,0
23504,0
23505,0
23506,0
23507,0
23508,0
23509,0
23510,0
23511,0
23512,0
23513,0
23514,0
23515,0
23516,1
23517,1
23518,0
23519,0
23520,0
23521,1
23522,1
23523,0
23524,0
23525,0
23526,0
23527,0
23528,0
23529,1
23530,0
23531,1
23532,1
23533,0
23534,0
23535,0
23536,0
23537,0
23538,0
23539,1
23540,0
23541,0
23542,0
23543,0
23544,0
23545,0
23546,0
23547,0
23548,1
23549,1
23550,1
23551,0
23552,1
23553,0
23554,0
23555,1
23556,0
23557,0
23558,1
23559,0
23560,0
23561,0
23562,0
23563,1
23564,0
23565,0
23566,0
23567,0
23568,0
23569,0
23570,0
23571,0
23572,0
23573,0
23574,1
23575,0
23576,0
23577,1
23578,0
23579,0
23580,0
23581,0
23582,0
23583,0
23584,0
23585,0
23586,0
23587,0
23588,0
23589,0
23590,0
23591,0
23592,0
23593,1
23594,0
23595,0
23596,0
23597,0
23598,0
23599,0
23600,0
23601,0
23602,0
23603,0
23604,0
23605,0
23606,0
23607,0
23608,0
23609,0
23610,0
23611,0
23612,0
23613,0
23614,0
23615,0
23616,0
23617,0
23618,0
23619,0
23620,0
23621,0
23622,0
23623,0
23624,0
23625,1
23626,0
23627,0
23628,0
23629,1
23630,0
23631,0
23632,0
23633,0
23634,0
23635,0
23636,1
23637,0
23638,0
23639,0
23640,0
23641,0
23642,0
23643,1
23644,0
23645,0
23646,0
23647,1
23648,0
23649,0
23650,0
23651,0
23652,0
23653,0
23654,0
23655,0
23656,0
23657,0
23658,0
23659,0
23660,0
23661,0
23662,1
23663,0
23664,0
23665,0
23666,0
23667,0
23668,0
23669,0
23670,0
23671,0
23672,0
23673,0
23674,0
23675,0
23676,0
23677,0
23678,0
23679,0
23680,0
23681,0
23682,0
23683,0
23684,0
23685,0
23686,0
23687,0
23688,0
23689,0
23690,0
23691,0
23692,0
23693,0
23694,1
23695,0
23696,0
23697,1
23698,0
23699,0
23700,1
23701,0
23702,0
23703,1
23704,0
23705,0
23706,0
23707,0
23708,0
23709,0
23710,0
23711,0
23712,0
23713,0
23714,0
23715,1
23716,0
23717,0
23718,0
23719,0
23720,0
23721,0
23722,0
23723,1
23724,0
23725,0
23726,0
23727,0
23728,0
23729,0
23730,0
23731,0
23732,0
23733,0
23734,0
23735,0
23736,1
23737,0
23738,0
23739,0
23740,0
23741,0
23742,0
23743,0
23744,0
23745,0
23746,0
23747,0
23748,0
23749,0
23750,0
23751,0
23752,0
23753,0
23754,0
23755,0
23756,1
23757,0
23758,0
23759,0
23760,0
23761,0
23762,1
23763,0
23764,0
23765,0
23766,0
23767,0
23768,0
23769,0
23770,0
23771,0
23772,0
23773,0
23774,0
23775,0
23776,0
23777,0
23778,1
23779,0
23780,1
23781,1
23782,0
23783,0
23784,0
23785,0
23786,0
23787,0
23788,0
23789,0
23790,0
23791,0
23792,0
23793,0
23794,0
23795,0
23796,0
23797,1
23798,0
23799,0
23800,0
23801,0
23802,0
23803,0
23804,0
23805,0
23806,0
23807,0
23808,0
23809,0
23810,0
23811,1
23812,1
23813,0
23814,0
23815,0
23816,0
23817,0
23818,0
23819,0
23820,0
23821,0
23822,1
23823,0
23824,0
23825,0
23826,0
23827,0
23828,0
23829,1
23830,0
23831,0
23832,0
23833,0
23834,0
23835,0
23836,0
23837,1
23838,1
23839,0
23840,0
23841,0
23842,0
23843,0
23844,0
23845,0
23846,0
23847,0
23848,0
23849,0
23850,0
23851,0
23852,0
23853,0
23854,0
23855,0
23856,1
23857,0
23858,1
23859,0
23860,0
23861,0
23862,0
23863,0
23864,0
23865,0
23866,0
23867,1
23868,1
23869,0
23870,0
23871,0
23872,0
23873,0
23874,0
23875,1
23876,0
23877,0
23878,0
23879,0
23880,0
23881,0
23882,0
23883,0
23884,0
23885,0
23886,0
23887,0
23888,0
23889,0
23890,0
23891,0
23892,1
23893,0
23894,0
23895,0
23896,0
23897,1
23898,0
23899,0
23900,0
23901,0
23902,0
23903,0
23904,0
23905,0
23906,0
23907,0
23908,0
23909,0
23910,0
23911,1
23912,0
23913,0
23914,1
23915,0
23916,0
23917,1
23918,0
23919,1
23920,0
23921,0
23922,1
23923,0
23924,0
23925,0
23926,1
23927,0
23928,0
23929,0
23930,0
23931,0
23932,0
23933,1
23934,0
23935,0
23936,0
23937,1
23938,0
23939,0
23940,0
23941,1
23942,0
23943,0
23944,1
23945,1
23946,0
23947,0
23948,0
23949,0
23950,0
23951,0
23952,0
23953,0
23954,0
23955,0
23956,1
23957,1
23958,0
23959,0
23960,0
23961,1
23962,0
23963,0
23964,0
23965,0
23966,0
23967,0
23968,0
23969,0
23970,0
23971,1
23972,0
23973,0
23974,0
23975,0
23976,0
23977,0
23978,0
23979,0
23980,0
23981,0
23982,0
23983,0
23984,0
23985,0
23986,0
23987,0
23988,0
23989,1
23990,0
23991,0
23992,0
23993,0
23994,0
23995,0
23996,0
23997,0
23998,0
23999,0
24000,1
24001,0
24002,0
24003,0
24004,0
24005,1
24006,0
24007,0
24008,0
24009,1
24010,1
24011,0
24012,0
24013,0
24014,0
24015,0
24016,0
24017,0
24018,0
24019,0
24020,0
24021,0
24022,0
24023,0
24024,0
24025,0
24026,1
24027,1
24028,0
24029,0
24030,0
24031,1
24032,0
24033,0
24034,0
24035,0
24036,0
24037,1
24038,0
24039,0
24040,0
24041,1
24042,0
24043,0
24044,0
24045,0
24046,0
24047,0
24048,1
24049,1
24050,0
24051,0
24052,0
24053,0
24054,0
24055,0
24056,0
24057,0
24058,0
24059,0
24060,0
24061,0
24062,0
24063,0
24064,0
24065,1
24066,0
24067,0
24068,0
24069,0
24070,0
24071,1
24072,0
24073,0
24074,1
24075,0
24076,0
24077,1
24078,0
24079,0
24080,0
24081,0
24082,0
24083,0
24084,0
24085,1
24086,0
24087,0
24088,0
24089,0
24090,1
24091,0
24092,1
24093,0
24094,0
24095,0
24096,0
24097,0
24098,0
24099,0
24100,1
24101,0
24102,0
24103,1
24104,0
24105,0
24106,0
24107,0
24108,0
24109,0
24110,0
24111,0
24112,0
24113,1
24114,0
24115,0
24116,0
24117,0
24118,1
24119,0
24120,0
24121,0
24122,1
24123,0
24124,0
24125,1
24126,0
24127,0
24128,0
24129,0
24130,0
24131,0
24132,0
24133,0
24134,0
24135,0
24136,0
24137,1
24138,0
24139,0
24140,0
24141,0
24142,0
24143,0
24144,0
24145,0
24146,0
24147,0
24148,0
24149,0
24150,0
24151,0
24152,0
24153,0
24154,0
24155,0
24156,0
24157,0
24158,1
24159,0
24160,0
24161,0
24162,0
24163,0
24164,0
24165,0
24166,0
24167,0
24168,0
24169,1
24170,0
24171,0
24172,0
24173,0
24174,0
24175,0
24176,0
24177,0
24178,1
24179,0
24180,0
24181,0
24182,0
24183,0
24184,0
24185,0
24186,0
24187,0
24188,0
24189,0
24190,0
24191,1
24192,0
24193,0
24194,1
24195,0
24196,1
24197,0
24198,0
24199,0
24200,0
24201,0
24202,0
24203,0
24204,0
24205,0
24206,0
24207,1
24208,0
24209,0
24210,0
24211,0
24212,1
24213,0
24214,0
24215,0
24216,0
24217,0
24218,0
24219,0
24220,0
24221,0
24222,0
24223,0
24224,0
24225,0
24226,0
24227,0
24228,1
24229,0
24230,0
24231,0
24232,0
24233,1
24234,0
24235,0
24236,0
24237,0
24238,0
24239,0
24240,0
24241,0
24242,0
24243,0
24244,0
24245,0
24246,1
24247,1
24248,0
24249,0
24250,0
24251,0
24252,0
24253,0
24254,0
24255,0
24256,0
24257,0
24258,0
24259,0
24260,0
24261,0
24262,0
24263,0
24264,0
24265,0
24266,0
24267,0
24268,0
24269,0
24270,0
24271,0
24272,0
24273,0
24274,0
24275,0
24276,0
24277,0
24278,0
24279,0
24280,0
24281,0
24282,0
24283,0
24284,0
24285,0
24286,0
24287,0
24288,0
24289,0
24290,0
24291,0
24292,0
24293,0
24294,0
24295,0
24296,0
24297,0
24298,0
24299,0
24300,0
24301,0
24302,0
24303,0
24304,0
24305,0
24306,0
24307,0
24308,1
24309,0
24310,1
24311,1
24312,1
24313,1
24314,1
24315,0
24316,0
24317,0
24318,1
24319,1
24320,0
24321,0
24322,0
24323,0
24324,0
24325,1
24326,0
24327,0
24328,0
24329,1
24330,0
24331,0
24332,0
24333,0
24334,0
24335,0
24336,0
24337,0
24338,0
24339,0
24340,0
24341,1
24342,0
24343,0
24344,0
24345,0
24346,0
24347,0
24348,0
24349,0
24350,0
24351,0
24352,0
24353,0
24354,1
24355,0
24356,0
24357,0
24358,0
24359,0
24360,0
24361,0
24362,0
24363,1
24364,0
24365,0
24366,1
24367,0
24368,1
24369,0
24370,0
24371,0
24372,0
24373,0
24374,0
24375,0
24376,0
24377,0
24378,0
24379,0
24380,0
24381,0
24382,0
24383,0
24384,0
24385,0
24386,0
24387,0
24388,0
24389,0
24390,0
24391,0
24392,0
24393,1
24394,0
24395,0
24396,1
24397,0
24398,0
24399,0
24400,0
24401,1
24402,0
24403,1
24404,0
24405,0
24406,0
24407,0
24408,0
24409,0
24410,1
24411,0
24412,0
24413,0
24414,1
24415,0
24416,0
24417,0
24418,0
24419,0
24420,1
24421,0
24422,0
24423,0
24424,0
24425,0
24426,0
24427,0
24428,0
24429,0
24430,0
24431,0
24432,0
24433,0
24434,0
24435,0
24436,0
24437,0
24438,0
24439,1
24440,0
24441,1
24442,0
24443,0
24444,0
24445,0
24446,0
24447,0
24448,0
24449,0
24450,0
24451,0
24452,0
24453,0
24454,0
24455,0
24456,0
24457,0
24458,0
24459,0
24460,0
24461,0
24462,0
24463,0
24464,1
24465,0
24466,0
24467,0
24468,0
24469,0
24470,0
24471,0
24472,0
24473,1
24474,1
24475,0
24476,1
24477,0
24478,0
24479,0
24480,1
24481,0
24482,0
24483,0
24484,0
24485,0
24486,0
24487,0
24488,0
24489,0
24490,0
24491,0
24492,0
24493,0
24494,0
24495,0
24496,1
24497,1
24498,0
24499,0
24500,0
24501,0
24502,1
24503,0
24504,1
24505,0
24506,0
24507,1
24508,0
24509,0
24510,0
24511,0
24512,0
24513,0
24514,0
24515,0
24516,0
24517,0
24518,0
24519,0
24520,0
24521,0
24522,0
24523,0
24524,0
24525,0
24526,0
24527,0
24528,0
24529,0
24530,0
24531,0
24532,0
24533,0
24534,1
24535,0
24536,0
24537,0
24538,0
24539,0
24540,0
24541,0
24542,0
24543,0
24544,0
24545,1
24546,0
24547,0
24548,0
24549,0
24550,0
24551,0
24552,0
24553,0
24554,0
24555,0
24556,1
24557,0
24558,0
24559,0
24560,0
24561,1
24562,0
24563,0
24564,0
24565,0
24566,0
24567,1
24568,0
24569,0
24570,0
24571,0
24572,1
24573,0
24574,0
24575,0
24576,0
24577,0
24578,0
24579,0
24580,0
24581,0
24582,0
24583,0
24584,1
24585,1
24586,0
24587,0
24588,0
24589,0
24590,0
24591,0
24592,0
24593,0
24594,0
24595,0
24596,1
24597,0
24598,0
24599,0
24600,0
24601,0
24602,1
24603,0
24604,0
24605,0
24606,1
24607,0
24608,0
24609,0
24610,0
24611,0
24612,0
24613,0
24614,1
24615,0
24616,1
24617,0
24618,0
24619,0
24620,0
24621,0
24622,0
24623,0
24624,0
24625,0
24626,0
24627,0
24628,0
24629,0
24630,0
24631,0
24632,0
24633,0
24634,0
24635,0
24636,0
24637,1
24638,0
24639,1
24640,0
24641,0
24642,0
24643,0
24644,0
24645,0
24646,0
24647,0
24648,0
24649,0
24650,0
24651,0
24652,0
24653,0
24654,0
24655,0
24656,0
24657,1
24658,0
24659,0
24660,0
24661,0
24662,0
24663,0
24664,0
24665,0
24666,0
24667,0
24668,0
24669,0
24670,0
24671,0
24672,0
24673,0
24674,0
24675,0
24676,0
24677,1
24678,0
24679,0
24680,1
24681,0
24682,1
24683,1
24684,0
24685,0
24686,0
24687,0
24688,0
24689,0
24690,0
24691,0
24692,0
24693,0
24694,0
24695,0
24696,0
24697,1
24698,0
24699,0
24700,0
24701,0
24702,0
24703,0
24704,0
24705,0
24706,0
24707,0
24708,0
24709,0
24710,0
24711,0
24712,0
24713,0
24714,0
24715,0
24716,0
24717,0
24718,0
24719,0
24720,0
24721,0
24722,0
24723,0
24724,0
24725,0
24726,0
24727,0
24728,0
24729,0
24730,0
24731,0
24732,0
24733,0
24734,0
24735,0
24736,0
24737,0
24738,0
24739,1
24740,0
24741,0
24742,1
24743,0
24744,1
24745,0
24746,0
24747,0
24748,0
24749,1
24750,0
24751,1
24752,0
24753,0
24754,0
24755,0
24756,0
24757,0
24758,0
24759,0
24760,0
24761,0
24762,0
24763,1
24764,0
24765,0
24766,0
24767,0
24768,1
24769,0
24770,1
24771,0
24772,0
24773,0
24774,0
24775,0
24776,0
24777,0
24778,0
24779,0
24780,0
24781,0
24782,0
24783,0
24784,0
24785,0
24786,1
24787,1
24788,1
24789,0
24790,0
24791,1
24792,0
24793,0
24794,0
24795,0
24796,0
24797,0
24798,0
24799,0
24800,0
24801,0
24802,0
24803,0
24804,0
24805,0
24806,0
24807,0
24808,0
24809,1
24810,0
24811,0
24812,0
24813,0
24814,0
24815,0
24816,0
24817,0
24818,0
24819,0
24820,0
24821,0
24822,0
24823,1
24824,0
24825,0
24826,0
24827,0
24828,0
24829,1
24830,0
24831,0
24832,0
24833,0
24834,0
24835,0
24836,0
24837,0
24838,0
24839,0
24840,0
24841,0
24842,0
24843,0
24844,0
24845,1
24846,0
24847,0
24848,0
24849,0
24850,0
24851,0
24852,0
24853,0
24854,0
24855,0
24856,0
24857,0
24858,1
24859,1
24860,0
24861,0
24862,0
24863,0
24864,0
24865,0
24866,0
24867,0
24868,1
24869,0
24870,0
24871,0
24872,0
24873,0
24874,0
24875,0
24876,1
24877,1
24878,1
24879,0
24880,0
24881,0
24882,0
24883,0
24884,0
24885,0
24886,0
24887,0
24888,0
24889,0
24890,0
24891,0
24892,1
24893,0
24894,1
24895,0
24896,0
24897,0
24898,0
24899,0
24900,0
24901,0
24902,0
24903,1
24904,0
24905,0
24906,0
24907,0
24908,0
24909,1
24910,0
24911,0
24912,0
24913,0
24914,0
24915,0
24916,0
24917,0
24918,0
24919,0
24920,0
24921,0
24922,0
24923,0
24924,0
24925,0
24926,0
24927,0
24928,1
24929,0
24930,0
24931,1
24932,0
24933,0
24934,0
24935,0
24936,0
24937,0
24938,0
24939,0
24940,1
24941,0
24942,0
24943,0
24944,0
24945,0
24946,0
24947,0
24948,0
24949,0
24950,0
24951,0
24952,1
24953,0
24954,0
24955,1
24956,0
24957,0
24958,0
24959,0
24960,0
24961,0
24962,0
24963,0
24964,1
24965,0
24966,0
24967,1
24968,0
24969,0
24970,1
24971,0
24972,0
24973,0
24974,0
24975,0
24976,0
24977,0
24978,0
24979,0
24980,0
24981,0
24982,0
24983,0
24984,0
24985,0
24986,0
24987,0
24988,0
24989,1
24990,1
24991,0
24992,0
24993,0
24994,1
24995,0
24996,0
24997,0
24998,0
24999,0
25000,0
25001,0
25002,0
25003,1
25004,0
25005,0
25006,0
25007,0
25008,0
25009,1
25010,1
25011,0
25012,0
25013,0
25014,0
25015,0
25016,0
25017,0
25018,1
25019,0
25020,0
25021,0
25022,0
25023,0
25024,0
25025,0
25026,0
25027,0
25028,0
25029,0
25030,0
25031,0
25032,0
25033,0
25034,0
25035,0
25036,1
25037,0
25038,1
25039,0
25040,1
25041,0
25042,0
25043,0
25044,0
25045,0
25046,0
25047,1
25048,0
25049,0
25050,0
25051,0
25052,1
25053,0
25054,0
25055,0
25056,1
25057,0
25058,0
25059,0
25060,0
25061,0
25062,0
25063,1
25064,0
25065,0
25066,0
25067,1
25068,0
25069,0
25070,0
25071,0
25072,0
25073,0
25074,0
25075,0
25076,0
25077,0
25078,0
25079,1
25080,0
25081,0
25082,0
25083,1
25084,0
25085,0
25086,0
25087,1
25088,0
25089,1
25090,0
25091,0
25092,0
25093,0
25094,0
25095,0
25096,0
25097,0
25098,0
25099,0
25100,0
25101,0
25102,0
25103,0
25104,0
25105,0
25106,0
25107,0
25108,0
25109,0
25110,0
25111,0
25112,0
25113,0
25114,0
25115,0
25116,0
25117,1
25118,0
25119,0
25120,0
25121,0
25122,0
25123,0
25124,0
25125,0
25126,0
25127,0
25128,0
25129,0
25130,0
25131,1
25132,0
25133,0
25134,1
25135,0
25136,0
25137,0
25138,0
25139,0
25140,1
25141,0
25142,0
25143,0
25144,0
25145,0
25146,0
25147,0
25148,0
25149,0
25150,0
25151,0
25152,0
25153,0
25154,1
25155,0
25156,0
25157,0
25158,1
25159,0
25160,0
25161,0
25162,0
25163,0
25164,0
25165,0
25166,1
25167,0
25168,0
25169,0
25170,0
25171,1
25172,0
25173,0
25174,0
25175,0
25176,0
25177,0
25178,1
25179,0
25180,0
25181,0
25182,0
25183,0
25184,0
25185,0
25186,0
25187,1
25188,0
25189,0
25190,0
25191,0
25192,0
25193,0
25194,1
25195,1
25196,0
25197,0
25198,0
25199,0
25200,0
25201,0
25202,0
25203,0
25204,0
25205,0
25206,0
25207,0
25208,0
25209,0
25210,0
25211,0
25212,0
25213,1
25214,0
25215,1
25216,1
25217,0
25218,0
25219,0
25220,0
25221,1
25222,0
25223,0
25224,0
25225,0
25226,0
25227,0
25228,0
25229,0
25230,0
25231,0
25232,0
25233,0
25234,0
25235,0
25236,0
25237,0
25238,0
25239,0
25240,1
25241,0
25242,1
25243,0
25244,0
25245,0
25246,0
25247,0
25248,0
25249,0
25250,0
25251,0
25252,0
25253,1
25254,0
25255,0
25256,0
25257,1
25258,0
25259,0
25260,0
25261,0
25262,0
25263,1
25264,0
25265,0
25266,0
25267,0
25268,0
25269,0
25270,0
25271,0
25272,0
25273,0
25274,0
25275,0
25276,1
25277,0
25278,1
25279,0
25280,1
25281,0
25282,0
25283,1
25284,1
25285,0
25286,0
25287,1
25288,0
25289,0
25290,0
25291,0
25292,0
25293,0
25294,0
25295,0
25296,0
25297,1
25298,0
25299,0
25300,0
25301,1
25302,0
25303,0
25304,0
25305,0
25306,0
25307,1
25308,0
25309,0
25310,1
25311,0
25312,0
25313,0
25314,0
25315,1
25316,0
25317,0
25318,0
25319,0
25320,1
25321,0
25322,0
25323,0
25324,0
25325,0
25326,0
25327,0
25328,1
25329,1
25330,0
25331,0
25332,0
25333,1
25334,0
25335,0
25336,0
25337,0
25338,0
25339,0
25340,0
25341,1
25342,0
25343,1
25344,0
25345,1
25346,1
25347,0
25348,0
25349,0
25350,0
25351,0
25352,0
25353,0
25354,0
25355,0
25356,1
25357,0
25358,0
25359,0
25360,0
25361,0
25362,0
25363,0
25364,0
25365,0
25366,0
25367,0
25368,0
25369,0
25370,0
25371,0
25372,0
25373,0
25374,0
25375,0
25376,0
25377,1
25378,0
25379,0
25380,0
25381,0
25382,0
25383,0
25384,0
25385,0
25386,0
25387,0
25388,0
25389,1
25390,0
25391,0
25392,0
25393,0
25394,0
25395,0
25396,0
25397,0
25398,0
25399,0
25400,1
25401,0
25402,0
25403,0
25404,0
25405,0
25406,0
25407,0
25408,0
25409,0
25410,0
25411,0
25412,0
25413,0
25414,0
25415,0
25416,0
25417,0
25418,0
25419,0
25420,0
25421,0
25422,0
25423,0
25424,0
25425,0
25426,0
25427,0
25428,0
25429,0
25430,0
25431,0
25432,0
25433,0
25434,0
25435,0
25436,0
25437,0
25438,0
25439,0
25440,0
25441,1
25442,0
25443,0
25444,0
25445,0
25446,0
25447,1
25448,0
25449,0
25450,0
25451,0
25452,0
25453,0
25454,0
25455,0
25456,0
25457,0
25458,1
25459,0
25460,0
25461,0
25462,0
25463,0
25464,0
25465,1
25466,0
25467,0
25468,0
25469,0
25470,0
25471,0
25472,0
25473,0
25474,1
25475,0
25476,0
25477,0
25478,1
25479,0
25480,0
25481,0
25482,0
25483,0
25484,0
25485,0
25486,0
25487,0
25488,0
25489,1
25490,0
25491,0
25492,0
25493,0
25494,0
25495,0
25496,0
25497,1
25498,0
25499,0
25500,0
25501,0
25502,1
25503,0
25504,0
25505,0
25506,0
25507,0
25508,0
25509,0
25510,1
25511,0
25512,0
25513,0
25514,0
25515,0
25516,0
25517,0
25518,0
25519,0
25520,0
25521,0
25522,0
25523,0
25524,0
25525,0
25526,0
25527,0
25528,1
25529,0
25530,0
25531,0
25532,0
25533,0
25534,0
25535,0
25536,1
25537,0
25538,0
25539,1
25540,0
25541,0
25542,1
25543,0
25544,0
25545,1
25546,0
25547,1
25548,0
25549,0
25550,0
25551,0
25552,0
25553,0
25554,0
25555,0
25556,0
25557,0
25558,0
25559,0
25560,0
25561,0
25562,0
25563,0
25564,0
25565,0
25566,1
25567,0
25568,0
25569,0
25570,0
25571,0
25572,0
25573,0
25574,0
25575,0
25576,0
25577,0
25578,0
25579,0
25580,0
25581,0
25582,0
25583,0
25584,0
25585,0
25586,1
25587,0
25588,0
25589,0
25590,0
25591,1
25592,0
25593,0
25594,0
25595,0
25596,1
25597,0
25598,0
25599,0
25600,1
25601,0
25602,0
25603,0
25604,0
25605,0
25606,0
25607,0
25608,1
25609,0
25610,0
25611,0
25612,1
25613,0
25614,0
25615,0
25616,0
25617,0
25618,0
25619,0
25620,0
25621,0
25622,0
25623,0
25624,1
25625,0
25626,0
25627,1
25628,0
25629,0
25630,0
25631,0
25632,0
25633,0
25634,0
25635,0
25636,0
25637,1
25638,0
25639,0
25640,0
25641,0
25642,1
25643,0
25644,0
25645,0
25646,0
25647,0
25648,0
25649,0
25650,1
25651,0
25652,0
25653,0
25654,0
25655,0
25656,0
25657,0
25658,1
25659,0
25660,0
25661,0
25662,0
25663,0
25664,1
25665,0
25666,0
25667,0
25668,0
25669,1
25670,0
25671,0
25672,1
25673,1
25674,0
25675,1
25676,1
25677,0
25678,0
25679,1
25680,0
25681,0
25682,0
25683,0
25684,0
25685,0
25686,0
25687,0
25688,0
25689,0
25690,0
25691,0
25692,0
25693,0
25694,0
25695,0
25696,0
25697,0
25698,0
25699,1
25700,0
25701,0
25702,0
25703,0
25704,0
25705,0
25706,1
25707,0
25708,0
25709,0
25710,1
25711,0
25712,1
25713,0
25714,0
25715,1
25716,1
25717,0
25718,0
25719,1
25720,0
25721,1
25722,0
25723,0
25724,0
25725,0
25726,0
25727,0
25728,0
25729,0
25730,0
25731,1
25732,0
25733,0
25734,0
25735,0
25736,0
25737,0
25738,0
25739,1
25740,0
25741,0
25742,0
25743,0
25744,1
25745,0
25746,0
25747,0
25748,0
25749,0
25750,0
25751,0
25752,1
25753,0
25754,0
25755,0
25756,0
25757,0
25758,0
25759,0
25760,0
25761,0
25762,1
25763,1
25764,0
25765,0
25766,1
25767,0
25768,0
25769,0
25770,1
25771,0
25772,0
25773,0
25774,1
25775,0
25776,0
25777,0
25778,0
25779,0
25780,0
25781,0
25782,0
25783,0
25784,0
25785,0
25786,0
25787,0
25788,0
25789,0
25790,0
25791,0
25792,0
25793,1
25794,0
25795,0
25796,0
25797,0
25798,0
25799,1
25800,0
25801,0
25802,0
25803,0
25804,0
25805,0
25806,0
25807,0
25808,0
25809,0
25810,0
25811,0
25812,0
25813,0
25814,0
25815,0
25816,0
25817,0
25818,0
25819,0
25820,0
25821,0
25822,0
25823,0
25824,0
25825,0
25826,0
25827,0
25828,0
25829,0
25830,0
25831,0
25832,0
25833,1
25834,0
25835,1
25836,0
25837,0
25838,1
25839,0
25840,0
25841,0
25842,0
25843,0
25844,0
25845,0
25846,0
25847,0
25848,0
25849,1
25850,1
25851,0
25852,0
25853,0
25854,0
25855,0
25856,0
25857,0
25858,0
25859,0
25860,0
25861,0
25862,0
25863,0
25864,0
25865,0
25866,1
25867,0
25868,0
25869,0
25870,0
25871,0
25872,0
25873,0
25874,0
25875,0
25876,1
25877,0
25878,1
25879,0
25880,0
25881,0
25882,0
25883,0
25884,0
25885,1
25886,0
25887,0
25888,0
25889,1
25890,0
25891,0
25892,0
25893,0
25894,0
25895,0
25896,1
25897,0
25898,1
25899,0
25900,1
25901,0
25902,0
25903,0
25904,0
25905,0
25906,0
25907,0
25908,0
25909,0
25910,0
25911,0
25912,0
25913,0
25914,0
25915,1
25916,0
25917,0
25918,1
25919,0
25920,0
25921,1
25922,0
25923,0
25924,1
25925,0
25926,0
25927,0
25928,0
25929,0
25930,0
25931,0
25932,0
25933,0
25934,0
25935,0
25936,0
25937,0
25938,0
25939,0
25940,0
25941,0
25942,0
25943,0
25944,0
25945,0
25946,0
25947,0
25948,0
25949,0
25950,0
25951,0
25952,0
25953,0
25954,0
25955,0
25956,0
25957,0
25958,0
25959,0
25960,0
25961,0
25962,0
25963,0
25964,0
25965,0
25966,0
25967,0
25968,0
25969,0
25970,0
25971,1
25972,0
25973,0
25974,0
25975,0
25976,0
25977,0
25978,0
25979,0
25980,0
25981,1
25982,0
25983,0
25984,0
25985,0
25986,0
25987,0
25988,0
25989,0
25990,1
25991,0
25992,0
25993,0
25994,0
25995,0
25996,0
25997,0
25998,0
25999,0
26000,0
26001,0
26002,0
26003,0
26004,0
26005,0
26006,0
26007,0
26008,0
26009,0
26010,0
26011,0
26012,0
26013,0
26014,0
26015,0
26016,0
26017,0
26018,0
26019,0
26020,1
26021,0
26022,0
26023,0
26024,0
26025,0
26026,0
26027,0
26028,0
26029,0
26030,1
26031,0
26032,0
26033,0
26034,0
26035,0
26036,0
26037,0
26038,0
26039,1
26040,0
26041,0
26042,1
26043,0
26044,1
26045,0
26046,0
26047,0
26048,0
26049,0
26050,0
26051,0
26052,1
26053,0
26054,0
26055,0
26056,0
26057,1
26058,0
26059,1
26060,0
26061,1
26062,0
26063,0
26064,0
26065,0
26066,0
26067,0
26068,0
26069,0
26070,0
26071,0
26072,0
26073,0
26074,0
26075,0
26076,0
26077,0
26078,0
26079,0
26080,1
26081,0
26082,0
26083,0
26084,0
26085,0
26086,0
26087,0
26088,0
26089,0
26090,0
26091,0
26092,0
26093,0
26094,0
26095,0
26096,0
26097,0
26098,1
26099,0
26100,0
26101,0
26102,0
26103,0
26104,0
26105,1
26106,0
26107,0
26108,0
26109,0
26110,0
26111,0
26112,0
26113,0
26114,0
26115,0
26116,0
26117,1
26118,0
26119,0
26120,0
26121,0
26122,0
26123,0
26124,0
26125,0
26126,0
26127,0
26128,0
26129,0
26130,0
26131,0
26132,0
26133,0
26134,1
26135,0
26136,0
26137,0
26138,0
26139,1
26140,0
26141,0
26142,1
26143,0
26144,0
26145,0
26146,0
26147,0
26148,0
26149,0
26150,0
26151,0
26152,0
26153,0
26154,0
26155,0
26156,0
26157,0
26158,0
26159,1
26160,0
26161,0
26162,0
26163,0
26164,0
26165,0
26166,0
26167,0
26168,0
26169,0
26170,0
26171,0
26172,0
26173,1
26174,0
26175,0
26176,0
26177,0
26178,0
26179,0
26180,0
26181,0
26182,0
26183,0
26184,0
26185,1
26186,0
26187,0
26188,1
26189,1
26190,0
26191,0
26192,0
26193,0
26194,0
26195,0
26196,0
26197,0
26198,1
26199,1
26200,0
26201,0
26202,0
26203,0
26204,0
26205,0
26206,0
26207,0
26208,0
26209,1
26210,0
26211,0
26212,0
26213,0
26214,0
26215,1
26216,0
26217,0
26218,0
26219,0
26220,0
26221,0
26222,0
26223,0
26224,0
26225,0
26226,0
26227,0
26228,0
26229,1
26230,0
26231,0
26232,0
26233,0
26234,0
26235,0
26236,0
26237,1
26238,0
26239,0
26240,0
26241,0
26242,0
26243,1
26244,0
26245,1
26246,0
26247,0
26248,0
26249,0
26250,0
26251,0
26252,0
26253,0
26254,1
26255,0
26256,0
26257,0
26258,0
26259,0
26260,1
26261,0
26262,0
26263,0
26264,0
26265,0
26266,0
26267,0
26268,1
26269,0
26270,0
26271,0
26272,0
26273,0
26274,0
26275,0
26276,0
26277,0
26278,0
26279,1
26280,0
26281,0
26282,0
26283,0
26284,0
26285,1
26286,0
26287,0
26288,0
26289,0
26290,1
26291,0
26292,0
26293,0
26294,0
26295,1
26296,0
26297,0
26298,0
26299,0
26300,0
26301,0
26302,0
26303,0
26304,0
26305,0
26306,0
26307,0
26308,0
26309,0
26310,0
26311,0
26312,0
26313,1
26314,1
26315,0
26316,0
26317,0
26318,0
26319,0
26320,0
26321,0
26322,0
26323,0
26324,0
26325,0
26326,1
26327,1
26328,0
26329,0
26330,0
26331,0
26332,1
26333,0
26334,0
26335,0
26336,0
26337,0
26338,0
26339,0
26340,0
26341,0
26342,0
26343,0
26344,0
26345,1
26346,0
26347,0
26348,0
26349,0
26350,1
26351,0
26352,0
26353,0
26354,0
26355,0
26356,0
26357,0
26358,0
26359,0
26360,0
26361,0
26362,0
26363,0
26364,0
26365,0
26366,0
26367,0
26368,0
26369,0
26370,0
26371,1
26372,0
26373,0
26374,0
26375,1
26376,0
26377,0
26378,1
26379,0
26380,0
26381,0
26382,0
26383,0
26384,1
26385,1
26386,0
26387,0
26388,0
26389,0
26390,0
26391,1
26392,1
26393,0
26394,0
26395,0
26396,0
26397,0
26398,0
26399,0
26400,0
26401,0
26402,0
26403,0
26404,0
26405,0
26406,0
26407,0
26408,0
26409,0
26410,0
26411,0
26412,1
26413,0
26414,0
26415,0
26416,0
26417,0
26418,0
26419,1
26420,0
26421,0
26422,0
26423,0
26424,1
26425,0
26426,0
26427,0
26428,0
26429,1
26430,0
26431,0
26432,0
26433,0
26434,0
26435,0
26436,0
26437,0
26438,1
26439,0
26440,0
26441,0
26442,0
26443,0
26444,0
26445,0
26446,0
26447,0
26448,0
26449,0
26450,0
26451,0
26452,0
26453,0
26454,0
26455,0
26456,0
26457,0
26458,0
26459,0
26460,0
26461,0
26462,0
26463,0
26464,0
26465,0
26466,0
26467,0
26468,0
26469,0
26470,0
26471,0
26472,0
26473,0
26474,0
26475,0
26476,0
26477,0
26478,0
26479,0
26480,0
26481,0
26482,0
26483,0
26484,0
26485,0
26486,1
26487,0
26488,1
26489,0
26490,0
26491,0
26492,0
26493,0
26494,0
26495,0
26496,1
26497,0
26498,0
26499,0
26500,0
26501,1
26502,0
26503,0
26504,0
26505,0
26506,0
26507,0
26508,0
26509,0
26510,0
26511,0
26512,0
26513,1
26514,1
26515,0
26516,0
26517,0
26518,0
26519,0
26520,0
26521,1
26522,0
26523,0
26524,0
26525,1
26526,0
26527,0
26528,0
26529,0
26530,0
26531,1
26532,1
26533,0
26534,1
26535,0
26536,0
26537,0
26538,0
26539,0
26540,0
26541,0
26542,0
26543,0
26544,0
26545,1
26546,0
26547,0
26548,0
26549,1
26550,0
26551,1
26552,1
26553,0
26554,0
26555,0
26556,0
26557,0
26558,1
26559,0
26560,0
26561,0
26562,1
26563,0
26564,0
26565,0
26566,0
26567,0
26568,0
26569,0
26570,0
26571,0
26572,0
26573,0
26574,0
26575,0
26576,0
26577,0
26578,1
26579,0
26580,0
26581,1
26582,0
26583,0
26584,0
26585,0
26586,0
26587,0
26588,0
26589,0
26590,0
26591,0
26592,0
26593,0
26594,0
26595,0
26596,0
26597,0
26598,0
26599,1
26600,0
26601,0
26602,0
26603,0
26604,0
26605,0
26606,1
26607,1
26608,0
26609,0
26610,0
26611,0
26612,0
26613,0
26614,0
26615,0
26616,0
26617,0
26618,0
26619,0
26620,0
26621,0
26622,1
26623,0
26624,1
26625,0
26626,0
26627,0
26628,0
26629,0
26630,0
26631,0
26632,0
26633,1
26634,0
26635,0
26636,0
26637,1
26638,0
26639,0
26640,0
26641,0
26642,0
26643,1
26644,0
26645,1
26646,0
26647,0
26648,0
26649,0
26650,0
26651,0
26652,0
26653,0
26654,0
26655,0
26656,0
26657,0
26658,1
26659,0
26660,0
26661,0
26662,1
26663,0
26664,1
26665,0
26666,0
26667,0
26668,1
26669,1
26670,0
26671,1
26672,0
26673,0
26674,0
26675,0
26676,0
26677,0
26678,0
26679,0
26680,0
26681,0
26682,0
26683,0
26684,0
26685,0
26686,0
26687,0
26688,0
26689,0
26690,0
26691,0
26692,0
26693,0
26694,1
26695,0
26696,0
26697,0
26698,0
26699,0
26700,0
26701,0
26702,0
26703,0
26704,0
26705,0
26706,0
26707,0
26708,0
26709,0
26710,0
26711,1
26712,1
26713,1
26714,0
26715,0
26716,0
26717,0
26718,0
26719,0
26720,0
26721,0
26722,0
26723,0
26724,0
26725,0
26726,0
26727,0
26728,1
26729,0
26730,0
26731,0
26732,0
26733,0
26734,0
26735,0
26736,0
26737,0
26738,0
26739,1
26740,0
26741,0
26742,1
26743,0
26744,0
26745,0
26746,0
26747,0
26748,0
26749,0
26750,0
26751,0
26752,1
26753,0
26754,0
26755,0
26756,0
26757,1
26758,0
26759,0
26760,0
26761,0
26762,1
26763,0
26764,0
26765,0
26766,0
26767,0
26768,0
26769,0
26770,0
26771,0
26772,0
26773,0
26774,0
26775,0
26776,0
26777,0
26778,0
26779,0
26780,0
26781,0
26782,0
26783,0
26784,0
26785,0
26786,0
26787,1
26788,0
26789,0
26790,0
26791,0
26792,1
26793,0
26794,1
26795,0
26796,0
26797,0
26798,0
26799,0
26800,0
26801,0
26802,0
26803,0
26804,0
26805,0
26806,0
26807,0
26808,0
26809,0
26810,0
26811,0
26812,0
26813,0
26814,0
26815,0
26816,0
26817,0
26818,0
26819,0
26820,1
26821,0
26822,0
26823,0
26824,0
26825,0
26826,0
26827,0
26828,1
26829,0
26830,0
26831,0
26832,0
26833,0
26834,0
26835,0
26836,0
26837,0
26838,1
26839,0
26840,0
26841,0
26842,0
26843,0
26844,0
26845,0
26846,0
26847,0
26848,0
26849,0
26850,0
26851,0
26852,0
26853,0
26854,1
26855,0
26856,1
26857,0
26858,0
26859,0
26860,0
26861,0
26862,0
26863,1
26864,0
26865,0
26866,0
26867,0
26868,0
26869,0
26870,0
26871,0
26872,0
26873,0
26874,0
26875,0
26876,0
26877,0
26878,0
26879,0
26880,0
26881,0
26882,0
26883,0
26884,0
26885,0
26886,0
26887,0
26888,0
26889,0
26890,0
26891,0
26892,1
26893,0
26894,0
26895,1
26896,0
26897,0
26898,0
26899,0
26900,0
26901,0
26902,0
26903,0
26904,0
26905,0
26906,0
26907,0
26908,1
26909,0
26910,0
26911,0
26912,0
26913,0
26914,0
26915,1
26916,0
26917,0
26918,0
26919,0
26920,0
26921,0
26922,0
26923,0
26924,0
26925,0
26926,0
26927,0
26928,1
26929,0
26930,0
26931,0
26932,1
26933,0
26934,0
26935,0
26936,1
26937,0
26938,0
26939,1
26940,0
26941,0
26942,0
26943,0
26944,0
26945,0
26946,0
26947,0
26948,0
26949,0
26950,0
26951,0
26952,1
26953,0
26954,0
26955,0
26956,0
26957,1
26958,0
26959,1
26960,0
26961,0
26962,0
26963,0
26964,0
26965,0
26966,0
26967,0
26968,0
26969,0
26970,0
26971,0
26972,0
26973,0
26974,0
26975,0
26976,0
26977,0
26978,0
26979,0
26980,0
26981,0
26982,0
26983,0
26984,0
26985,0
26986,0
26987,0
26988,0
26989,0
26990,0
26991,0
26992,0
26993,0
26994,1
26995,0
26996,0
26997,0
26998,0
26999,1
27000,0
27001,0
27002,0
27003,1
27004,0
27005,0
27006,0
27007,0
27008,0
27009,0
27010,0
27011,1
27012,0
27013,0
27014,0
27015,0
27016,0
27017,0
27018,0
27019,0
27020,0
27021,0
27022,0
27023,0
27024,0
27025,0
27026,0
27027,0
27028,0
27029,0
27030,0
27031,0
27032,0
27033,0
27034,1
27035,0
27036,0
27037,0
27038,0
27039,0
27040,0
27041,0
27042,0
27043,0
27044,0
27045,0
27046,0
27047,0
27048,0
27049,0
27050,0
27051,0
27052,0
27053,0
27054,0
27055,0
27056,0
27057,1
27058,0
27059,0
27060,0
27061,0
27062,0
27063,0
27064,0
27065,1
27066,0
27067,0
27068,1
27069,1
27070,0
27071,0
27072,1
27073,1
27074,0
27075,0
27076,0
27077,0
27078,0
27079,0
27080,1
27081,1
27082,0
27083,0
27084,0
27085,0
27086,0
27087,0
27088,0
27089,0
27090,0
27091,0
27092,0
27093,0
27094,0
27095,0
27096,0
27097,0
27098,0
27099,0
27100,0
27101,0
27102,0
27103,0
27104,0
27105,0
27106,0
27107,1
27108,1
27109,0
27110,0
27111,1
27112,0
27113,0
27114,0
27115,0
27116,0
27117,0
27118,0
27119,0
27120,0
27121,1
27122,0
27123,0
27124,0
27125,0
27126,0
27127,0
27128,0
27129,0
27130,0
27131,0
27132,0
27133,0
27134,0
27135,0
27136,0
27137,0
27138,0
27139,0
27140,0
27141,0
27142,0
27143,0
27144,0
27145,1
27146,0
27147,0
27148,0
27149,0
27150,0
27151,0
27152,0
27153,0
27154,0
27155,0
27156,0
27157,0
27158,0
27159,0
27160,0
27161,0
27162,0
27163,0
27164,0
27165,0
27166,0
27167,0
27168,0
27169,0
27170,0
27171,0
27172,0
27173,1
27174,0
27175,0
27176,0
27177,0
27178,0
27179,0
27180,0
27181,0
27182,0
27183,0
27184,0
27185,0
27186,0
27187,0
27188,0
27189,0
27190,0
27191,0
27192,0
27193,0
27194,0
27195,0
27196,0
27197,0
27198,0
27199,1
27200,0
27201,0
27202,1
27203,0
27204,0
27205,0
27206,0
27207,0
27208,0
27209,0
27210,0
27211,0
27212,0
27213,1
27214,0
27215,1
27216,0
27217,0
27218,0
27219,0
27220,1
27221,1
27222,0
27223,0
27224,0
27225,0
27226,0
27227,0
27228,0
27229,0
27230,0
27231,0
27232,0
27233,0
27234,0
27235,0
27236,0
27237,0
27238,0
27239,0
27240,1
27241,0
27242,0
27243,0
27244,0
27245,0
27246,1
27247,0
27248,0
27249,0
27250,0
27251,0
27252,0
27253,0
27254,0
27255,0
27256,0
27257,0
27258,0
27259,0
27260,0
27261,0
27262,0
27263,0
27264,1
27265,1
27266,0
27267,0
27268,0
27269,0
27270,0
27271,0
27272,0
27273,0
27274,0
27275,0
27276,0
27277,1
27278,1
27279,0
27280,0
27281,0
27282,0
27283,0
27284,0
27285,0
27286,0
27287,0
27288,0
27289,1
27290,0
27291,0
27292,0
27293,0
27294,0
27295,0
27296,0
27297,0
27298,0
27299,0
27300,0
27301,0
27302,0
27303,0
27304,0
27305,0
27306,0
27307,1
27308,1
27309,1
27310,0
27311,1
27312,0
27313,0
27314,0
27315,0
27316,0
27317,0
27318,0
27319,0
27320,1
27321,0
27322,0
27323,0
27324,0
27325,0
27326,0
27327,0
27328,0
27329,0
27330,0
27331,0
27332,0
27333,0
27334,0
27335,1
27336,0
27337,0
27338,0
27339,0
27340,0
27341,0
27342,0
27343,0
27344,0
27345,0
27346,1
27347,1
27348,0
27349,0
27350,0
27351,0
27352,1
27353,0
27354,0
27355,0
27356,0
27357,0
27358,0
27359,1
27360,0
27361,0
27362,0
27363,0
27364,0
27365,0
27366,0
27367,0
27368,1
27369,0
27370,0
27371,0
27372,0
27373,0
27374,0
27375,0
27376,1
27377,0
27378,0
27379,0
27380,0
27381,0
27382,1
27383,0
27384,1
27385,0
27386,1
27387,0
27388,0
27389,0
27390,0
27391,0
27392,0
27393,0
27394,0
27395,1
27396,0
27397,0
27398,1
27399,0
27400,0
27401,0
27402,0
27403,0
27404,0
27405,0
27406,0
27407,0
27408,0
27409,0
27410,0
27411,0
27412,1
27413,0
27414,0
27415,1
27416,0
27417,0
27418,0
27419,0
27420,1
27421,0
27422,0
27423,0
27424,0
27425,0
27426,0
27427,0
27428,1
27429,0
27430,0
27431,1
27432,0
27433,1
27434,1
27435,0
27436,0
27437,0
27438,1
27439,0
27440,0
27441,0
27442,0
27443,1
27444,1
27445,0
27446,0
27447,0
27448,0
27449,0
27450,0
27451,0
27452,0
27453,0
27454,0
27455,0
27456,0
27457,0
27458,0
27459,0
27460,0
27461,0
27462,0
27463,0
27464,0
27465,0
27466,0
27467,0
27468,0
27469,0
27470,0
27471,1
27472,1
27473,1
27474,0
27475,0
27476,0
27477,0
27478,1
27479,0
27480,0
27481,1
27482,1
27483,0
27484,0
27485,0
27486,0
27487,0
27488,0
27489,0
27490,0
27491,0
27492,1
27493,0
27494,1
27495,0
27496,0
27497,0
27498,0
27499,0
27500,0
27501,0
27502,0
27503,0
27504,0
27505,0
27506,1
27507,0
27508,0
27509,0
27510,0
27511,0
27512,0
27513,0
27514,0
27515,0
27516,0
27517,0
27518,0
27519,0
27520,0
27521,1
27522,1
27523,0
27524,0
27525,0
27526,0
27527,0
27528,0
27529,0
27530,0
27531,1
27532,0
27533,0
27534,0
27535,0
27536,0
27537,0
27538,0
27539,0
27540,0
27541,0
27542,0
27543,0
27544,0
27545,0
27546,0
27547,0
27548,0
27549,0
27550,0
27551,0
27552,1
27553,0
27554,0
27555,0
27556,0
27557,0
27558,0
27559,0
27560,0
27561,0
27562,0
27563,0
27564,1
27565,0
27566,1
27567,1
27568,0
27569,0
27570,0
27571,1
27572,0
27573,0
27574,0
27575,1
27576,0
27577,0
27578,1
27579,0
27580,0
27581,0
27582,0
27583,0
27584,0
27585,0
27586,0
27587,0
27588,0
27589,0
27590,0
27591,0
27592,1
27593,0
27594,0
27595,0
27596,1
27597,0
27598,0
27599,0
27600,0
27601,0
27602,0
27603,1
27604,0
27605,0
27606,1
27607,0
27608,0
27609,1
27610,0
27611,0
27612,1
27613,0
27614,0
27615,0
27616,1
27617,0
27618,1
27619,0
27620,0
27621,0
27622,0
27623,0
27624,0
27625,0
27626,0
27627,0
27628,0
27629,0
27630,0
27631,0
27632,0
27633,1
27634,0
27635,0
27636,0
27637,0
27638,0
27639,0
27640,0
27641,0
27642,0
27643,0
27644,1
27645,0
27646,0
27647,1
27648,0
27649,0
27650,0
27651,0
27652,1
27653,0
27654,0
27655,1
27656,0
27657,0
27658,0
27659,0
27660,1
27661,0
27662,0
27663,0
27664,0
27665,0
27666,0
27667,0
27668,0
27669,0
27670,0
27671,0
27672,0
27673,0
27674,0
27675,0
27676,0
27677,0
27678,0
27679,0
27680,1
27681,0
27682,0
27683,0
27684,0
27685,0
27686,0
27687,0
27688,0
27689,0
27690,0
27691,1
27692,0
27693,0
27694,0
27695,1
27696,0
27697,0
27698,0
27699,0
27700,0
27701,0
27702,0
27703,0
27704,0
27705,0
27706,0
27707,0
27708,0
27709,1
27710,0
27711,0
27712,0
27713,0
27714,1
27715,1
27716,0
27717,0
27718,0
27719,0
27720,0
27721,0
27722,0
27723,0
27724,0
27725,0
27726,1
27727,0
27728,0
27729,0
27730,0
27731,0
27732,0
27733,1
27734,0
27735,0
27736,0
27737,0
27738,0
27739,0
27740,0
27741,1
27742,0
27743,1
27744,0
27745,0
27746,0
27747,0
27748,0
27749,0
27750,0
27751,0
27752,0
27753,1
27754,0
27755,0
27756,0
27757,1
27758,0
27759,1
27760,0
27761,0
27762,0
27763,0
27764,0
27765,0
27766,0
27767,0
27768,0
27769,0
27770,0
27771,0
27772,0
27773,0
27774,0
27775,0
27776,0
27777,0
27778,1
27779,0
27780,0
27781,0
27782,0
27783,0
27784,0
27785,0
27786,0
27787,0
27788,0
27789,0
27790,0
27791,0
27792,0
27793,1
27794,0
27795,0
27796,0
27797,0
27798,0
27799,0
27800,0
27801,0
27802,0
27803,0
27804,0
27805,1
27806,0
27807,0
27808,0
27809,0
27810,0
27811,0
27812,0
27813,1
27814,0
27815,0
27816,0
27817,0
27818,1
27819,1
27820,1
27821,1
27822,0
27823,0
27824,0
27825,0
27826,0
27827,1
27828,1
27829,0
27830,1
27831,0
27832,1
27833,0
27834,0
27835,0
27836,0
27837,0
27838,0
27839,0
27840,0
27841,0
27842,0
27843,1
27844,0
27845,0
27846,0
27847,0
27848,0
27849,1
27850,0
27851,0
27852,0
27853,0
27854,0
27855,0
27856,0
27857,0
27858,0
27859,0
27860,0
27861,0
27862,1
27863,0
27864,1
27865,0
27866,0
27867,0
27868,0
27869,0
27870,0
27871,0
27872,0
27873,0
27874,0
27875,0
27876,0
27877,0
27878,0
27879,0
27880,0
27881,0
27882,0
27883,0
27884,1
27885,0
27886,1
27887,1
27888,0
27889,0
27890,0
27891,0
27892,0
27893,0
27894,1
27895,0
27896,0
27897,0
27898,0
27899,0
27900,0
27901,0
27902,0
27903,0
27904,0
27905,1
27906,0
27907,1
27908,0
27909,0
27910,0
27911,0
27912,0
27913,0
27914,0
27915,0
27916,0
27917,0
27918,1
27919,0
27920,1
27921,0
27922,0
27923,0
27924,0
27925,0
27926,0
27927,0
27928,0
27929,0
27930,0
27931,0
27932,0
27933,0
27934,0
27935,0
27936,0
27937,0
27938,0
27939,0
27940,1
27941,0
27942,0
27943,0
27944,0
27945,0
27946,0
27947,0
27948,1
27949,0
27950,0
27951,1
27952,0
27953,1
27954,0
27955,1
27956,0
27957,0
27958,0
27959,0
27960,0
27961,0
27962,0
27963,0
27964,0
27965,0
27966,0
27967,0
27968,0
27969,1
27970,0
27971,0
27972,0
27973,0
27974,0
27975,0
27976,0
27977,0
27978,0
27979,0
27980,0
27981,1
27982,1
27983,0
27984,0
27985,0
27986,0
27987,0
27988,0
27989,1
27990,0
27991,1
27992,0
27993,0
27994,0
27995,1
27996,0
27997,0
27998,1
27999,0
28000,0
28001,0
28002,0
28003,1
28004,0
28005,0
28006,0
28007,0
28008,0
28009,0
28010,0
28011,0
28012,0
28013,0
28014,1
28015,0
28016,0
28017,0
28018,0
28019,1
28020,0
28021,0
28022,0
28023,0
28024,0
28025,1
28026,0
28027,0
28028,0
28029,0
28030,0
28031,0
28032,0
28033,1
28034,0
28035,0
28036,0
28037,0
28038,0
28039,0
28040,0
28041,0
28042,0
28043,0
28044,0
28045,0
28046,0
28047,1
28048,0
28049,0
28050,0
28051,0
28052,0
28053,0
28054,0
28055,0
28056,0
28057,1
28058,1
28059,0
28060,0
28061,0
28062,0
28063,0
28064,0
28065,0
28066,1
28067,0
28068,0
28069,0
28070,0
28071,0
28072,0
28073,0
28074,0
28075,0
28076,0
28077,0
28078,0
28079,0
28080,0
28081,0
28082,0
28083,1
28084,0
28085,0
28086,0
28087,0
28088,0
28089,0
28090,0
28091,0
28092,0
28093,1
28094,1
28095,0
28096,0
28097,0
28098,0
28099,0
28100,0
28101,0
28102,1
28103,0
28104,0
28105,0
28106,0
28107,0
28108,0
28109,0
28110,1
28111,0
28112,0
28113,0
28114,0
28115,0
28116,0
28117,0
28118,0
28119,0
28120,0
28121,0
28122,0
28123,0
28124,0
28125,0
28126,0
28127,0
28128,0
28129,0
28130,0
28131,0
28132,0
28133,1
28134,0
28135,0
28136,1
28137,0
28138,1
28139,0
28140,0
28141,1
28142,0
28143,0
28144,0
28145,0
28146,0
28147,0
28148,0
28149,0
28150,0
28151,0
28152,0
28153,0
28154,0
28155,0
28156,0
28157,0
28158,0
28159,0
28160,0
28161,0
28162,1
28163,0
28164,0
28165,1
28166,0
28167,0
28168,0
28169,1
28170,0
28171,0
28172,0
28173,0
28174,0
28175,0
28176,0
28177,0
28178,0
28179,0
28180,0
28181,0
28182,0
28183,0
28184,0
28185,0
28186,0
28187,0
28188,0
28189,0
28190,0
28191,0
28192,0
28193,0
28194,0
28195,0
28196,0
28197,0
28198,0
28199,0
28200,0
28201,0
28202,0
28203,0
28204,0
28205,0
28206,0
28207,0
28208,0
28209,0
28210,0
28211,0
28212,0
28213,0
28214,0
28215,0
28216,0
28217,0
28218,0
28219,0
28220,0
28221,0
28222,0
28223,0
28224,0
28225,0
28226,0
28227,0
28228,0
28229,0
28230,0
28231,0
28232,0
28233,0
28234,0
28235,0
28236,0
28237,0
28238,0
28239,0
28240,0
28241,0
28242,0
28243,0
28244,0
28245,0
28246,0
28247,0
28248,0
28249,0
28250,0
28251,0
28252,0
28253,1
28254,1
28255,0
28256,0
28257,0
28258,0
28259,0
28260,0
28261,0
28262,0
28263,0
28264,0
28265,0
28266,0
28267,0
28268,0
28269,0
28270,1
28271,0
28272,0
28273,0
28274,0
28275,0
28276,0
28277,0
28278,0
28279,0
28280,0
28281,0
28282,0
28283,0
28284,0
28285,0
28286,0
28287,0
28288,0
28289,0
28290,0
28291,0
28292,1
28293,0
28294,0
28295,0
28296,0
28297,0
28298,0
28299,0
28300,0
28301,0
28302,0
28303,0
28304,1
28305,0
28306,0
28307,0
28308,0
28309,0
28310,0
28311,0
28312,0
28313,1
28314,0
28315,0
28316,0
28317,0
28318,1
28319,0
28320,0
28321,0
28322,0
28323,0
28324,0
28325,0
28326,1
28327,0
28328,0
28329,0
28330,0
28331,0
28332,0
28333,0
28334,0
28335,0
28336,0
28337,0
28338,0
28339,0
28340,0
28341,0
28342,1
28343,0
28344,1
28345,0
28346,0
28347,0
28348,0
28349,0
28350,0
28351,0
28352,0
28353,0
28354,0
28355,0
28356,0
28357,0
28358,0
28359,0
28360,0
28361,0
28362,0
28363,0
28364,0
28365,0
28366,0
28367,0
28368,0
28369,0
28370,0
28371,0
28372,1
28373,0
28374,0
28375,0
28376,0
28377,0
28378,0
28379,0
28380,0
28381,0
28382,0
28383,0
28384,0
28385,0
28386,1
28387,0
28388,0
28389,0
28390,0
28391,0
28392,0
28393,0
28394,0
28395,0
28396,0
28397,0
28398,1
28399,1
28400,0
28401,0
28402,0
28403,0
28404,0
28405,0
28406,0
28407,0
28408,0
28409,0
28410,0
28411,0
28412,0
28413,0
28414,1
28415,0
28416,1
28417,0
28418,0
28419,0
28420,0
28421,0
28422,1
28423,0
28424,0
28425,0
28426,0
28427,0
28428,1
28429,0
28430,0
28431,1
28432,0
28433,0
28434,0
28435,1
28436,1
28437,0
28438,0
28439,0
28440,0
28441,0
28442,0
28443,0
28444,1
28445,0
28446,0
28447,0
28448,0
28449,0
28450,0
28451,0
28452,0
28453,0
28454,0
28455,0
28456,0
28457,0
28458,0
28459,0
28460,1
28461,1
28462,0
28463,0
28464,0
28465,1
28466,0
28467,1
28468,1
28469,0
28470,0
28471,0
28472,0
28473,0
28474,0
28475,0
28476,0
28477,0
28478,0
28479,0
28480,0
28481,0
28482,0
28483,0
28484,0
28485,0
28486,0
28487,0
28488,0
28489,0
28490,0
28491,0
28492,0
28493,0
28494,0
28495,0
28496,0
28497,0
28498,0
28499,0
28500,0
28501,1
28502,1
28503,0
28504,0
28505,1
28506,0
28507,0
28508,0
28509,0
28510,0
28511,1
28512,1
28513,0
28514,0
28515,0
28516,0
28517,0
28518,0
28519,0
28520,0
28521,0
28522,0
28523,0
28524,0
28525,0
28526,0
28527,0
28528,0
28529,0
28530,0
28531,0
28532,0
28533,0
28534,1
28535,0
28536,0
28537,0
28538,1
28539,0
28540,0
28541,0
28542,1
28543,0
28544,0
28545,1
28546,0
28547,0
28548,0
28549,0
28550,0
28551,0
28552,0
28553,0
28554,0
28555,0
28556,0
28557,0
28558,0
28559,0
28560,0
28561,0
28562,0
28563,0
28564,0
28565,1
28566,0
28567,0
28568,1
28569,0
28570,0
28571,0
28572,0
28573,1
28574,0
28575,0
28576,0
28577,0
28578,0
28579,0
28580,0
28581,0
28582,0
28583,0
28584,0
28585,0
28586,0
28587,0
28588,0
28589,0
28590,0
28591,0
28592,0
28593,0
28594,0
28595,0
28596,0
28597,0
28598,1
28599,0
28600,0
28601,0
28602,1
28603,0
28604,0
28605,1
28606,0
28607,0
28608,0
28609,0
28610,0
28611,0
28612,0
28613,0
28614,1
28615,1
28616,0
28617,0
28618,0
28619,0
28620,0
28621,0
28622,0
28623,0
28624,0
28625,0
28626,0
28627,0
28628,0
28629,0
28630,0
28631,0
28632,0
28633,1
28634,0
28635,0
28636,0
28637,0
28638,0
28639,0
28640,0
28641,0
28642,0
28643,0
28644,0
28645,0
28646,0
28647,0
28648,0
28649,0
28650,0
28651,0
28652,0
28653,0
28654,0
28655,0
28656,0
28657,0
28658,0
28659,0
28660,0
28661,0
28662,0
28663,0
28664,0
28665,0
28666,0
28667,0
28668,0
28669,0
28670,0
28671,0
28672,0
28673,0
28674,0
28675,0
28676,0
28677,0
28678,0
28679,0
28680,0
28681,1
28682,0
28683,0
28684,0
28685,1
28686,0
28687,0
28688,0
28689,1
28690,1
28691,1
28692,0
28693,0
28694,0
28695,0
28696,0
28697,0
28698,0
28699,0
28700,0
28701,0
28702,0
28703,0
28704,0
28705,0
28706,0
28707,0
28708,0
28709,0
28710,0
28711,0
28712,0
28713,1
28714,0
28715,0
28716,0
28717,0
28718,0
28719,0
28720,0
28721,0
28722,0
28723,0
28724,0
28725,0
28726,0
28727,0
28728,0
28729,0
28730,0
28731,0
28732,0
28733,1
28734,0
28735,0
28736,0
28737,0
28738,0
28739,0
28740,0
28741,0
28742,0
28743,0
28744,0
28745,0
28746,0
28747,0
28748,0
28749,1
28750,0
28751,1
28752,0
28753,0
28754,0
28755,0
28756,0
28757,0
28758,1
28759,1
28760,0
28761,0
28762,0
28763,0
28764,0
28765,1
28766,0
28767,0
28768,1
28769,0
28770,1
28771,0
28772,0
28773,0
28774,0
28775,0
28776,0
28777,0
28778,0
28779,1
28780,0
28781,0
28782,0
28783,0
28784,0
28785,1
28786,0
28787,0
28788,0
28789,0
28790,0
28791,0
28792,0
28793,0
28794,0
28795,0
28796,0
28797,0
28798,0
28799,0
28800,0
28801,0
28802,0
28803,0
28804,0
28805,0
28806,0
28807,0
28808,0
28809,0
28810,0
28811,1
28812,0
28813,0
28814,0
28815,0
28816,1
28817,0
28818,0
28819,0
28820,0
28821,1
28822,1
28823,0
28824,1
28825,0
28826,0
28827,0
28828,0
28829,0
28830,0
28831,0
28832,0
28833,0
28834,0
28835,0
28836,0
28837,0
28838,0
28839,0
28840,0
28841,0
28842,0
28843,0
28844,0
28845,0
28846,0
28847,0
28848,0
28849,1
28850,1
28851,0
28852,1
28853,0
28854,0
28855,0
28856,0
28857,0
28858,0
28859,1
28860,0
28861,0
28862,0
28863,0
28864,0
28865,0
28866,1
28867,0
28868,0
28869,0
28870,0
28871,0
28872,0
28873,0
28874,0
28875,0
28876,0
28877,0
28878,0
28879,0
28880,0
28881,0
28882,0
28883,0
28884,0
28885,1
28886,0
28887,1
28888,0
28889,0
28890,0
28891,0
28892,0
28893,0
28894,0
28895,0
28896,0
28897,1
28898,0
28899,0
28900,0
28901,0
28902,0
28903,0
28904,0
28905,1
28906,0
28907,1
28908,0
28909,0
28910,0
28911,0
28912,0
28913,0
28914,0
28915,1
28916,0
28917,0
28918,1
28919,0
28920,0
28921,0
28922,0
28923,0
28924,0
28925,0
28926,0
28927,0
28928,1
28929,0
28930,1
28931,0
28932,0
28933,0
28934,0
28935,1
28936,0
28937,0
28938,0
28939,0
28940,0
28941,0
28942,0
28943,0
28944,0
28945,0
28946,0
28947,0
28948,0
28949,0
28950,1
28951,0
28952,0
28953,0
28954,0
28955,0
28956,1
28957,0
28958,0
28959,0
28960,0
28961,0
28962,0
28963,1
28964,1
28965,0
28966,0
28967,0
28968,0
28969,0
28970,1
28971,0
28972,0
28973,0
28974,0
28975,0
28976,0
28977,0
28978,0
28979,0
28980,1
28981,0
28982,0
28983,0
28984,0
28985,0
28986,0
28987,0
28988,0
28989,0
28990,0
28991,0
28992,0
28993,0
28994,0
28995,0
28996,0
28997,0
28998,0
28999,1
29000,0
29001,0
29002,0
29003,0
29004,0
29005,0
29006,0
29007,0
29008,0
29009,0
29010,0
29011,0
29012,0
29013,0
29014,1
29015,0
29016,0
29017,0
29018,0
29019,0
29020,0
29021,0
29022,0
29023,0
29024,0
29025,0
29026,0
29027,0
29028,0
29029,0
29030,0
29031,0
29032,1
29033,0
29034,0
29035,0
29036,0
29037,0
29038,0
29039,0
29040,0
29041,0
29042,0
29043,0
29044,1
29045,0
29046,0
29047,0
29048,0
29049,0
29050,1
29051,0
29052,0
29053,0
29054,0
29055,0
29056,0
29057,0
29058,0
29059,0
29060,0
29061,0
29062,0
29063,0
29064,0
29065,1
29066,0
29067,0
29068,0
29069,0
29070,0
29071,0
29072,0
29073,0
29074,0
29075,1
29076,0
29077,0
29078,0
29079,0
29080,0
29081,0
29082,0
29083,1
29084,0
29085,0
29086,0
29087,0
29088,0
29089,0
29090,0
29091,0
29092,0
29093,1
29094,0
29095,0
29096,0
29097,0
29098,0
29099,0
29100,0
29101,0
29102,0
29103,0
29104,0
29105,1
29106,0
29107,0
29108,0
29109,0
29110,0
29111,0
29112,1
29113,0
29114,0
29115,1
29116,0
29117,0
29118,0
29119,0
29120,0
29121,0
29122,0
29123,1
29124,1
29125,0
29126,0
29127,0
29128,0
29129,0
29130,0
29131,1
29132,0
29133,0
29134,1
29135,0
29136,0
29137,0
29138,0
29139,0
29140,0
29141,0
29142,0
29143,0
29144,1
29145,0
29146,0
29147,0
29148,0
29149,0
29150,0
29151,0
29152,0
29153,0
29154,1
29155,0
29156,0
29157,0
29158,0
29159,0
29160,0
29161,0
29162,0
29163,1
29164,0
29165,0
29166,0
29167,0
29168,0
29169,0
29170,0
29171,0
29172,0
29173,0
29174,0
29175,0
29176,1
29177,0
29178,0
29179,1
29180,0
29181,1
29182,0
29183,0
29184,0
29185,0
29186,0
29187,0
29188,0
29189,0
29190,0
29191,0
29192,0
29193,1
29194,0
29195,0
29196,0
29197,0
29198,0
29199,0
29200,0
29201,0
29202,1
29203,0
29204,0
29205,0
29206,0
29207,0
29208,0
29209,0
29210,0
29211,0
29212,0
29213,0
29214,0
29215,0
29216,0
29217,0
29218,0
29219,0
29220,0
29221,0
29222,0
29223,0
29224,0
29225,0
29226,0
29227,0
29228,0
29229,0
29230,0
29231,0
29232,0
29233,0
29234,0
29235,0
29236,1
29237,0
29238,1
29239,0
29240,0
29241,0
29242,1
29243,0
29244,0
29245,0
29246,0
29247,0
29248,0
29249,0
29250,0
29251,0
29252,0
29253,1
29254,0
29255,0
29256,0
29257,0
29258,0
29259,0
29260,0
29261,1
29262,1
29263,0
29264,0
29265,0
29266,0
29267,0
29268,0
29269,0
29270,0
29271,0
29272,0
29273,0
29274,0
29275,0
29276,0
29277,0
29278,0
29279,0
29280,0
29281,0
29282,0
29283,0
29284,1
29285,0
29286,0
29287,0
29288,0
29289,0
29290,0
29291,0
29292,1
29293,1
29294,0
29295,0
29296,1
29297,0
29298,0
29299,0
29300,0
29301,0
29302,0
29303,0
29304,0
29305,0
29306,0
29307,0
29308,0
29309,1
29310,0
29311,0
29312,0
29313,0
29314,0
29315,0
29316,0
29317,0
29318,0
29319,0
29320,0
29321,0
29322,0
29323,0
29324,0
29325,0
29326,0
29327,1
29328,0
29329,0
29330,0
29331,1
29332,0
29333,0
29334,0
29335,0
29336,0
29337,0
29338,0
29339,0
29340,0
29341,0
29342,0
29343,0
29344,0
29345,0
29346,0
29347,0
29348,0
29349,0
29350,1
29351,0
29352,1
29353,0
29354,0
29355,0
29356,0
29357,1
29358,0
29359,1
29360,0
29361,0
29362,0
29363,0
29364,0
29365,0
29366,0
29367,1
29368,0
29369,0
29370,0
29371,0
29372,1
29373,1
29374,0
29375,0
29376,0
29377,0
29378,1
29379,0
29380,0
29381,0
29382,1
29383,0
29384,0
29385,0
29386,0
29387,0
29388,1
29389,1
29390,0
29391,0
29392,0
29393,1
29394,0
29395,0
29396,0
29397,1
29398,0
29399,1
29400,0
29401,1
29402,0
29403,0
29404,0
29405,0
29406,0
29407,0
29408,0
29409,0
29410,0
29411,0
29412,0
29413,1
29414,0
29415,0
29416,1
29417,0
29418,0
29419,0
29420,0
29421,0
29422,0
29423,0
29424,0
29425,0
29426,0
29427,0
29428,0
29429,0
29430,1
29431,0
29432,0
29433,0
29434,0
29435,0
29436,0
29437,1
29438,1
29439,0
29440,0
29441,0
29442,0
29443,0
29444,0
29445,0
29446,0
29447,0
29448,0
29449,1
29450,0
29451,0
29452,0
29453,0
29454,1
29455,0
29456,0
29457,0
29458,0
29459,0
29460,0
29461,0
29462,0
29463,1
29464,0
29465,0
29466,0
29467,0
29468,0
29469,1
29470,0
29471,0
29472,0
29473,0
29474,0
29475,0
29476,0
29477,0
29478,0
29479,0
29480,0
29481,0
29482,0
29483,0
29484,1
29485,0
29486,0
29487,1
29488,0
29489,0
29490,0
29491,0
29492,0
29493,0
29494,0
29495,0
29496,0
29497,0
29498,0
29499,0
29500,1
29501,0
29502,0
29503,0
29504,0
29505,0
29506,0
29507,0
29508,0
29509,0
29510,0
29511,1
29512,0
29513,0
29514,1
29515,0
29516,0
29517,0
29518,0
29519,0
29520,0
29521,0
29522,0
29523,0
29524,0
29525,0
29526,0
29527,0
29528,0
29529,0
29530,0
29531,0
29532,0
29533,0
29534,1
29535,0
29536,0
29537,1
29538,0
29539,0
29540,0
29541,0
29542,0
29543,1
29544,0
29545,0
29546,0
29547,0
29548,0
29549,0
29550,0
29551,0
29552,0
29553,0
29554,0
29555,0
29556,0
29557,0
29558,0
29559,0
29560,0
29561,0
29562,1
29563,0
29564,0
29565,0
29566,0
29567,1
29568,0
29569,0
29570,0
29571,0
29572,0
29573,0
29574,0
29575,0
29576,1
29577,0
29578,0
29579,0
29580,0
29581,0
29582,0
29583,0
29584,0
29585,0
29586,0
29587,0
29588,0
29589,0
29590,0
29591,0
29592,1
29593,0
29594,0
29595,0
29596,0
29597,0
29598,0
29599,0
29600,0
29601,1
29602,0
29603,0
29604,0
29605,1
29606,0
29607,0
29608,0
29609,0
29610,1
29611,0
29612,0
29613,0
29614,0
29615,0
29616,0
29617,0
29618,1
29619,0
29620,0
29621,0
29622,0
29623,0
29624,0
29625,0
29626,1
29627,0
29628,0
29629,0
29630,0
29631,0
29632,0
29633,0
29634,0
29635,0
29636,0
29637,0
29638,1
29639,1
29640,0
29641,0
29642,1
29643,0
29644,0
29645,0
29646,0
29647,1
29648,0
29649,0
29650,0
29651,0
29652,0
29653,0
29654,1
29655,1
29656,0
29657,0
29658,1
29659,0
29660,1
29661,0
29662,0
29663,0
29664,0
29665,0
29666,0
29667,0
29668,0
29669,0
29670,1
29671,0
29672,0
29673,0
29674,1
29675,0
29676,0
29677,0
29678,0
29679,0
29680,1
29681,0
29682,0
29683,0
29684,0
29685,0
29686,0
29687,0
29688,0
29689,0
29690,0
29691,0
29692,0
29693,0
29694,0
29695,0
29696,0
29697,0
29698,0
29699,0
29700,0
29701,0
29702,0
29703,0
29704,0
29705,0
29706,0
29707,0
29708,0
29709,0
29710,0
29711,0
29712,0
29713,0
29714,0
29715,0
29716,0
29717,0
29718,0
29719,0
29720,0
29721,1
29722,0
29723,0
29724,0
29725,0
29726,0
29727,0
29728,0
29729,0
29730,0
29731,0
29732,0
29733,0
29734,0
29735,0
29736,0
29737,0
29738,0
29739,0
29740,0
29741,0
29742,0
29743,0
29744,0
29745,0
29746,1
29747,1
29748,0
29749,0
29750,0
29751,0
29752,0
29753,0
29754,0
29755,0
29756,0
29757,0
29758,0
29759,1
29760,0
29761,0
29762,1
29763,0
29764,0
29765,0
29766,0
29767,0
29768,0
29769,0
29770,0
29771,1
29772,0
29773,0
29774,0
29775,0
29776,0
29777,1
29778,0
29779,0
29780,0
29781,0
29782,0
29783,0
29784,0
29785,0
29786,0
29787,0
29788,0
29789,0
29790,0
29791,0
29792,0
29793,0
29794,0
29795,0
29796,0
29797,1
29798,0
29799,0
29800,1
29801,0
29802,0
29803,0
29804,0
29805,0
29806,0
29807,0
29808,0
29809,1
29810,0
29811,1
29812,0
29813,0
29814,0
29815,0
29816,0
29817,0
29818,0
29819,1
29820,0
29821,0
29822,0
29823,0
29824,0
29825,0
29826,0
29827,0
29828,0
29829,0
29830,0
29831,1
29832,0
29833,0
29834,1
29835,0
29836,0
29837,0
29838,0
29839,0
29840,0
29841,0
29842,0
29843,0
29844,0
29845,1
29846,0
29847,0
29848,0
29849,0
29850,0
29851,1
29852,0
29853,0
29854,0
29855,1
29856,1
29857,0
29858,0
29859,0
29860,0
29861,0
29862,1
29863,0
29864,0
29865,0
29866,0
29867,0
29868,0
29869,0
29870,0
29871,0
29872,1
29873,0
29874,0
29875,0
29876,0
29877,0
29878,0
29879,0
29880,1
29881,0
29882,0
29883,0
29884,0
29885,0
29886,0
29887,0
29888,0
29889,0
29890,0
29891,1
29892,0
29893,0
29894,0
29895,0
29896,0
29897,0
29898,0
29899,0
29900,0
29901,0
29902,0
29903,0
29904,0
29905,0
29906,0
29907,1
29908,0
29909,0
29910,0
29911,0
29912,0
29913,0
29914,1
29915,0
29916,0
29917,0
29918,0
29919,0
29920,0
29921,0
29922,0
29923,0
29924,0
29925,0
29926,0
29927,0
29928,0
29929,0
29930,0
29931,1
29932,0
29933,0
29934,0
29935,0
29936,0
29937,0
29938,0
29939,0
29940,0
29941,0
29942,0
29943,0
29944,0
29945,0
29946,0
29947,0
29948,0
29949,0
29950,0
29951,0
29952,0
29953,0
29954,1
29955,0
29956,0
29957,0
29958,0
29959,0
29960,1
29961,0
29962,1
29963,0
29964,0
29965,0
29966,0
29967,0
29968,0
29969,0
29970,1
29971,0
29972,0
29973,0
29974,0
29975,0
29976,0
29977,1
29978,0
29979,0
29980,1
29981,0
29982,0
29983,0
29984,0
29985,0
29986,1
29987,0
29988,0
29989,0
29990,1
29991,0
29992,1
29993,0
29994,0
29995,0
29996,0
29997,0
29998,0
29999,0
30000,0
30001,0
30002,0
30003,0
30004,0
30005,0
30006,0
30007,0
30008,1
30009,0
30010,0
30011,0
30012,0
30013,0
30014,0
30015,0
30016,0
30017,0
30018,0
30019,0
30020,0
30021,0
30022,0
30023,0
30024,0
30025,0
30026,1
30027,0
30028,0
30029,1
30030,0
30031,0
30032,0
30033,0
30034,0
30035,0
30036,0
30037,0
30038,0
30039,0
30040,0
30041,0
30042,0
30043,0
30044,0
30045,1
30046,0
30047,0
30048,0
30049,0
30050,0
30051,0
30052,0
30053,0
30054,0
30055,1
30056,0
30057,0
30058,1
30059,0
30060,0
30061,0
30062,0
30063,0
30064,0
30065,0
30066,0
30067,1
30068,0
30069,0
30070,0
30071,0
30072,0
30073,0
30074,1
30075,0
30076,0
30077,0
30078,0
30079,0
30080,0
30081,0
30082,0
30083,0
30084,0
30085,0
30086,0
30087,0
30088,0
30089,0
30090,0
30091,0
30092,0
30093,0
30094,0
30095,0
30096,0
30097,0
30098,0
30099,0
30100,0
30101,0
30102,0
30103,0
30104,0
30105,0
30106,0
30107,0
30108,0
30109,0
30110,0
30111,0
30112,0
30113,0
30114,0
30115,0
30116,0
30117,0
30118,0
30119,1
30120,0
30121,0
30122,0
30123,0
30124,0
30125,1
30126,0
30127,0
30128,0
30129,0
30130,0
30131,1
30132,0
30133,0
30134,0
30135,1
30136,0
30137,0
30138,0
30139,0
30140,0
30141,1
30142,0
30143,0
30144,0
30145,0
30146,1
30147,0
30148,0
30149,0
30150,0
30151,0
30152,1
30153,0
30154,0
30155,0
30156,0
30157,0
30158,0
30159,0
30160,0
30161,1
30162,0
30163,0
30164,0
30165,0
30166,0
30167,0
30168,1
30169,0
30170,0
30171,1
30172,0
30173,0
30174,0
30175,1
30176,0
30177,0
30178,0
30179,0
30180,1
30181,0
30182,0
30183,0
30184,0
30185,1
30186,0
30187,0
30188,0
30189,0
30190,0
30191,0
30192,0
30193,1
30194,0
30195,1
30196,0
30197,0
30198,0
30199,0
30200,0
30201,0
30202,0
30203,0
30204,0
30205,0
30206,0
30207,0
30208,0
30209,0
30210,1
30211,0
30212,0
30213,0
30214,0
30215,0
30216,0
30217,0
30218,0
30219,0
30220,0
30221,1
30222,1
30223,0
30224,0
30225,0
30226,0
30227,0
30228,0
30229,0
30230,0
30231,1
30232,1
30233,0
30234,0
30235,0
30236,1
30237,0
30238,0
30239,0
30240,0
30241,0
30242,0
30243,0
30244,0
30245,0
30246,0
30247,1
30248,1
30249,0
30250,1
30251,0
30252,0
30253,0
30254,0
30255,0
30256,0
30257,1
30258,0
30259,0
30260,0
30261,0
30262,0
30263,0
30264,0
30265,0
30266,0
30267,0
30268,1
30269,0
30270,0
30271,0
30272,0
30273,1
30274,1
30275,0
30276,0
30277,0
30278,1
30279,0
30280,1
30281,1
30282,0
30283,0
30284,0
30285,0
30286,0
30287,0
30288,0
30289,0
30290,0
30291,0
30292,0
30293,0
30294,0
30295,0
30296,0
30297,0
30298,0
30299,0
30300,0
30301,0
30302,0
30303,1
30304,0
30305,0
30306,0
30307,0
30308,0
30309,0
30310,0
30311,0
30312,1
30313,0
30314,0
30315,0
30316,0
30317,0
30318,0
30319,0
30320,1
30321,0
30322,0
30323,0
30324,0
30325,0
30326,1
30327,0
30328,0
30329,0
30330,0
30331,0
30332,0
30333,0
30334,0
30335,0
30336,0
30337,1
30338,0
30339,0
30340,0
30341,0
30342,0
30343,0
30344,0
30345,0
30346,0
30347,0
30348,0
30349,0
30350,0
30351,0
30352,0
30353,0
30354,1
30355,0
30356,1
30357,0
30358,0
30359,0
30360,0
30361,0
30362,0
30363,0
30364,0
30365,0
30366,0
30367,0
30368,0
30369,0
30370,0
30371,1
30372,1
30373,0
30374,0
30375,1
30376,0
30377,1
30378,0
30379,0
30380,0
30381,0
30382,0
30383,0
30384,0
30385,0
30386,0
30387,0
30388,0
30389,0
30390,0
30391,1
30392,0
30393,0
30394,0
30395,0
30396,0
30397,0
30398,1
30399,0
30400,0
30401,0
30402,0
30403,0
30404,0
30405,1
30406,0
30407,0
30408,0
30409,0
30410,0
30411,1
30412,0
30413,0
30414,0
30415,0
30416,1
30417,0
30418,0
30419,0
30420,0
30421,0
30422,0
30423,0
30424,0
30425,0
30426,0
30427,0
30428,0
30429,0
30430,0
30431,0
30432,0
30433,0
30434,1
30435,1
30436,0
30437,0
30438,0
30439,0
30440,1
30441,0
30442,1
30443,0
30444,0
30445,0
30446,0
30447,0
30448,0
30449,0
30450,0
30451,1
30452,0
30453,0
30454,0
30455,0
30456,0
30457,0
30458,0
30459,0
30460,0
30461,0
30462,0
30463,0
30464,0
30465,0
30466,0
30467,0
30468,0
30469,0
30470,0
30471,0
30472,0
30473,0
30474,0
30475,0
30476,0
30477,0
30478,0
30479,0
30480,0
30481,0
30482,0
30483,0
30484,0
30485,0
30486,0
30487,0
30488,0
30489,0
30490,0
30491,0
30492,0
30493,0
30494,0
30495,0
30496,1
30497,0
30498,0
30499,0
30500,0
30501,0
30502,1
30503,0
30504,0
30505,0
30506,0
30507,0
30508,0
30509,0
30510,0
30511,0
30512,0
30513,0
30514,0
30515,0
30516,1
30517,0
30518,1
30519,1
30520,0
30521,0
30522,0
30523,0
30524,0
30525,1
30526,0
30527,0
30528,0
30529,0
30530,0
30531,1
30532,0
30533,0
30534,0
30535,0
30536,1
30537,0
30538,0
30539,0
30540,0
30541,0
30542,0
30543,1
30544,0
30545,0
30546,0
30547,1
30548,0
30549,0
30550,0
30551,0
30552,0
30553,0
30554,1
30555,0
30556,0
30557,0
30558,0
30559,0
30560,0
30561,0
30562,0
30563,0
30564,0
30565,0
30566,0
30567,0
30568,1
30569,0
30570,0
30571,0
30572,0
30573,0
30574,0
30575,0
30576,0
30577,0
30578,0
30579,0
30580,0
30581,0
30582,0
30583,0
30584,1
30585,0
30586,0
30587,0
30588,0
30589,0
30590,0
30591,1
30592,0
30593,0
30594,0
30595,0
30596,0
30597,0
30598,1
30599,0
30600,0
30601,0
30602,0
30603,0
30604,0
30605,0
30606,0
30607,0
30608,0
30609,0
30610,0
30611,0
30612,1
30613,0
30614,0
30615,0
30616,0
30617,0
30618,0
30619,0
30620,0
30621,0
30622,0
30623,0
30624,0
30625,0
30626,0
30627,0
30628,0
30629,1
30630,0
30631,1
30632,0
30633,0
30634,0
30635,0
30636,0
30637,0
30638,0
30639,0
30640,1
30641,0
30642,1
30643,0
30644,0
30645,0
30646,0
30647,0
30648,0
30649,1
30650,0
30651,0
30652,0
30653,0
30654,0
30655,1
30656,0
30657,0
30658,0
30659,0
30660,0
30661,0
30662,0
30663,0
30664,0
30665,1
30666,0
30667,0
30668,0
30669,0
30670,0
30671,0
30672,0
30673,1
30674,0
30675,0
30676,0
30677,0
30678,0
30679,0
30680,0
30681,0
30682,1
30683,0
30684,1
30685,1
30686,0
30687,0
30688,0
30689,0
30690,0
30691,0
30692,0
30693,1
30694,0
30695,0
30696,0
30697,0
30698,0
30699,0
30700,0
30701,0
30702,0
30703,0
30704,0
30705,0
30706,0
30707,0
30708,1
30709,0
30710,0
30711,0
30712,0
30713,0
30714,1
30715,0
30716,0
30717,1
30718,0
30719,0
30720,0
30721,1
30722,0
30723,0
30724,0
30725,1
30726,1
30727,0
30728,0
30729,0
30730,0
30731,0
30732,0
30733,1
30734,0
30735,1
30736,0
30737,1
30738,1
30739,0
30740,1
30741,0
30742,0
30743,0
30744,0
30745,0
30746,0
30747,0
30748,0
30749,0
30750,0
30751,0
30752,0
30753,0
30754,0
30755,0
30756,0
30757,0
30758,0
30759,0
30760,1
30761,0
30762,0
30763,0
30764,0
30765,0
30766,0
30767,0
30768,0
30769,0
30770,1
30771,0
30772,1
30773,0
30774,0
30775,1
30776,1
30777,0
30778,0
30779,0
30780,0
30781,0
30782,0
30783,0
30784,0
30785,0
30786,1
30787,0
30788,0
30789,0
30790,1
30791,0
30792,0
30793,0
30794,0
30795,0
30796,1
30797,0
30798,0
30799,0
30800,0
30801,0
30802,0
30803,0
30804,0
30805,0
30806,0
30807,0
30808,0
30809,0
30810,0
30811,0
30812,0
30813,0
30814,0
30815,1
30816,0
30817,1
30818,1
30819,0
30820,0
30821,0
30822,0
30823,0
30824,0
30825,0
30826,0
30827,0
30828,1
30829,0
30830,0
30831,1
30832,0
30833,1
30834,1
30835,0
30836,0
30837,0
30838,1
30839,0
30840,0
30841,0
30842,0
30843,0
30844,0
30845,0
30846,0
30847,0
30848,0
30849,1
30850,0
30851,0
30852,0
30853,0
30854,0
30855,0
30856,0
30857,0
30858,0
30859,0
30860,0
30861,0
30862,1
30863,0
30864,0
30865,1
30866,0
30867,0
30868,0
30869,0
30870,0
30871,0
30872,0
30873,0
30874,0
30875,0
30876,0
30877,0
30878,0
30879,0
30880,0
30881,0
30882,0
30883,0
30884,0
30885,0
30886,1
30887,0
30888,0
30889,0
30890,0
30891,0
30892,0
30893,0
30894,0
30895,0
30896,0
30897,0
30898,1
30899,0
30900,0
30901,0
30902,0
30903,0
30904,0
30905,0
30906,0
30907,0
30908,0
30909,0
30910,0
30911,0
30912,0
30913,0
30914,0
30915,0
30916,0
30917,0
30918,0
30919,0
30920,0
30921,0
30922,0
30923,0
30924,1
30925,0
30926,0
30927,0
30928,0
30929,0
30930,0
30931,0
30932,0
30933,0
30934,0
30935,0
30936,0
30937,0
30938,1
30939,0
30940,1
30941,0
30942,0
30943,0
30944,0
30945,1
30946,0
30947,1
30948,0
30949,0
30950,0
30951,0
30952,0
30953,0
30954,0
30955,1
30956,0
30957,0
30958,0
30959,0
30960,0
30961,0
30962,0
30963,0
30964,0
30965,0
30966,0
30967,1
30968,0
30969,0
30970,0
30971,0
30972,0
30973,0
30974,1
30975,0
30976,0
30977,1
30978,0
30979,0
30980,0
30981,0
30982,0
30983,0
30984,0
30985,0
30986,0
30987,0
30988,0
30989,0
30990,0
30991,0
30992,0
30993,1
30994,0
30995,0
30996,0
30997,0
30998,0
30999,0
31000,0
31001,0
31002,0
31003,0
31004,0
31005,0
31006,0
31007,1
31008,0
31009,0
31010,1
31011,0
31012,1
31013,0
31014,0
31015,0
31016,0
31017,1
31018,0
31019,0
31020,0
31021,0
31022,1
31023,0
31024,0
31025,0
31026,0
31027,0
31028,0
31029,0
31030,0
31031,0
31032,0
31033,0
31034,0
31035,0
31036,0
31037,0
31038,1
31039,0
31040,0
31041,0
31042,0
31043,0
31044,0
31045,0
31046,0
31047,1
31048,1
31049,0
31050,0
31051,1
31052,0
31053,0
31054,0
31055,0
31056,0
31057,0
31058,1
31059,0
31060,1
31061,0
31062,1
31063,1
31064,0
31065,0
31066,0
31067,0
31068,0
31069,0
31070,0
31071,0
31072,0
31073,0
31074,0
31075,0
31076,0
31077,0
31078,0
31079,0
31080,0
31081,0
31082,0
31083,0
31084,0
31085,0
31086,0
31087,0
31088,0
31089,0
31090,0
31091,0
31092,0
31093,0
31094,0
31095,0
31096,0
31097,1
31098,0
31099,0
31100,0
31101,0
31102,0
31103,0
31104,0
31105,0
31106,1
31107,0
31108,0
31109,0
31110,0
31111,0
31112,0
31113,1
31114,0
31115,0
31116,1
31117,0
31118,0
31119,0
31120,0
31121,0
31122,0
31123,0
31124,1
31125,0
31126,0
31127,0
31128,0
31129,0
31130,0
31131,0
31132,0
31133,0
31134,0
31135,0
31136,0
31137,0
31138,0
31139,0
31140,0
31141,0
31142,0
31143,0
31144,0
31145,0
31146,0
31147,0
31148,0
31149,0
31150,0
31151,0
31152,0
31153,1
31154,1
31155,0
31156,0
31157,0
31158,0
31159,0
31160,0
31161,0
31162,0
31163,1
31164,0
31165,0
31166,0
31167,0
31168,0
31169,0
31170,0
31171,0
31172,0
31173,0
31174,0
31175,0
31176,0
31177,0
31178,0
31179,0
31180,0
31181,0
31182,0
31183,0
31184,0
31185,0
31186,0
31187,0
31188,0
31189,0
31190,1
31191,0
31192,0
31193,0
31194,0
31195,0
31196,1
31197,1
31198,0
31199,0
31200,0
31201,0
31202,0
31203,0
31204,0
31205,0
31206,0
31207,0
31208,0
31209,0
31210,0
31211,0
31212,0
31213,0
31214,0
31215,0
31216,0
31217,0
31218,0
31219,0
31220,0
31221,0
31222,0
31223,0
31224,0
31225,0
31226,0
31227,0
31228,0
31229,0
31230,1
31231,0
31232,0
31233,0
31234,0
31235,0
31236,0
31237,0
31238,0
31239,0
31240,0
31241,0
31242,0
31243,1
31244,0
31245,0
31246,0
31247,0
31248,0
31249,0
31250,0
31251,0
31252,0
31253,1
31254,0
31255,0
31256,0
31257,0
31258,0
31259,0
31260,0
31261,0
31262,0
31263,0
31264,0
31265,0
31266,0
31267,0
31268,0
31269,1
31270,0
31271,0
31272,0
31273,0
31274,0
31275,0
31276,0
31277,0
31278,0
31279,0
31280,0
31281,0
31282,0
31283,0
31284,1
31285,0
31286,0
31287,0
31288,0
31289,0
31290,0
31291,0
31292,0
31293,0
31294,0
31295,0
31296,1
31297,0
31298,0
31299,0
31300,0
31301,0
31302,0
31303,0
31304,0
31305,0
31306,0
31307,0
31308,0
31309,0
31310,0
31311,1
31312,0
31313,0
31314,0
31315,0
31316,0
31317,0
31318,0
31319,0
31320,0
31321,0
31322,0
31323,0
31324,0
31325,0
31326,0
31327,0
31328,1
31329,0
31330,1
31331,0
31332,0
31333,0
31334,0
31335,0
31336,0
31337,0
31338,0
31339,0
31340,0
31341,0
31342,0
31343,1
31344,0
31345,0
31346,0
31347,1
31348,0
31349,0
31350,0
31351,0
31352,0
31353,0
31354,0
31355,0
31356,0
31357,0
31358,0
31359,0
31360,0
31361,0
31362,0
31363,0
31364,0
31365,0
31366,0
31367,0
31368,0
31369,1
31370,0
31371,0
31372,0
31373,0
31374,0
31375,0
31376,1
31377,0
31378,0
31379,0
31380,0
31381,0
31382,1
31383,0
31384,0
31385,0
31386,0
31387,0
31388,0
31389,0
31390,0
31391,1
31392,0
31393,0
31394,0
31395,0
31396,0
31397,0
31398,0
31399,0
31400,0
31401,0
31402,0
31403,0
31404,0
31405,0
31406,0
31407,0
31408,1
31409,0
31410,0
31411,0
31412,0
31413,0
31414,0
31415,0
31416,0
31417,0
31418,0
31419,0
31420,0
31421,0
31422,0
31423,0
31424,0
31425,0
31426,0
31427,1
31428,0
31429,0
31430,0
31431,1
31432,1
31433,0
31434,0
31435,0
31436,0
31437,0
31438,0
31439,0
31440,0
31441,0
31442,0
31443,0
31444,0
31445,0
31446,0
31447,0
31448,0
31449,0
31450,0
31451,0
31452,0
31453,0
31454,0
31455,0
31456,0
31457,0
31458,0
31459,0
31460,0
31461,0
31462,0
31463,0
31464,0
31465,0
31466,0
31467,0
31468,1
31469,0
31470,0
31471,1
31472,0
31473,0
31474,0
31475,0
31476,0
31477,0
31478,1
31479,0
31480,0
31481,0
31482,0
31483,0
31484,0
31485,1
31486,0
31487,0
31488,0
31489,0
31490,0
31491,0
31492,0
31493,0
31494,0
31495,0
31496,0
31497,0
31498,0
31499,0
31500,0
31501,0
31502,0
31503,0
31504,0
31505,0
31506,0
31507,0
31508,0
31509,0
31510,0
31511,0
31512,1
31513,0
31514,0
31515,0
31516,0
31517,0
31518,0
31519,0
31520,0
31521,0
31522,0
31523,0
31524,0
31525,0
31526,0
31527,0
31528,0
31529,0
31530,0
31531,0
31532,0
31533,0
31534,0
31535,0
31536,0
31537,0
31538,0
31539,0
31540,0
31541,1
31542,0
31543,0
31544,0
31545,0
31546,0
31547,0
31548,0
31549,0
31550,0
31551,0
31552,0
31553,1
31554,0
31555,0
31556,0
31557,0
31558,0
31559,0
31560,0
31561,0
31562,0
31563,0
31564,0
31565,0
31566,0
31567,0
31568,0
31569,0
31570,1
31571,0
31572,1
31573,0
31574,0
31575,1
31576,1
31577,0
31578,1
31579,0
31580,0
31581,1
31582,0
31583,1
31584,0
31585,0
31586,0
31587,0
31588,0
31589,0
31590,0
31591,0
31592,0
31593,0
31594,0
31595,0
31596,0
31597,0
31598,0
31599,0
31600,0
31601,1
31602,0
31603,0
31604,0
31605,0
31606,0
31607,0
31608,0
31609,0
31610,0
31611,0
31612,0
31613,0
31614,0
31615,0
31616,1
31617,0
31618,0
31619,0
31620,0
31621,0
31622,0
31623,0
31624,0
31625,0
31626,0
31627,0
31628,0
31629,0
31630,0
31631,1
31632,0
31633,0
31634,0
31635,1
31636,1
31637,0
31638,1
31639,0
31640,0
31641,1
31642,0
31643,0
31644,0
31645,0
31646,1
31647,1
31648,0
31649,0
31650,0
31651,0
31652,0
31653,0
31654,0
31655,1
31656,0
31657,0
31658,0
31659,0
31660,0
31661,0
31662,0
31663,0
31664,1
31665,0
31666,0
31667,0
31668,0
31669,0
31670,0
31671,0
31672,0
31673,1
31674,0
31675,0
31676,0
31677,0
31678,0
31679,0
31680,0
31681,0
31682,0
31683,0
31684,0
31685,1
31686,0
31687,0
31688,0
31689,0
31690,0
31691,0
31692,0
31693,1
31694,0
31695,0
31696,0
31697,0
31698,0
31699,0
31700,1
31701,1
31702,0
31703,0
31704,0
31705,0
31706,0
31707,0
31708,0
31709,0
31710,0
31711,0
31712,0
31713,1
31714,0
31715,0
31716,0
31717,0
31718,0
31719,0
31720,0
31721,0
31722,0
31723,0
31724,0
31725,0
31726,0
31727,1
31728,0
31729,0
31730,0
31731,0
31732,1
31733,0
31734,0
31735,0
31736,0
31737,0
31738,0
31739,0
31740,0
31741,0
31742,0
31743,0
31744,0
31745,0
31746,0
31747,0
31748,0
31749,0
31750,0
31751,0
31752,0
31753,0
31754,0
31755,1
31756,0
31757,0
31758,1
31759,0
31760,0
31761,0
31762,0
31763,0
31764,0
31765,0
31766,0
31767,1
31768,0
31769,0
31770,0
31771,0
31772,0
31773,0
31774,0
31775,0
31776,0
31777,0
31778,0
31779,0
31780,0
31781,0
31782,1
31783,1
31784,0
31785,1
31786,0
31787,0
31788,0
31789,0
31790,0
31791,0
31792,0
31793,0
31794,1
31795,0
31796,1
31797,0
31798,0
31799,0
31800,0
31801,0
31802,0
31803,0
31804,0
31805,0
31806,0
31807,0
31808,0
31809,0
31810,0
31811,0
31812,0
31813,0
31814,0
31815,1
31816,0
31817,0
31818,0
31819,1
31820,0
31821,0
31822,0
31823,0
31824,0
31825,0
31826,0
31827,0
31828,0
31829,0
31830,0
31831,0
31832,0
31833,0
31834,0
31835,0
31836,0
31837,1
31838,0
31839,0
31840,0
31841,0
31842,0
31843,0
31844,0
31845,0
31846,0
31847,0
31848,0
31849,0
31850,1
31851,0
31852,0
31853,0
31854,0
31855,0
31856,0
31857,0
31858,1
31859,0
31860,0
31861,1
31862,0
31863,1
31864,0
31865,0
31866,0
31867,0
31868,1
31869,0
31870,0
31871,0
31872,0
31873,1
31874,0
31875,1
31876,1
31877,0
31878,0
31879,0
31880,0
31881,0
31882,0
31883,0
31884,0
31885,0
31886,0
31887,0
31888,0
31889,0
31890,1
31891,0
31892,0
31893,0
31894,1
31895,0
31896,0
31897,0
31898,0
31899,0
31900,1
31901,0
31902,0
31903,0
31904,1
31905,0
31906,0
31907,0
31908,0
31909,1
31910,0
31911,0
31912,0
31913,0
31914,0
31915,0
31916,0
31917,0
31918,0
31919,0
31920,0
31921,0
31922,0
31923,0
31924,0
31925,0
31926,1
31927,0
31928,0
31929,0
31930,0
31931,0
31932,0
31933,0
31934,0
31935,0
31936,0
31937,0
31938,0
31939,0
31940,1
31941,0
31942,0
31943,0
31944,0
31945,0
31946,1
31947,0
31948,1
31949,0
31950,0
31951,0
31952,1
31953,1
31954,1
31955,0
31956,0
31957,1
31958,0
31959,0
31960,0
31961,1
31962,0
31963,0
31964,0
31965,0
31966,1
31967,0
31968,0
31969,0
31970,0
31971,0
31972,0
31973,0
31974,1
31975,0
31976,1
31977,0
31978,0
31979,0
31980,0
31981,0
31982,0
31983,0
31984,0
31985,0
31986,0
31987,0
31988,0
31989,0
31990,0
31991,0
31992,0
31993,1
31994,0
31995,0
31996,0
31997,0
31998,0
31999,0
32000,0
32001,0
32002,0
32003,0
32004,0
32005,0
32006,0
32007,0
32008,0
32009,0
32010,0
32011,0
32012,0
32013,0
32014,0
32015,0
32016,1
32017,0
32018,0
32019,0
32020,0
32021,1
32022,1
32023,0
32024,0
32025,0
32026,0
32027,0
32028,0
32029,0
32030,0
32031,0
32032,1
32033,0
32034,0
32035,0
32036,1
32037,0
32038,1
32039,0
32040,0
32041,0
32042,0
32043,0
32044,0
32045,0
32046,0
32047,0
32048,0
32049,0
32050,0
32051,0
32052,0
32053,0
32054,0
32055,1
32056,1
32057,0
32058,1
32059,0
32060,0
32061,0
32062,0
32063,0
32064,0
32065,0
32066,0
32067,0
32068,1
32069,0
32070,0
32071,0
32072,0
32073,0
32074,0
32075,0
32076,0
32077,0
32078,0
32079,0
32080,0
32081,0
32082,0
32083,0
32084,1
32085,0
32086,0
32087,0
32088,0
32089,0
32090,0
32091,0
32092,0
32093,0
32094,0
32095,1
32096,0
32097,0
32098,0
32099,0
32100,0
32101,0
32102,0
32103,0
32104,0
32105,0
32106,0
32107,0
32108,0
32109,0
32110,0
32111,0
32112,0
32113,0
32114,0
32115,0
32116,0
32117,0
32118,0
32119,1
32120,0
32121,0
32122,0
32123,1
32124,0
32125,0
32126,0
32127,0
32128,0
32129,0
32130,0
32131,0
32132,1
32133,0
32134,0
32135,0
32136,0
32137,0
32138,0
32139,1
32140,0
32141,0
32142,0
32143,0
32144,0
32145,1
32146,0
32147,0
32148,0
32149,0
32150,0
32151,1
32152,0
32153,1
32154,1
32155,0
32156,0
32157,0
32158,0
32159,0
32160,1
32161,0
32162,0
32163,0
32164,0
32165,1
32166,0
32167,1
32168,0
32169,0
32170,0
32171,0
32172,1
32173,0
32174,0
32175,1
32176,1
32177,0
32178,0
32179,0
32180,0
32181,0
32182,0
32183,0
32184,0
32185,0
32186,0
32187,0
32188,0
32189,1
32190,0
32191,1
32192,0
32193,0
32194,0
32195,0
32196,0
32197,0
32198,0
32199,0
32200,0
32201,0
32202,0
32203,0
32204,0
32205,0
32206,0
32207,0
32208,0
32209,0
32210,1
32211,0
32212,0
32213,0
32214,0
32215,0
32216,0
32217,0
32218,0
32219,1
32220,0
32221,0
32222,0
32223,0
32224,0
32225,0
32226,0
32227,0
32228,0
32229,0
32230,0
32231,0
32232,0
32233,0
32234,0
32235,0
32236,0
32237,0
32238,1
32239,0
32240,0
32241,0
32242,0
32243,0
32244,0
32245,0
32246,0
32247,1
32248,0
32249,0
32250,0
32251,0
32252,0
32253,0
32254,0
32255,0
32256,0
32257,0
32258,0
32259,0
32260,0
32261,0
32262,0
32263,0
32264,0
32265,0
32266,0
32267,0
32268,0
32269,0
32270,0
32271,0
32272,0
32273,1
32274,1
32275,0
32276,0
32277,1
32278,0
32279,0
32280,0
32281,0
32282,0
32283,0
32284,0
32285,1
32286,0
32287,0
32288,0
32289,1
32290,0
32291,0
32292,0
32293,0
32294,0
32295,0
32296,0
32297,0
32298,0
32299,0
32300,0
32301,0
32302,1
32303,1
32304,0
32305,0
32306,0
32307,0
32308,0
32309,0
32310,0
32311,0
32312,0
32313,0
32314,0
32315,0
32316,0
32317,0
32318,0
32319,0
32320,1
32321,1
32322,0
32323,0
32324,0
32325,0
32326,0
32327,0
32328,0
32329,0
32330,0
32331,0
32332,0
32333,0
32334,0
32335,0
32336,0
32337,0
32338,0
32339,0
32340,1
32341,0
32342,0
32343,0
32344,0
32345,0
32346,0
32347,0
32348,0
32349,0
32350,1
32351,0
32352,0
32353,0
32354,0
32355,0
32356,0
32357,0
32358,0
32359,0
32360,0
32361,0
32362,0
32363,0
32364,0
32365,0
32366,0
32367,0
32368,0
32369,0
32370,0
32371,0
32372,0
32373,0
32374,0
32375,0
32376,0
32377,1
32378,0
32379,0
32380,0
32381,0
32382,0
32383,0
32384,0
32385,0
32386,0
32387,0
32388,1
32389,0
32390,1
32391,0
32392,1
32393,0
32394,0
32395,0
32396,0
32397,0
32398,0
32399,1
32400,0
32401,0
32402,0
32403,0
32404,0
32405,0
32406,0
32407,0
32408,0
32409,0
32410,0
32411,0
32412,0
32413,0
32414,0
32415,1
32416,0
32417,0
32418,0
32419,0
32420,0
32421,0
32422,0
32423,0
32424,0
32425,0
32426,0
32427,0
32428,0
32429,0
32430,0
32431,0
32432,0
32433,0
32434,0
32435,0
32436,0
32437,1
32438,0
32439,0
32440,0
32441,0
32442,0
32443,0
32444,0
32445,0
32446,0
32447,0
32448,0
32449,0
32450,0
32451,0
32452,0
32453,0
32454,0
32455,0
32456,0
32457,0
32458,1
32459,0
32460,1
32461,0
32462,0
32463,0
32464,0
32465,0
32466,0
32467,1
32468,1
32469,0
32470,0
32471,0
32472,0
32473,0
32474,0
32475,1
32476,0
32477,0
32478,0
32479,0
32480,0
32481,0
32482,0
32483,0
32484,0
32485,0
32486,0
32487,0
32488,0
32489,0
32490,0
32491,0
32492,0
32493,0
32494,0
32495,0
32496,0
32497,0
32498,0
32499,0
32500,1
32501,0
32502,0
32503,0
32504,0
32505,0
32506,0
32507,0
32508,1
32509,0
32510,0
32511,0
32512,0
32513,0
32514,0
32515,1
32516,0
32517,0
32518,0
32519,1
32520,0
32521,0
32522,0
32523,0
32524,0
32525,0
32526,1
32527,0
32528,0
32529,0
32530,0
32531,0
32532,0
32533,0
32534,0
32535,0
32536,0
32537,0
32538,0
32539,0
32540,0
32541,0
32542,0
32543,0
32544,1
32545,0
32546,0
32547,0
32548,1
32549,0
32550,0
32551,1
32552,0
32553,0
32554,0
32555,1
32556,0
32557,0
32558,0
32559,1
32560,0
32561,0
32562,0
32563,0
32564,0
32565,0
32566,0
32567,0
32568,1
32569,0
32570,0
32571,0
32572,0
32573,0
32574,1
32575,0
32576,0
32577,0
32578,0
32579,1
32580,0
32581,1
32582,0
32583,0
32584,0
32585,0
32586,0
32587,1
32588,1
32589,0
32590,0
32591,0
32592,0
32593,0
32594,0
32595,0
32596,0
32597,0
32598,1
32599,0
32600,0
32601,0
32602,0
32603,0
32604,0
32605,0
32606,0
32607,0
32608,0
32609,0
32610,0
32611,0
32612,0
32613,0
32614,0
32615,0
32616,0
32617,0
32618,0
32619,0
32620,1
32621,0
32622,0
32623,0
32624,1
32625,0
32626,1
32627,0
32628,0
32629,1
32630,0
32631,0
32632,0
32633,0
32634,0
32635,0
32636,0
32637,0
32638,0
32639,0
32640,0
32641,0
32642,0
32643,0
32644,0
32645,0
32646,0
32647,0
32648,0
32649,1
32650,0
32651,0
32652,0
32653,0
32654,1
32655,0
32656,0
32657,0
32658,0
32659,0
32660,0
32661,0
32662,0
32663,0
32664,0
32665,0
32666,0
32667,0
32668,0
32669,0
32670,1
32671,0
32672,0
32673,0
32674,0
32675,0
32676,0
32677,1
32678,0
32679,1
32680,0
32681,0
32682,0
32683,0
32684,0
32685,0
32686,0
32687,0
32688,0
32689,0
32690,0
32691,0
32692,0
32693,0
32694,1
32695,0
32696,0
32697,0
32698,0
32699,0
32700,0
32701,0
32702,0
32703,0
32704,0
32705,0
32706,0
32707,0
32708,0
32709,0
32710,0
32711,0
32712,0
32713,0
32714,0
32715,0
32716,0
32717,0
32718,0
32719,0
32720,0
32721,0
32722,0
32723,0
32724,0
32725,0
32726,0
32727,0
32728,0
32729,0
32730,0
32731,0
32732,0
32733,0
32734,0
32735,0
32736,0
32737,0
32738,0
32739,0
32740,1
32741,1
32742,0
32743,1
32744,0
32745,0
32746,0
32747,0
32748,0
32749,0
32750,0
32751,0
32752,1
32753,0
32754,0
32755,0
32756,1
32757,0
32758,0
32759,0
32760,0
32761,0
32762,0
32763,0
32764,0
32765,0
32766,0
32767,0
32768,0
32769,1
32770,0
32771,0
32772,0
32773,0
32774,0
32775,0
32776,0
32777,0
32778,0
32779,0
32780,0
32781,0
32782,0
32783,0
32784,1
32785,0
32786,0
32787,0
32788,0
32789,0
32790,0
32791,0
32792,0
32793,0
32794,0
32795,0
32796,0
32797,0
32798,0
32799,0
32800,0
32801,1
32802,0
32803,0
32804,0
32805,1
32806,0
32807,0
32808,0
32809,0
32810,0
32811,0
32812,0
32813,1
32814,0
32815,0
32816,0
32817,0
32818,0
32819,1
32820,0
32821,1
32822,0
32823,1
32824,1
32825,0
32826,0
32827,0
32828,0
32829,0
32830,0
32831,0
32832,0
32833,0
32834,0
32835,0
32836,0
32837,0
32838,0
32839,1
32840,0
32841,0
32842,1
32843,0
32844,0
32845,0
32846,0
32847,0
32848,1
32849,0
32850,0
32851,0
32852,0
32853,0
32854,0
32855,0
32856,0
32857,1
32858,0
32859,0
32860,0
32861,0
32862,0
32863,0
32864,0
32865,0
32866,0
32867,0
32868,0
32869,0
32870,0
32871,0
32872,0
32873,0
32874,0
32875,0
32876,0
32877,0
32878,0
32879,0
32880,0
32881,0
32882,0
32883,0
32884,0
32885,0
32886,0
32887,0
32888,0
32889,0
32890,0
32891,0
32892,0
32893,1
32894,0
32895,0
32896,0
32897,0
32898,0
32899,0
32900,0
32901,1
32902,0
32903,0
32904,0
32905,0
32906,0
32907,0
32908,0
32909,0
32910,0
32911,0
32912,0
32913,0
32914,0
32915,1
32916,0
32917,0
32918,0
32919,0
32920,0
32921,0
32922,0
32923,0
32924,0
32925,0
32926,0
32927,0
32928,0
32929,0
32930,0
32931,0
32932,0
32933,0
32934,1
32935,0
32936,1
32937,0
32938,0
32939,0
32940,0
32941,1
32942,0
32943,0
32944,1
32945,0
32946,0
32947,0
32948,1
32949,0
32950,0
32951,0
32952,0
32953,0
32954,0
32955,0
32956,0
32957,0
32958,0
32959,0
32960,0
32961,0
32962,0
32963,0
32964,0
32965,0
32966,0
32967,0
32968,0
32969,1
32970,1
32971,0
32972,0
32973,0
32974,0
32975,0
32976,0
32977,0
32978,0
32979,0
32980,0
32981,0
32982,0
32983,0
32984,0
32985,0
32986,1
32987,1
32988,0
32989,0
32990,0
32991,0
32992,0
32993,0
32994,0
32995,0
32996,0
32997,0
32998,0
32999,0
33000,0
33001,0
33002,0
33003,0
33004,0
33005,0
33006,0
33007,0
33008,1
33009,0
33010,0
33011,0
33012,1
33013,0
33014,0
33015,1
33016,0
33017,0
33018,1
33019,0
33020,0
33021,0
33022,0
33023,0
33024,0
33025,0
33026,0
33027,0
33028,0
33029,0
33030,1
33031,1
33032,0
33033,0
33034,0
33035,0
33036,0
33037,0
33038,0
33039,0
33040,0
33041,0
33042,0
33043,0
33044,0
33045,0
33046,0
33047,0
33048,0
33049,0
33050,0
33051,0
33052,0
33053,0
33054,0
33055,0
33056,0
33057,0
33058,0
33059,0
33060,1
33061,0
33062,0
33063,0
33064,0
33065,0
33066,0
33067,0
33068,0
33069,0
33070,1
33071,0
33072,1
33073,0
33074,0
33075,0
33076,0
33077,0
33078,0
33079,0
33080,1
33081,0
33082,0
33083,1
33084,0
33085,0
33086,0
33087,0
33088,0
33089,0
33090,0
33091,1
33092,0
33093,0
33094,0
33095,0
33096,1
33097,0
33098,0
33099,0
33100,0
33101,1
33102,0
33103,0
33104,0
33105,0
33106,0
33107,0
33108,0
33109,0
33110,0
33111,0
33112,0
33113,0
33114,0
33115,0
33116,0
33117,0
33118,0
33119,0
33120,0
33121,1
33122,1
33123,1
33124,0
33125,0
33126,0
33127,0
33128,0
33129,0
33130,0
33131,1
33132,1
33133,0
33134,0
33135,0
33136,0
33137,0
33138,0
33139,0
33140,0
33141,0
33142,0
33143,0
33144,1
33145,0
33146,0
33147,0
33148,0
33149,1
33150,0
33151,0
33152,0
33153,0
33154,0
33155,1
33156,0
33157,0
33158,0
33159,0
33160,0
33161,0
33162,1
33163,0
33164,0
33165,0
33166,0
33167,1
33168,0
33169,0
33170,0
33171,0
33172,0
33173,0
33174,0
33175,0
33176,0
33177,1
33178,0
33179,0
33180,0
33181,1
33182,0
33183,0
33184,1
33185,0
33186,0
33187,0
33188,0
33189,0
33190,0
33191,0
33192,0
33193,0
33194,0
33195,0
33196,0
33197,1
33198,0
33199,0
33200,0
33201,0
33202,0
33203,0
33204,0
33205,0
33206,0
33207,0
33208,0
33209,0
33210,0
33211,0
33212,0
33213,1
33214,1
33215,0
33216,0
33217,0
33218,1
33219,0
33220,0
33221,0
33222,1
33223,0
33224,0
33225,0
33226,0
33227,0
33228,0
33229,0
33230,0
33231,0
33232,0
33233,1
33234,0
33235,0
33236,0
33237,1
33238,1
33239,0
33240,0
33241,0
33242,0
33243,1
33244,0
33245,0
33246,1
33247,0
33248,0
33249,0
33250,0
33251,0
33252,0
33253,0
33254,1
33255,0
33256,0
33257,0
33258,0
33259,0
33260,0
33261,0
33262,0
33263,0
33264,0
33265,0
33266,0
33267,0
33268,0
33269,0
33270,1
33271,0
33272,0
33273,0
33274,0
33275,0
33276,0
33277,0
33278,0
33279,0
33280,0
33281,0
33282,0
33283,1
33284,0
33285,0
33286,0
33287,0
33288,0
33289,0
33290,0
33291,0
33292,0
33293,0
33294,0
33295,0
33296,0
33297,0
33298,0
33299,0
33300,0
33301,1
33302,0
33303,0
33304,1
33305,1
33306,0
33307,0
33308,0
33309,1
33310,0
33311,0
33312,1
33313,0
33314,0
33315,0
33316,1
33317,1
33318,0
33319,1
33320,0
33321,1
33322,0
33323,0
33324,0
33325,0
33326,0
33327,0
33328,1
33329,0
33330,0
33331,0
33332,0
33333,0
33334,1
33335,0
33336,0
33337,0
33338,0
33339,0
33340,0
33341,1
33342,0
33343,0
33344,0
33345,0
33346,0
33347,0
33348,0
33349,0
33350,1
33351,0
33352,0
33353,1
33354,0
33355,0
33356,0
33357,0
33358,0
33359,1
33360,0
33361,0
33362,0
33363,0
33364,0
33365,1
33366,0
33367,0
33368,0
33369,0
33370,1
33371,0
33372,1
33373,0
33374,1
33375,0
33376,0
33377,1
33378,0
33379,0
33380,0
33381,0
33382,0
33383,0
33384,1
33385,0
33386,0
33387,1
33388,0
33389,0
33390,0
33391,0
33392,0
33393,0
33394,0
33395,0
33396,0
33397,0
33398,0
33399,0
33400,0
33401,0
33402,0
33403,0
33404,0
33405,1
33406,0
33407,0
33408,1
33409,0
33410,0
33411,0
33412,0
33413,0
33414,0
33415,0
33416,1
33417,0
33418,0
33419,0
33420,0
33421,0
33422,0
33423,1
33424,0
33425,1
33426,0
33427,0
33428,0
33429,0
33430,0
33431,0
33432,0
33433,1
33434,0
33435,1
33436,1
33437,0
33438,0
33439,0
33440,0
33441,0
33442,0
33443,1
33444,0
33445,0
33446,0
33447,0
33448,0
33449,0
33450,1
33451,0
33452,0
33453,0
33454,1
33455,0
33456,0
33457,0
33458,0
33459,1
33460,0
33461,0
33462,0
33463,0
33464,0
33465,0
33466,0
33467,0
33468,0
33469,0
33470,0
33471,1
33472,0
33473,0
33474,0
33475,0
33476,0
33477,0
33478,0
33479,0
33480,0
33481,0
33482,0
33483,0
33484,0
33485,0
33486,0
33487,0
33488,0
33489,0
33490,0
33491,0
33492,1
33493,0
33494,0
33495,1
33496,0
33497,0
33498,0
33499,0
33500,0
33501,0
33502,0
33503,1
33504,0
33505,1
33506,0
33507,0
33508,0
33509,1
33510,0
33511,0
33512,1
33513,0
33514,0
33515,0
33516,0
33517,0
33518,0
33519,1
33520,0
33521,0
33522,0
33523,0
33524,0
33525,1
33526,0
33527,0
33528,0
33529,0
33530,0
33531,0
33532,0
33533,0
33534,0
33535,0
33536,0
33537,0
33538,0
33539,0
33540,0
33541,0
33542,0
33543,0
33544,1
33545,0
33546,0
33547,0
33548,0
33549,0
33550,0
33551,0
33552,0
33553,0
33554,0
33555,0
33556,0
33557,0
33558,0
33559,1
33560,0
33561,0
33562,0
33563,0
33564,0
33565,0
33566,0
33567,1
33568,1
33569,0
33570,0
33571,0
33572,0
33573,0
33574,0
33575,0
33576,0
33577,0
33578,0
33579,0
33580,0
33581,0
33582,0
33583,0
33584,0
33585,0
33586,0
33587,0
33588,0
33589,0
33590,0
33591,0
33592,0
33593,0
33594,0
33595,0
33596,0
33597,0
33598,0
33599,0
33600,0
33601,0
33602,0
33603,0
33604,1
33605,0
33606,0
33607,0
33608,0
33609,0
33610,0
33611,0
33612,0
33613,0
33614,0
33615,0
33616,0
33617,0
33618,0
33619,0
33620,0
33621,0
33622,0
33623,0
33624,0
33625,0
33626,0
33627,1
33628,0
33629,1
33630,0
33631,0
33632,0
33633,0
33634,0
33635,1
33636,0
33637,0
33638,0
33639,1
33640,0
33641,0
33642,0
33643,0
33644,0
33645,0
33646,0
33647,0
33648,1
33649,0
33650,0
33651,0
33652,0
33653,0
33654,0
33655,0
33656,0
33657,0
33658,0
33659,0
33660,0
33661,0
33662,1
33663,0
33664,0
33665,0
33666,0
33667,0
33668,0
33669,0
33670,0
33671,0
33672,0
33673,0
33674,0
33675,0
33676,0
33677,0
33678,0
33679,0
33680,0
33681,0
33682,0
33683,0
33684,1
33685,0
33686,0
33687,0
33688,0
33689,0
33690,0
33691,0
33692,0
33693,0
33694,0
33695,0
33696,0
33697,0
33698,0
33699,1
33700,0
33701,0
33702,0
33703,0
33704,0
33705,0
33706,0
33707,0
33708,1
33709,0
33710,1
33711,0
33712,0
33713,0
33714,0
33715,0
33716,0
33717,0
33718,0
33719,0
33720,0
33721,0
33722,0
33723,1
33724,0
33725,0
33726,0
33727,0
33728,0
33729,0
33730,0
33731,1
33732,0
33733,0
33734,0
33735,0
33736,0
33737,0
33738,0
33739,0
33740,0
33741,0
33742,0
33743,0
33744,0
33745,0
33746,0
33747,0
33748,0
33749,0
33750,1
33751,1
33752,1
33753,0
33754,0
33755,0
33756,0
33757,1
33758,0
33759,0
33760,0
33761,0
33762,0
33763,0
33764,0
33765,0
33766,0
33767,0
33768,0
33769,0
33770,1
33771,0
33772,0
33773,0
33774,0
33775,0
33776,0
33777,0
33778,0
33779,0
33780,0
33781,0
33782,0
33783,0
33784,0
33785,1
33786,0
33787,0
33788,0
33789,0
33790,0
33791,0
33792,0
33793,0
33794,0
33795,0
33796,0
33797,1
33798,0
33799,0
33800,0
33801,0
33802,0
33803,1
33804,1
33805,0
33806,0
33807,0
33808,1
33809,0
33810,0
33811,0
33812,0
33813,0
33814,0
33815,0
33816,0
33817,1
33818,0
33819,0
33820,0
33821,0
33822,0
33823,0
33824,0
33825,0
33826,0
33827,1
33828,0
33829,1
33830,0
33831,0
33832,0
33833,0
33834,0
33835,0
33836,0
33837,0
33838,0
33839,0
33840,0
33841,0
33842,0
33843,0
33844,0
33845,1
33846,0
33847,0
33848,0
33849,0
33850,0
33851,0
33852,0
33853,0
33854,0
33855,0
33856,0
33857,0
33858,0
33859,0
33860,0
33861,0
33862,0
33863,0
33864,0
33865,0
33866,0
33867,0
33868,0
33869,0
33870,0
33871,0
33872,1
33873,0
33874,0
33875,1
33876,0
33877,0
33878,0
33879,0
33880,0
33881,0
33882,0
33883,0
33884,1
33885,1
33886,0
33887,1
33888,0
33889,0
33890,0
33891,0
33892,1
33893,0
33894,0
33895,0
33896,1
33897,0
33898,0
33899,0
33900,0
33901,0
33902,0
33903,0
33904,0
33905,0
33906,0
33907,0
33908,1
33909,0
33910,0
33911,0
33912,0
33913,0
33914,1
33915,0
33916,0
33917,0
33918,0
33919,0
33920,0
33921,1
33922,0
33923,0
33924,0
33925,0
33926,0
33927,0
33928,0
33929,0
33930,0
33931,0
33932,0
33933,0
33934,0
33935,0
33936,0
33937,0
33938,0
33939,0
33940,1
33941,0
33942,0
33943,0
33944,1
33945,0
33946,0
33947,0
33948,0
33949,0
33950,0
33951,0
33952,0
33953,0
33954,0
33955,0
33956,1
33957,0
33958,0
33959,0
33960,0
33961,0
33962,0
33963,0
33964,0
33965,0
33966,0
33967,0
33968,0
33969,0
33970,0
33971,0
33972,0
33973,0
33974,0
33975,1
33976,0
33977,0
33978,0
33979,0
33980,0
33981,0
33982,0
33983,0
33984,0
33985,0
33986,0
33987,0
33988,0
33989,0
33990,0
33991,0
33992,0
33993,0
33994,0
33995,0
33996,0
33997,0
33998,0
33999,0
34000,0
34001,0
34002,0
34003,0
34004,0
34005,0
34006,0
34007,0
34008,1
34009,1
34010,0
34011,0
34012,0
34013,0
34014,0
34015,0
34016,0
34017,0
34018,0
34019,0
34020,0
34021,0
34022,0
34023,1
34024,0
34025,0
34026,0
34027,0
34028,0
34029,0
34030,0
34031,0
34032,0
34033,0
34034,0
34035,1
34036,0
34037,0
34038,0
34039,0
34040,0
34041,0
34042,0
34043,0
34044,1
34045,0
34046,0
34047,0
34048,0
34049,1
34050,1
34051,0
34052,0
34053,0
34054,0
34055,0
34056,0
34057,0
34058,0
34059,0
34060,1
34061,0
34062,0
34063,0
34064,1
34065,0
34066,0
34067,1
34068,0
34069,0
34070,1
34071,0
34072,1
34073,0
34074,0
34075,0
34076,0
34077,0
34078,0
34079,0
34080,0
34081,0
34082,0
34083,1
34084,0
34085,0
34086,1
34087,0
34088,0
34089,0
34090,0
34091,0
34092,0
34093,0
34094,0
34095,0
34096,0
34097,0
34098,0
34099,0
34100,0
34101,0
34102,1
34103,0
34104,0
34105,1
34106,0
34107,1
34108,0
34109,0
34110,0
34111,0
34112,0
34113,0
34114,0
34115,0
34116,0
34117,0
34118,0
34119,0
34120,1
34121,0
34122,0
34123,0
34124,1
34125,0
34126,0
34127,0
34128,0
34129,0
34130,0
34131,0
34132,0
34133,0
34134,0
34135,0
34136,0
34137,0
34138,0
34139,1
34140,0
34141,0
34142,0
34143,0
34144,0
34145,0
34146,0
34147,0
34148,0
34149,1
34150,0
34151,0
34152,0
34153,0
34154,0
34155,0
34156,0
34157,0
34158,0
34159,0
34160,1
34161,1
34162,0
34163,0
34164,0
34165,0
34166,0
34167,0
34168,0
34169,0
34170,0
34171,1
34172,0
34173,0
34174,0
34175,0
34176,0
34177,0
34178,0
34179,0
34180,0
34181,0
34182,0
34183,0
34184,0
34185,0
34186,0
34187,1
34188,0
34189,0
34190,0
34191,0
34192,0
34193,0
34194,0
34195,0
34196,0
34197,0
34198,0
34199,0
34200,0
34201,0
34202,0
34203,0
34204,0
34205,0
34206,0
34207,0
34208,0
34209,0
34210,0
34211,0
34212,0
34213,0
34214,0
34215,1
34216,0
34217,0
34218,0
34219,0
34220,0
34221,1
34222,0
34223,0
34224,0
34225,0
34226,0
34227,0
34228,0
34229,0
34230,0
34231,0
34232,0
34233,0
34234,0
34235,0
34236,1
34237,0
34238,0
34239,0
34240,0
34241,0
34242,0
34243,0
34244,1
34245,0
34246,1
34247,0
34248,0
34249,0
34250,0
34251,0
34252,0
34253,0
34254,0
34255,0
34256,1
34257,0
34258,0
34259,0
34260,0
34261,0
34262,0
34263,0
34264,0
34265,0
34266,0
34267,0
34268,0
34269,0
34270,0
34271,0
34272,0
34273,0
34274,0
34275,0
34276,0
34277,0
34278,0
34279,0
34280,0
34281,0
34282,0
34283,0
34284,0
34285,0
34286,0
34287,0
34288,0
34289,1
34290,0
34291,0
34292,0
34293,0
34294,0
34295,0
34296,0
34297,0
34298,0
34299,0
34300,0
34301,1
34302,0
34303,0
34304,0
34305,0
34306,1
34307,1
34308,0
34309,0
34310,1
34311,0
34312,1
34313,0
34314,0
34315,0
34316,0
34317,0
34318,0
34319,0
34320,0
34321,1
34322,1
34323,0
34324,0
34325,0
34326,0
34327,0
34328,0
34329,0
34330,0
34331,0
34332,0
34333,0
34334,0
34335,0
34336,0
34337,0
34338,0
34339,0
34340,0
34341,0
34342,1
34343,0
34344,0
34345,0
34346,0
34347,0
34348,1
34349,0
34350,0
34351,0
34352,0
34353,0
34354,0
34355,0
34356,0
34357,0
34358,0
34359,1
34360,0
34361,0
34362,1
34363,0
34364,0
34365,0
34366,0
34367,0
34368,0
34369,1
34370,0
34371,0
34372,0
34373,0
34374,0
34375,1
34376,0
34377,1
34378,0
34379,0
34380,0
34381,0
34382,0
34383,0
34384,0
34385,0
34386,0
34387,0
34388,0
34389,0
34390,0
34391,0
34392,0
34393,0
34394,0
34395,0
34396,0
34397,0
34398,0
34399,0
34400,0
34401,0
34402,0
34403,0
34404,0
34405,0
34406,0
34407,0
34408,0
34409,1
34410,0
34411,1
34412,0
34413,1
34414,0
34415,0
34416,0
34417,0
34418,0
34419,1
34420,1
34421,1
34422,1
34423,0
34424,0
34425,0
34426,0
34427,0
34428,0
34429,0
34430,1
34431,0
34432,0
34433,0
34434,0
34435,0
34436,0
34437,1
34438,0
34439,0
34440,0
34441,0
34442,0
34443,0
34444,0
34445,0
34446,0
34447,0
34448,0
34449,0
34450,0
34451,0
34452,0
34453,0
34454,0
34455,0
34456,0
34457,0
34458,0
34459,0
34460,0
34461,0
34462,0
34463,0
34464,0
34465,0
34466,0
34467,0
34468,0
34469,0
34470,0
34471,0
34472,0
34473,0
34474,0
34475,0
34476,0
34477,0
34478,0
34479,0
34480,0
34481,0
34482,0
34483,0
34484,0
34485,0
34486,1
34487,0
34488,0
34489,0
34490,0
34491,0
34492,0
34493,1
34494,0
34495,0
34496,0
34497,0
34498,0
34499,0
34500,0
34501,0
34502,1
34503,0
34504,0
34505,0
34506,0
34507,0
34508,1
34509,0
34510,0
34511,0
34512,0
34513,0
34514,1
34515,0
34516,0
34517,0
34518,0
34519,0
34520,0
34521,0
34522,0
34523,1
34524,0
34525,0
34526,0
34527,1
34528,0
34529,1
34530,0
34531,0
34532,0
34533,0
34534,0
34535,0
34536,0
34537,0
34538,0
34539,0
34540,0
34541,0
34542,0
34543,0
34544,0
34545,0
34546,0
34547,0
34548,0
34549,0
34550,0
34551,0
34552,1
34553,0
34554,0
34555,0
34556,0
34557,0
34558,0
34559,0
34560,1
34561,0
34562,0
34563,0
34564,0
34565,0
34566,1
34567,0
34568,0
34569,0
34570,0
34571,0
34572,0
34573,0
34574,0
34575,0
34576,0
34577,0
34578,1
34579,0
34580,0
34581,0
34582,0
34583,0
34584,0
34585,0
34586,0
34587,0
34588,0
34589,0
34590,0
34591,1
34592,0
34593,0
34594,0
34595,1
34596,0
34597,0
34598,0
34599,0
34600,0
34601,0
34602,0
34603,0
34604,0
34605,0
34606,0
34607,0
34608,0
34609,0
34610,0
34611,1
34612,0
34613,0
34614,0
34615,0
34616,0
34617,0
34618,0
34619,0
34620,0
34621,0
34622,0
34623,1
34624,0
34625,0
34626,0
34627,0
34628,0
34629,0
34630,0
34631,0
34632,0
34633,0
34634,0
34635,1
34636,0
34637,0
34638,0
34639,0
34640,1
34641,0
34642,0
34643,0
34644,0
34645,0
34646,0
34647,0
34648,0
34649,0
34650,0
34651,1
34652,0
34653,0
34654,0
34655,0
34656,0
34657,0
34658,1
34659,0
34660,0
34661,0
34662,0
34663,0
34664,0
34665,0
34666,0
34667,0
34668,0
34669,0
34670,0
34671,0
34672,0
34673,0
34674,0
34675,0
34676,0
34677,0
34678,0
34679,0
34680,1
34681,0
34682,0
34683,1
34684,0
34685,0
34686,0
34687,1
34688,0
34689,0
34690,0
34691,0
34692,0
34693,0
34694,0
34695,1
34696,0
34697,0
34698,0
34699,0
34700,0
34701,0
34702,0
34703,0
34704,0
34705,0
34706,0
34707,0
34708,0
34709,0
34710,0
34711,0
34712,1
34713,0
34714,0
34715,0
34716,0
34717,1
34718,0
34719,0
34720,1
34721,0
34722,0
34723,0
34724,0
34725,0
34726,1
34727,0
34728,0
34729,0
34730,0
34731,0
34732,0
34733,1
34734,0
34735,0
34736,1
34737,0
34738,0
34739,0
34740,0
34741,0
34742,0
34743,0
34744,0
34745,0
34746,0
34747,0
34748,0
34749,0
34750,0
34751,0
34752,0
34753,0
34754,0
34755,0
34756,0
34757,0
34758,0
34759,0
34760,0
34761,0
34762,0
34763,0
34764,0
34765,0
34766,1
34767,1
34768,1
34769,1
34770,0
34771,0
34772,1
34773,0
34774,1
34775,0
34776,0
34777,0
34778,0
34779,0
34780,0
34781,0
34782,0
34783,0
34784,0
34785,0
34786,0
34787,0
34788,0
34789,0
34790,0
34791,0
34792,0
34793,0
34794,0
34795,0
34796,0
34797,1
34798,1
34799,0
34800,0
34801,0
34802,0
34803,1
34804,0
34805,0
34806,0
34807,0
34808,1
34809,0
34810,0
34811,0
34812,0
34813,0
34814,1
34815,0
34816,0
34817,0
34818,0
34819,1
34820,0
34821,0
34822,1
34823,0
34824,0
34825,0
34826,0
34827,0
34828,0
34829,0
34830,0
34831,0
34832,1
34833,0
34834,0
34835,0
34836,1
34837,0
34838,0
34839,0
34840,0
34841,0
34842,0
34843,0
34844,0
34845,0
34846,0
34847,0
34848,0
34849,0
34850,0
34851,0
34852,0
34853,0
34854,0
34855,0
34856,0
34857,0
34858,1
34859,0
34860,0
34861,0
34862,0
34863,0
34864,0
34865,0
34866,1
34867,0
34868,0
34869,1
34870,0
34871,0
34872,0
34873,0
34874,0
34875,0
34876,0
34877,0
34878,0
34879,0
34880,0
34881,0
34882,0
34883,0
34884,0
34885,0
34886,0
34887,0
34888,0
34889,0
34890,0
34891,0
34892,1
34893,0
34894,0
34895,1
34896,0
34897,0
34898,1
34899,0
34900,0
34901,1
34902,0
34903,1
34904,0
34905,0
34906,0
34907,0
34908,0
34909,0
34910,0
34911,0
34912,1
34913,1
34914,0
34915,1
34916,1
34917,1
34918,0
34919,0
34920,0
34921,0
34922,0
34923,0
34924,0
34925,0
34926,1
34927,0
34928,0
34929,0
34930,0
34931,1
34932,0
34933,0
34934,0
34935,0
34936,0
34937,0
34938,0
34939,0
34940,0
34941,0
34942,0
34943,0
34944,1
34945,0
34946,0
34947,0
34948,0
34949,0
34950,0
34951,0
34952,0
34953,0
34954,0
34955,0
34956,0
34957,0
34958,0
34959,0
34960,0
34961,0
34962,0
34963,0
34964,0
34965,0
34966,0
34967,0
34968,0
34969,0
34970,0
34971,0
34972,0
34973,1
34974,0
34975,1
34976,1
34977,0
34978,0
34979,1
34980,1
34981,0
34982,0
34983,0
34984,1
34985,0
34986,0
34987,0
34988,0
34989,0
34990,0
34991,0
34992,0
34993,0
34994,0
34995,0
34996,0
34997,0
34998,0
34999,1
35000,0
35001,1
35002,0
35003,0
35004,0
35005,0
35006,0
35007,0
35008,0
35009,0
35010,0
35011,1
35012,0
35013,0
35014,0
35015,0
35016,0
35017,0
35018,0
35019,0
35020,1
35021,0
35022,0
35023,0
35024,0
35025,0
35026,0
35027,0
35028,0
35029,0
35030,0
35031,0
35032,0
35033,0
35034,0
35035,0
35036,0
35037,0
35038,0
35039,0
35040,0
35041,0
35042,0
35043,0
35044,0
35045,0
35046,0
35047,0
35048,0
35049,0
35050,0
35051,0
35052,0
35053,0
35054,0
35055,0
35056,0
35057,0
35058,0
35059,0
35060,0
35061,0
35062,0
35063,0
35064,0
35065,0
35066,0
35067,0
35068,0
35069,0
35070,0
35071,0
35072,0
35073,0
35074,0
35075,0
35076,0
35077,0
35078,1
35079,1
35080,0
35081,0
35082,0
35083,0
35084,0
35085,0
35086,0
35087,0
35088,0
35089,0
35090,0
35091,1
35092,0
35093,0
35094,0
35095,0
35096,0
35097,0
35098,0
35099,0
35100,0
35101,0
35102,0
35103,0
35104,0
35105,0
35106,0
35107,0
35108,1
35109,0
35110,0
35111,0
35112,0
35113,0
35114,0
35115,0
35116,0
35117,0
35118,0
35119,0
35120,0
35121,0
35122,0
35123,0
35124,0
35125,1
35126,0
35127,0
35128,0
35129,0
35130,0
35131,1
35132,0
35133,0
35134,0
35135,0
35136,0
35137,0
35138,0
35139,0
35140,0
35141,0
35142,0
35143,0
35144,0
35145,0
35146,1
35147,0
35148,1
35149,0
35150,1
35151,1
35152,0
35153,0
35154,0
35155,0
35156,0
35157,0
35158,0
35159,0
35160,1
35161,0
35162,0
35163,0
35164,0
35165,0
35166,0
35167,0
35168,0
35169,0
35170,1
35171,0
35172,0
35173,0
35174,0
35175,0
35176,0
35177,0
35178,1
35179,0
35180,0
35181,0
35182,0
35183,0
35184,0
35185,0
35186,0
35187,0
35188,0
35189,1
35190,0
35191,0
35192,0
35193,0
35194,0
35195,0
35196,0
35197,0
35198,0
35199,0
35200,0
35201,0
35202,0
35203,0
35204,0
35205,0
35206,0
35207,0
35208,0
35209,0
35210,0
35211,0
35212,0
35213,0
35214,0
35215,0
35216,0
35217,0
35218,0
35219,0
35220,0
35221,0
35222,0
35223,0
35224,0
35225,0
35226,0
35227,0
35228,0
35229,0
35230,0
35231,0
35232,0
35233,0
35234,1
35235,0
35236,0
35237,0
35238,0
35239,0
35240,0
35241,0
35242,1
35243,0
35244,1
35245,0
35246,0
35247,0
35248,0
35249,0
35250,0
35251,0
35252,0
35253,0
35254,0
35255,0
35256,0
35257,0
35258,0
35259,0
35260,0
35261,0
35262,0
35263,0
35264,0
35265,0
35266,1
35267,0
35268,0
35269,0
35270,1
35271,0
35272,0
35273,0
35274,0
35275,0
35276,0
35277,0
35278,0
35279,0
35280,0
35281,0
35282,0
35283,0
35284,1
35285,0
35286,0
35287,0
35288,0
35289,0
35290,0
35291,1
35292,1
35293,0
35294,0
35295,0
35296,0
35297,0
35298,0
35299,0
35300,0
35301,0
35302,0
35303,0
35304,0
35305,1
35306,0
35307,0
35308,0
35309,1
35310,1
35311,0
35312,0
35313,0
35314,0
35315,0
35316,0
35317,0
35318,1
35319,0
35320,1
35321,0
35322,0
35323,0
35324,0
35325,0
35326,0
35327,0
35328,0
35329,1
35330,0
35331,0
35332,0
35333,0
35334,1
35335,0
35336,0
35337,0
35338,0
35339,0
35340,1
35341,0
35342,1
35343,0
35344,0
35345,0
35346,0
35347,0
35348,0
35349,0
35350,0
35351,0
35352,0
35353,0
35354,0
35355,0
35356,0
35357,1
35358,0
35359,0
35360,0
35361,0
35362,0
35363,0
35364,0
35365,0
35366,0
35367,0
35368,0
35369,0
35370,0
35371,0
35372,0
35373,0
35374,0
35375,0
35376,0
35377,0
35378,0
35379,0
35380,1
35381,0
35382,0
35383,1
35384,0
35385,0
35386,1
35387,0
35388,0
35389,1
35390,0
35391,0
35392,0
35393,0
35394,0
35395,0
35396,0
35397,0
35398,0
35399,0
35400,0
35401,0
35402,1
35403,0
35404,0
35405,1
35406,0
35407,0
35408,0
35409,0
35410,0
35411,0
35412,0
35413,0
35414,0
35415,0
35416,1
35417,0
35418,1
35419,0
35420,0
35421,0
35422,0
35423,0
35424,0
35425,0
35426,0
35427,0
35428,0
35429,0
35430,0
35431,0
35432,0
35433,0
35434,0
35435,0
35436,0
35437,0
35438,0
35439,1
35440,0
35441,0
35442,1
35443,0
35444,0
35445,0
35446,0
35447,0
35448,1
35449,0
35450,0
35451,0
35452,0
35453,0
35454,0
35455,0
35456,0
35457,0
35458,1
35459,0
35460,0
35461,0
35462,0
35463,1
35464,0
35465,0
35466,0
35467,0
35468,0
35469,0
35470,1
35471,0
35472,0
35473,0
35474,0
35475,0
35476,0
35477,0
35478,0
35479,0
35480,0
35481,0
35482,0
35483,0
35484,0
35485,0
35486,0
35487,0
35488,0
35489,0
35490,0
35491,0
35492,0
35493,0
35494,0
35495,0
35496,0
35497,1
35498,0
35499,0
35500,0
35501,0
35502,0
35503,0
35504,0
35505,0
35506,0
35507,0
35508,0
35509,0
35510,0
35511,0
35512,1
35513,0
35514,0
35515,0
35516,0
35517,0
35518,0
35519,1
35520,0
35521,0
35522,0
35523,1
35524,0
35525,0
35526,1
35527,0
35528,0
35529,0
35530,0
35531,0
35532,0
35533,0
35534,0
35535,0
35536,0
35537,0
35538,1
35539,0
35540,0
35541,0
35542,0
35543,0
35544,0
35545,0
35546,0
35547,0
35548,0
35549,0
35550,0
35551,0
35552,0
35553,0
35554,0
35555,0
35556,0
35557,0
35558,0
35559,0
35560,0
35561,0
35562,0
35563,0
35564,0
35565,0
35566,0
35567,1
35568,1
35569,1
35570,0
35571,0
35572,0
35573,0
35574,0
35575,0
35576,0
35577,0
35578,0
35579,1
35580,0
35581,0
35582,0
35583,0
35584,0
35585,0
35586,0
35587,0
35588,1
35589,0
35590,1
35591,0
35592,0
35593,0
35594,1
35595,0
35596,0
35597,0
35598,0
35599,0
35600,0
35601,0
35602,0
35603,0
35604,0
35605,0
35606,0
35607,0
35608,0
35609,0
35610,0
35611,0
35612,0
35613,0
35614,1
35615,0
35616,0
35617,0
35618,0
35619,0
35620,0
35621,0
35622,1
35623,1
35624,0
35625,0
35626,0
35627,0
35628,0
35629,0
35630,0
35631,0
35632,0
35633,1
35634,0
35635,0
35636,0
35637,1
35638,0
35639,0
35640,0
35641,0
35642,0
35643,0
35644,0
35645,0
35646,0
35647,0
35648,0
35649,0
35650,0
35651,1
35652,0
35653,0
35654,0
35655,0
35656,0
35657,1
35658,1
35659,0
35660,0
35661,0
35662,0
35663,0
35664,0
35665,0
35666,1
35667,1
35668,0
35669,0
35670,0
35671,0
35672,0
35673,0
35674,0
35675,0
35676,0
35677,0
35678,0
35679,0
35680,0
35681,0
35682,0
35683,0
35684,0
35685,0
35686,0
35687,0
35688,0
35689,0
35690,0
35691,0
35692,0
35693,0
35694,0
35695,0
35696,0
35697,0
35698,1
35699,0
35700,0
35701,0
35702,0
35703,0
35704,0
35705,0
35706,0
35707,0
35708,0
35709,0
35710,0
35711,0
35712,0
35713,0
35714,0
35715,1
35716,0
35717,0
35718,0
35719,0
35720,1
35721,0
35722,1
35723,0
35724,0
35725,0
35726,0
35727,0
35728,0
35729,0
35730,1
35731,0
35732,0
35733,0
35734,0
35735,0
35736,0
35737,0
35738,0
35739,0
35740,0
35741,0
35742,0
35743,0
35744,0
35745,0
35746,0
35747,0
35748,0
35749,0
35750,0
35751,0
35752,0
35753,0
35754,0
35755,0
35756,0
35757,0
35758,1
35759,0
35760,0
35761,0
35762,0
35763,0
35764,0
35765,0
35766,0
35767,0
35768,0
35769,0
35770,0
35771,0
35772,0
35773,0
35774,0
35775,1
35776,0
35777,0
35778,0
35779,0
35780,0
35781,1
35782,0
35783,0
35784,1
35785,0
35786,0
35787,1
35788,1
35789,1
35790,0
35791,0
35792,1
35793,0
35794,0
35795,0
35796,0
35797,0
35798,0
35799,0
35800,1
35801,0
35802,0
35803,0
35804,0
35805,0
35806,1
35807,1
35808,0
35809,0
35810,0
35811,1
35812,1
35813,0
35814,0
35815,0
35816,0
35817,0
35818,0
35819,0
35820,0
35821,0
35822,1
35823,0
35824,1
35825,0
35826,0
35827,0
35828,0
35829,0
35830,0
35831,0
35832,0
35833,0
35834,0
35835,1
35836,0
35837,0
35838,0
35839,0
35840,0
35841,0
35842,0
35843,0
35844,0
35845,0
35846,0
35847,0
35848,0
35849,0
35850,0
35851,0
35852,0
35853,0
35854,0
35855,1
35856,0
35857,0
35858,0
35859,1
35860,0
35861,0
35862,1
35863,0
35864,0
35865,0
35866,0
35867,0
35868,0
35869,0
35870,0
35871,1
35872,0
35873,0
35874,0
35875,0
35876,0
35877,0
35878,0
35879,0
35880,0
35881,0
35882,0
35883,0
35884,0
35885,0
35886,0
35887,0
35888,0
35889,1
35890,1
35891,0
35892,0
35893,0
35894,0
35895,1
35896,0
35897,0
35898,1
35899,0
35900,0
35901,0
35902,0
35903,1
35904,0
35905,1
35906,0
35907,0
35908,0
35909,0
35910,1
35911,0
35912,0
35913,0
35914,0
35915,0
35916,0
35917,0
35918,0
35919,0
35920,0
35921,0
35922,1
35923,0
35924,0
35925,0
35926,0
35927,0
35928,0
35929,0
35930,0
35931,1
35932,0
35933,0
35934,0
35935,0
35936,0
35937,0
35938,0
35939,1
35940,0
35941,0
35942,0
35943,0
35944,0
35945,1
35946,0
35947,0
35948,0
35949,1
35950,0
35951,1
35952,0
35953,0
35954,0
35955,0
35956,0
35957,0
35958,0
35959,0
35960,0
35961,0
35962,0
35963,0
35964,0
35965,1
35966,0
35967,0
35968,0
35969,0
35970,0
35971,0
35972,0
35973,0
35974,1
35975,0
35976,0
35977,0
35978,0
35979,0
35980,0
35981,0
35982,1
35983,0
35984,1
35985,1
35986,1
35987,0
35988,0
35989,1
35990,1
35991,0
35992,0
35993,1
35994,0
35995,0
35996,0
35997,1
35998,1
35999,0
36000,0
36001,0
36002,0
36003,0
36004,0
36005,0
36006,0
36007,0
36008,0
36009,0
36010,1
36011,0
36012,0
36013,0
36014,0
36015,0
36016,0
36017,0
36018,1
36019,0
36020,0
36021,0
36022,0
36023,0
36024,0
36025,0
36026,0
36027,0
36028,0
36029,1
36030,0
36031,0
36032,0
36033,0
36034,0
36035,0
36036,0
36037,0
36038,0
36039,0
36040,0
36041,0
36042,1
36043,0
36044,0
36045,0
36046,0
36047,0
36048,1
36049,0
36050,0
36051,0
36052,0
36053,0
36054,1
36055,0
36056,0
36057,0
36058,0
36059,0
36060,1
36061,0
36062,0
36063,0
36064,0
36065,1
36066,0
36067,0
36068,0
36069,0
36070,0
36071,0
36072,0
36073,0
36074,0
36075,0
36076,1
36077,0
36078,1
36079,1
36080,0
36081,0
36082,0
36083,0
36084,0
36085,0
36086,0
36087,0
36088,0
36089,0
36090,0
36091,0
36092,1
36093,0
36094,0
36095,0
36096,0
36097,0
36098,0
36099,0
36100,1
36101,0
36102,0
36103,0
36104,0
36105,0
36106,0
36107,0
36108,1
36109,0
36110,0
36111,0
36112,1
36113,0
36114,0
36115,0
36116,0
36117,0
36118,0
36119,0
36120,0
36121,0
36122,0
36123,0
36124,0
36125,0
36126,0
36127,0
36128,0
36129,0
36130,0
36131,1
36132,0
36133,0
36134,1
36135,0
36136,0
36137,0
36138,1
36139,0
36140,0
36141,0
36142,0
36143,0
36144,0
36145,0
36146,0
36147,0
36148,0
36149,1
36150,0
36151,0
36152,0
36153,0
36154,0
36155,0
36156,0
36157,0
36158,0
36159,0
36160,0
36161,0
36162,0
36163,0
36164,0
36165,0
36166,0
36167,0
36168,0
36169,0
36170,0
36171,0
36172,0
36173,0
36174,1
36175,0
36176,0
36177,0
36178,0
36179,0
36180,0
36181,1
36182,0
36183,0
36184,0
36185,0
36186,0
36187,0
36188,0
36189,0
36190,0
36191,0
36192,0
36193,0
36194,0
36195,0
36196,0
36197,0
36198,0
36199,0
36200,0
36201,0
36202,0
36203,1
36204,1
36205,0
36206,0
36207,0
36208,0
36209,0
36210,0
36211,0
36212,0
36213,1
36214,0
36215,0
36216,1
36217,1
36218,1
36219,0
36220,0
36221,0
36222,0
36223,0
36224,0
36225,0
36226,0
36227,1
36228,0
36229,0
36230,1
36231,0
36232,0
36233,0
36234,0
36235,0
36236,0
36237,0
36238,0
36239,0
36240,0
36241,0
36242,0
36243,0
36244,0
36245,1
36246,1
36247,0
36248,0
36249,0
36250,0
36251,1
36252,0
36253,1
36254,0
36255,0
36256,1
36257,0
36258,0
36259,0
36260,0
36261,0
36262,0
36263,0
36264,0
36265,0
36266,0
36267,0
36268,0
36269,0
36270,1
36271,0
36272,0
36273,0
36274,0
36275,1
36276,0
36277,0
36278,0
36279,0
36280,0
36281,0
36282,0
36283,0
36284,0
36285,0
36286,0
36287,0
36288,1
36289,0
36290,0
36291,0
36292,0
36293,0
36294,0
36295,0
36296,0
36297,0
36298,0
36299,1
36300,0
36301,0
36302,0
36303,0
36304,0
36305,0
36306,1
36307,0
36308,1
36309,0
36310,0
36311,1
36312,0
36313,0
36314,0
36315,0
36316,0
36317,0
36318,0
36319,0
36320,0
36321,0
36322,0
36323,0
36324,0
36325,1
36326,1
36327,0
36328,0
36329,0
36330,0
36331,0
36332,1
36333,0
36334,0
36335,0
36336,0
36337,0
36338,0
36339,0
36340,1
36341,0
36342,0
36343,0
36344,0
36345,0
36346,1
36347,0
36348,0
36349,0
36350,1
36351,0
36352,0
36353,0
36354,0
36355,0
36356,0
36357,0
36358,0
36359,0
36360,0
36361,0
36362,0
36363,0
36364,0
36365,0
36366,0
36367,0
36368,1
36369,0
36370,0
36371,0
36372,0
36373,0
36374,1
36375,0
36376,0
36377,0
36378,0
36379,0
36380,0
36381,0
36382,0
36383,1
36384,0
36385,0
36386,0
36387,0
36388,1
36389,0
36390,0
36391,0
36392,0
36393,0
36394,0
36395,0
36396,0
36397,1
36398,0
36399,0
36400,0
36401,0
36402,1
36403,0
36404,0
36405,0
36406,0
36407,0
36408,0
36409,0
36410,1
36411,0
36412,0
36413,0
36414,0
36415,1
36416,1
36417,0
36418,0
36419,1
36420,0
36421,1
36422,0
36423,0
36424,0
36425,0
36426,0
36427,0
36428,0
36429,0
36430,0
36431,0
36432,0
36433,0
36434,0
36435,0
36436,0
36437,0
36438,0
36439,0
36440,0
36441,0
36442,0
36443,1
36444,0
36445,0
36446,1
36447,1
36448,0
36449,0
36450,0
36451,0
36452,0
36453,0
36454,0
36455,0
36456,0
36457,0
36458,1
36459,0
36460,0
36461,0
36462,0
36463,0
36464,0
36465,0
36466,0
36467,0
36468,0
36469,0
36470,0
36471,0
36472,0
36473,0
36474,0
36475,0
36476,0
36477,0
36478,0
36479,0
36480,0
36481,0
36482,0
36483,0
36484,0
36485,1
36486,0
36487,0
36488,0
36489,0
36490,0
36491,0
36492,0
36493,0
36494,0
36495,0
36496,0
36497,0
36498,0
36499,0
36500,0
36501,0
36502,0
36503,1
36504,0
36505,0
36506,0
36507,0
36508,0
36509,0
36510,0
36511,0
36512,0
36513,0
36514,0
36515,0
36516,0
36517,0
36518,1
36519,0
36520,0
36521,0
36522,0
36523,0
36524,0
36525,0
36526,0
36527,0
36528,0
36529,0
36530,0
36531,0
36532,0
36533,0
36534,0
36535,0
36536,0
36537,0
36538,1
36539,0
36540,0
36541,0
36542,0
36543,0
36544,0
36545,0
36546,1
36547,1
36548,0
36549,0
36550,0
36551,0
36552,0
36553,0
36554,1
36555,0
36556,0
36557,0
36558,0
36559,1
36560,0
36561,0
36562,0
36563,0
36564,0
36565,1
36566,0
36567,0
36568,0
36569,0
36570,0
36571,0
36572,1
36573,0
36574,0
36575,1
36576,0
36577,0
36578,0
36579,0
36580,0
36581,1
36582,0
36583,1
36584,0
36585,0
36586,0
36587,0
36588,0
36589,0
36590,0
36591,0
36592,1
36593,0
36594,0
36595,0
36596,0
36597,0
36598,0
36599,0
36600,0
36601,0
36602,0
36603,0
36604,0
36605,0
36606,0
36607,0
36608,0
36609,0
36610,0
36611,0
36612,0
36613,0
36614,0
36615,0
36616,0
36617,0
36618,0
36619,0
36620,0
36621,0
36622,0
36623,0
36624,0
36625,0
36626,0
36627,0
36628,0
36629,0
36630,0
36631,0
36632,0
36633,0
36634,0
36635,0
36636,0
36637,0
36638,0
36639,0
36640,0
36641,0
36642,0
36643,0
36644,0
36645,0
36646,0
36647,0
36648,0
36649,0
36650,0
36651,1
36652,0
36653,1
36654,0
36655,0
36656,0
36657,0
36658,0
36659,0
36660,0
36661,0
36662,0
36663,0
36664,0
36665,0
36666,0
36667,0
36668,0
36669,0
36670,1
36671,0
36672,0
36673,0
36674,0
36675,1
36676,0
36677,0
36678,0
36679,0
36680,0
36681,0
36682,0
36683,0
36684,0
36685,1
36686,1
36687,0
36688,0
36689,0
36690,0
36691,1
36692,0
36693,0
36694,1
36695,0
36696,0
36697,0
36698,0
36699,1
36700,0
36701,0
36702,0
36703,0
36704,0
36705,0
36706,0
36707,0
36708,0
36709,0
36710,0
36711,0
36712,0
36713,0
36714,0
36715,1
36716,0
36717,0
36718,0
36719,0
36720,0
36721,0
36722,0
36723,0
36724,0
36725,0
36726,0
36727,0
36728,0
36729,0
36730,0
36731,0
36732,0
36733,1
36734,0
36735,0
36736,0
36737,0
36738,0
36739,1
36740,0
36741,0
36742,0
36743,0
36744,0
36745,0
36746,0
36747,0
36748,0
36749,0
36750,0
36751,0
36752,0
36753,1
36754,1
36755,0
36756,0
36757,0
36758,0
36759,0
36760,0
36761,0
36762,0
36763,0
36764,0
36765,0
36766,0
36767,0
36768,0
36769,0
36770,0
36771,1
36772,0
36773,1
36774,0
36775,0
36776,0
36777,1
36778,0
36779,0
36780,1
36781,0
36782,0
36783,1
36784,0
36785,0
36786,0
36787,0
36788,0
36789,0
36790,0
36791,0
36792,0
36793,0
36794,0
36795,0
36796,0
36797,1
36798,0
36799,0
36800,1
36801,0
36802,0
36803,1
36804,0
36805,1
36806,0
36807,0
36808,0
36809,0
36810,0
36811,0
36812,0
36813,0
36814,0
36815,0
36816,0
36817,0
36818,0
36819,0
36820,0
36821,0
36822,0
36823,0
36824,1
36825,0
36826,0
36827,0
36828,0
36829,0
36830,0
36831,0
36832,0
36833,0
36834,0
36835,0
36836,0
36837,0
36838,1
36839,0
36840,0
36841,0
36842,0
36843,0
36844,1
36845,0
36846,0
36847,0
36848,0
36849,0
36850,0
36851,1
36852,0
36853,0
36854,1
36855,0
36856,1
36857,0
36858,0
36859,0
36860,0
36861,1
36862,0
36863,0
36864,0
36865,0
36866,0
36867,0
36868,0
36869,0
36870,0
36871,0
36872,0
36873,0
36874,0
36875,0
36876,0
36877,0
36878,0
36879,0
36880,0
36881,0
36882,0
36883,0
36884,0
36885,0
36886,1
36887,0
36888,0
36889,0
36890,0
36891,0
36892,0
36893,0
36894,0
36895,0
36896,1
36897,0
36898,1
36899,0
36900,0
36901,0
36902,0
36903,0
36904,0
36905,0
36906,0
36907,0
36908,0
36909,1
36910,0
36911,0
36912,0
36913,1
36914,0
36915,0
36916,0
36917,0
36918,0
36919,0
36920,0
36921,0
36922,0
36923,0
36924,0
36925,0
36926,0
36927,0
36928,0
36929,0
36930,0
36931,0
36932,0
36933,0
36934,0
36935,0
36936,0
36937,0
36938,0
36939,0
36940,0
36941,0
36942,0
36943,0
36944,1
36945,0
36946,0
36947,0
36948,0
36949,1
36950,0
36951,0
36952,0
36953,0
36954,0
36955,0
36956,0
36957,0
36958,0
36959,0
36960,0
36961,0
36962,0
36963,0
36964,0
36965,0
36966,1
36967,0
36968,0
36969,0
36970,0
36971,0
36972,0
36973,0
36974,0
36975,0
36976,0
36977,0
36978,0
36979,0
36980,0
36981,0
36982,0
36983,0
36984,0
36985,0
36986,0
36987,1
36988,0
36989,0
36990,0
36991,0
36992,0
36993,0
36994,0
36995,0
36996,0
36997,0
36998,1
36999,0
37000,0
37001,1
37002,0
37003,0
37004,0
37005,0
37006,0
37007,0
37008,0
37009,0
37010,0
37011,1
37012,0
37013,0
37014,0
37015,1
37016,1
37017,0
37018,0
37019,0
37020,1
37021,0
37022,0
37023,0
37024,0
37025,0
37026,0
37027,0
37028,0
37029,0
37030,0
37031,0
37032,0
37033,0
37034,0
37035,0
37036,0
37037,0
37038,0
37039,0
37040,1
37041,1
37042,0
37043,0
37044,0
37045,0
37046,0
37047,0
37048,1
37049,0
37050,0
37051,0
37052,0
37053,0
37054,0
37055,1
37056,0
37057,0
37058,1
37059,0
37060,0
37061,0
37062,0
37063,0
37064,0
37065,0
37066,0
37067,0
37068,0
37069,0
37070,0
37071,0
37072,0
37073,1
37074,0
37075,0
37076,1
37077,0
37078,0
37079,0
37080,0
37081,0
37082,0
37083,0
37084,0
37085,0
37086,0
37087,0
37088,0
37089,0
37090,0
37091,0
37092,0
37093,1
37094,0
37095,0
37096,0
37097,0
37098,0
37099,0
37100,0
37101,1
37102,0
37103,0
37104,0
37105,1
37106,0
37107,0
37108,0
37109,0
37110,0
37111,1
37112,0
37113,0
37114,0
37115,0
37116,0
37117,0
37118,0
37119,0
37120,0
37121,1
37122,0
37123,0
37124,0
37125,0
37126,0
37127,0
37128,0
37129,0
37130,0
37131,0
37132,0
37133,0
37134,0
37135,0
37136,0
37137,0
37138,0
37139,0
37140,1
37141,0
37142,0
37143,0
37144,0
37145,0
37146,0
37147,0
37148,0
37149,0
37150,0
37151,0
37152,0
37153,0
37154,0
37155,0
37156,0
37157,0
37158,0
37159,0
37160,0
37161,0
37162,1
37163,0
37164,0
37165,0
37166,0
37167,0
37168,0
37169,0
37170,0
37171,0
37172,0
37173,0
37174,0
37175,0
37176,0
37177,0
37178,1
37179,0
37180,0
37181,0
37182,0
37183,1
37184,0
37185,1
37186,1
37187,0
37188,1
37189,0
37190,1
37191,0
37192,0
37193,0
37194,0
37195,0
37196,0
37197,0
37198,0
37199,0
37200,0
37201,1
37202,0
37203,0
37204,0
37205,0
37206,0
37207,0
37208,0
37209,0
37210,1
37211,0
37212,0
37213,0
37214,1
37215,0
37216,0
37217,0
37218,0
37219,1
37220,0
37221,0
37222,1
37223,0
37224,1
37225,0
37226,0
37227,0
37228,1
37229,0
37230,0
37231,0
37232,0
37233,0
37234,0
37235,0
37236,0
37237,0
37238,0
37239,0
37240,0
37241,0
37242,0
37243,0
37244,0
37245,0
37246,0
37247,0
37248,0
37249,0
37250,0
37251,0
37252,0
37253,0
37254,0
37255,0
37256,0
37257,0
37258,0
37259,0
37260,0
37261,0
37262,0
37263,0
37264,0
37265,0
37266,0
37267,0
37268,0
37269,0
37270,0
37271,0
37272,1
37273,0
37274,0
37275,0
37276,0
37277,0
37278,0
37279,0
37280,0
37281,0
37282,1
37283,0
37284,0
37285,0
37286,0
37287,1
37288,0
37289,0
37290,1
37291,0
37292,0
37293,1
37294,0
37295,0
37296,0
37297,0
37298,0
37299,1
37300,0
37301,0
37302,1
37303,0
37304,0
37305,0
37306,0
37307,0
37308,0
37309,1
37310,0
37311,0
37312,0
37313,0
37314,0
37315,0
37316,0
37317,0
37318,0
37319,0
37320,0
37321,0
37322,0
37323,0
37324,0
37325,0
37326,0
37327,0
37328,0
37329,0
37330,0
37331,0
37332,0
37333,0
37334,0
37335,0
37336,0
37337,0
37338,0
37339,0
37340,0
37341,0
37342,0
37343,0
37344,0
37345,0
37346,0
37347,1
37348,0
37349,0
37350,0
37351,0
37352,0
37353,0
37354,0
37355,0
37356,0
37357,0
37358,0
37359,0
37360,0
37361,0
37362,0
37363,0
37364,1
37365,0
37366,0
37367,0
37368,0
37369,0
37370,0
37371,0
37372,1
37373,0
37374,0
37375,0
37376,0
37377,0
37378,0
37379,0
37380,0
37381,0
37382,0
37383,0
37384,0
37385,0
37386,0
37387,0
37388,0
37389,0
37390,0
37391,0
37392,0
37393,0
37394,1
37395,0
37396,0
37397,0
37398,0
37399,0
37400,0
37401,0
37402,1
37403,1
37404,0
37405,0
37406,0
37407,0
37408,0
37409,0
37410,0
37411,0
37412,0
37413,0
37414,0
37415,0
37416,0
37417,0
37418,0
37419,1
37420,0
37421,0
37422,0
37423,0
37424,1
37425,0
37426,0
37427,0
37428,1
37429,0
37430,0
37431,0
37432,0
37433,0
37434,0
37435,0
37436,0
37437,1
37438,0
37439,0
37440,0
37441,0
37442,0
37443,0
37444,0
37445,0
37446,0
37447,0
37448,0
37449,0
37450,0
37451,0
37452,0
37453,0
37454,0
37455,0
37456,0
37457,0
37458,0
37459,0
37460,0
37461,1
37462,0
37463,0
37464,0
37465,0
37466,0
37467,1
37468,0
37469,0
37470,0
37471,0
37472,0
37473,0
37474,0
37475,0
37476,1
37477,0
37478,0
37479,0
37480,0
37481,0
37482,0
37483,0
37484,0
37485,1
37486,0
37487,1
37488,0
37489,0
37490,0
37491,1
37492,1
37493,0
37494,0
37495,0
37496,0
37497,0
37498,0
37499,0
37500,0
37501,0
37502,0
37503,0
37504,0
37505,0
37506,0
37507,0
37508,0
37509,0
37510,0
37511,0
37512,0
37513,0
37514,0
37515,0
37516,0
37517,0
37518,1
37519,0
37520,0
37521,0
37522,0
37523,0
37524,0
37525,0
37526,0
37527,0
37528,0
37529,0
37530,0
37531,0
37532,0
37533,0
37534,0
37535,0
37536,0
37537,0
37538,0
37539,0
37540,0
37541,0
37542,0
37543,0
37544,0
37545,0
37546,0
37547,1
37548,0
37549,1
37550,0
37551,0
37552,0
37553,0
37554,0
37555,0
37556,0
37557,0
37558,1
37559,0
37560,0
37561,0
37562,0
37563,0
37564,0
37565,0
37566,0
37567,0
37568,0
37569,0
37570,0
37571,0
37572,1
37573,0
37574,0
37575,0
37576,1
37577,0
37578,1
37579,0
37580,0
37581,0
37582,0
37583,0
37584,0
37585,0
37586,0
37587,0
37588,0
37589,0
37590,0
37591,0
37592,0
37593,0
37594,0
37595,0
37596,0
37597,0
37598,0
37599,0
37600,0
37601,0
37602,0
37603,0
37604,0
37605,1
37606,1
37607,0
37608,0
37609,0
37610,0
37611,0
37612,0
37613,0
37614,0
37615,0
37616,0
37617,0
37618,0
37619,0
37620,0
37621,1
37622,0
37623,0
37624,1
37625,0
37626,0
37627,0
37628,0
37629,0
37630,0
37631,0
37632,0
37633,0
37634,0
37635,0
37636,0
37637,0
37638,1
37639,0
37640,1
37641,0
37642,0
37643,0
37644,0
37645,0
37646,0
37647,0
37648,0
37649,0
37650,0
37651,1
37652,0
37653,0
37654,0
37655,1
37656,0
37657,0
37658,0
37659,0
37660,0
37661,0
37662,0
37663,0
37664,0
37665,0
37666,1
37667,0
37668,1
37669,1
37670,0
37671,0
37672,0
37673,0
37674,0
37675,0
37676,0
37677,0
37678,0
37679,0
37680,0
37681,0
37682,0
37683,0
37684,0
37685,0
37686,1
37687,0
37688,0
37689,0
37690,0
37691,0
37692,0
37693,0
37694,0
37695,1
37696,0
37697,0
37698,0
37699,1
37700,0
37701,0
37702,0
37703,0
37704,0
37705,0
37706,0
37707,0
37708,0
37709,0
37710,1
37711,1
37712,0
37713,0
37714,0
37715,0
37716,0
37717,0
37718,0
37719,0
37720,0
37721,0
37722,1
37723,0
37724,1
37725,0
37726,0
37727,0
37728,0
37729,0
37730,0
37731,0
37732,0
37733,0
37734,0
37735,0
37736,0
37737,0
37738,0
37739,0
37740,1
37741,0
37742,0
37743,0
37744,0
37745,0
37746,1
37747,0
37748,0
37749,0
37750,0
37751,0
37752,0
37753,0
37754,1
37755,0
37756,0
37757,0
37758,0
37759,0
37760,0
37761,0
37762,0
37763,0
37764,0
37765,0
37766,0
37767,0
37768,0
37769,0
37770,0
37771,0
37772,0
37773,0
37774,1
37775,0
37776,0
37777,0
37778,0
37779,0
37780,0
37781,0
37782,0
37783,0
37784,0
37785,0
37786,0
37787,0
37788,0
37789,0
37790,1
37791,0
37792,0
37793,0
37794,0
37795,0
37796,0
37797,0
37798,0
37799,0
37800,0
37801,0
37802,0
37803,0
37804,0
37805,0
37806,0
37807,0
37808,0
37809,0
37810,0
37811,0
37812,0
37813,0
37814,0
37815,1
37816,0
37817,0
37818,0
37819,0
37820,0
37821,0
37822,0
37823,0
37824,1
37825,0
37826,0
37827,0
37828,0
37829,0
37830,0
37831,0
37832,0
37833,0
37834,0
37835,0
37836,0
37837,0
37838,0
37839,0
37840,0
37841,0
37842,0
37843,1
37844,1
37845,0
37846,0
37847,0
37848,0
37849,0
37850,0
37851,0
37852,0
37853,0
37854,0
37855,0
37856,0
37857,0
37858,0
37859,1
37860,0
37861,0
37862,0
37863,0
37864,0
37865,0
37866,1
37867,1
37868,0
37869,0
37870,0
37871,0
37872,1
37873,1
37874,0
37875,0
37876,0
37877,0
37878,0
37879,0
37880,0
37881,0
37882,0
37883,0
37884,0
37885,0
37886,0
37887,0
37888,1
37889,0
37890,1
37891,0
37892,0
37893,0
37894,0
37895,0
37896,0
37897,0
37898,0
37899,0
37900,0
37901,0
37902,0
37903,0
37904,0
37905,0
37906,0
37907,0
37908,0
37909,0
37910,0
37911,0
37912,0
37913,0
37914,0
37915,0
37916,0
37917,0
37918,1
37919,0
37920,0
37921,0
37922,0
37923,0
37924,0
37925,0
37926,1
37927,1
37928,0
37929,0
37930,0
37931,0
37932,1
37933,0
37934,0
37935,0
37936,1
37937,1
37938,0
37939,0
37940,0
37941,0
37942,0
37943,0
37944,0
37945,1
37946,0
37947,0
37948,0
37949,0
37950,0
37951,0
37952,0
37953,0
37954,1
37955,0
37956,0
37957,0
37958,0
37959,0
37960,0
37961,0
37962,0
37963,0
37964,0
37965,0
37966,0
37967,1
37968,0
37969,1
37970,0
37971,0
37972,1
37973,0
37974,1
37975,0
37976,0
37977,0
37978,0
37979,0
37980,0
37981,0
37982,1
37983,0
37984,0
37985,0
37986,0
37987,1
37988,0
37989,1
37990,0
37991,0
37992,0
37993,0
37994,1
37995,0
37996,0
37997,0
37998,0
37999,0
38000,0
38001,0
38002,0
38003,0
38004,0
38005,0
38006,0
38007,0
38008,0
38009,0
38010,0
38011,0
38012,0
38013,0
38014,0
38015,0
38016,0
38017,0
38018,0
38019,0
38020,0
38021,1
38022,0
38023,0
38024,0
38025,0
38026,0
38027,0
38028,0
38029,0
38030,0
38031,1
38032,0
38033,0
38034,1
38035,0
38036,0
38037,0
38038,0
38039,0
38040,0
38041,0
38042,0
38043,0
38044,1
38045,1
38046,0
38047,0
38048,0
38049,0
38050,0
38051,0
38052,0
38053,0
38054,0
38055,0
38056,0
38057,0
38058,0
38059,0
38060,0
38061,0
38062,0
38063,0
38064,0
38065,0
38066,0
38067,0
38068,0
38069,0
38070,0
38071,0
38072,0
38073,0
38074,0
38075,0
38076,0
38077,0
38078,0
38079,0
38080,0
38081,0
38082,0
38083,0
38084,0
38085,0
38086,0
38087,0
38088,0
38089,0
38090,0
38091,0
38092,0
38093,0
38094,0
38095,0
38096,0
38097,0
38098,0
38099,0
38100,0
38101,0
38102,0
38103,0
38104,0
38105,0
38106,0
38107,0
38108,1
38109,0
38110,0
38111,0
38112,0
38113,0
38114,0
38115,0
38116,0
38117,0
38118,1
38119,0
38120,0
38121,0
38122,0
38123,0
38124,0
38125,0
38126,0
38127,0
38128,0
38129,0
38130,1
38131,0
38132,0
38133,0
38134,0
38135,0
38136,0
38137,0
38138,0
38139,1
38140,0
38141,0
38142,0
38143,0
38144,0
38145,0
38146,0
38147,0
38148,0
38149,0
38150,0
38151,0
38152,0
38153,0
38154,0
38155,0
38156,0
38157,0
38158,0
38159,0
38160,0
38161,0
38162,0
38163,0
38164,0
38165,0
38166,0
38167,1
38168,0
38169,0
38170,1
38171,0
38172,0
38173,1
38174,0
38175,0
38176,0
38177,0
38178,0
38179,0
38180,0
38181,0
38182,0
38183,0
38184,0
38185,0
38186,1
38187,0
38188,0
38189,0
38190,0
38191,0
38192,1
38193,0
38194,1
38195,0
38196,0
38197,0
38198,0
38199,0
38200,0
38201,0
38202,1
38203,1
38204,0
38205,0
38206,0
38207,0
38208,0
38209,0
38210,0
38211,0
38212,0
38213,0
38214,0
38215,0
38216,0
38217,0
38218,0
38219,0
38220,0
38221,0
38222,0
38223,0
38224,0
38225,1
38226,0
38227,0
38228,0
38229,0
38230,0
38231,1
38232,0
38233,0
38234,0
38235,0
38236,0
38237,0
38238,0
38239,0
38240,1
38241,0
38242,0
38243,0
38244,0
38245,1
38246,0
38247,0
38248,0
38249,1
38250,0
38251,0
38252,1
38253,0
38254,0
38255,0
38256,0
38257,0
38258,0
38259,0
38260,0
38261,0
38262,0
38263,0
38264,0
38265,1
38266,0
38267,0
38268,0
38269,0
38270,0
38271,0
38272,0
38273,0
38274,0
38275,0
38276,0
38277,0
38278,0
38279,0
38280,0
38281,0
38282,0
38283,0
38284,0
38285,0
38286,0
38287,0
38288,0
38289,0
38290,0
38291,0
38292,0
38293,0
38294,0
38295,0
38296,0
38297,0
38298,0
38299,0
38300,0
38301,0
38302,1
38303,0
38304,0
38305,0
38306,0
38307,0
38308,0
38309,1
38310,0
38311,1
38312,0
38313,0
38314,0
38315,0
38316,0
38317,1
38318,0
38319,0
38320,0
38321,0
38322,0
38323,0
38324,0
38325,0
38326,0
38327,0
38328,0
38329,0
38330,0
38331,0
38332,0
38333,0
38334,0
38335,0
38336,0
38337,0
38338,1
38339,0
38340,0
38341,0
38342,0
38343,0
38344,0
38345,0
38346,0
38347,1
38348,0
38349,0
38350,0
38351,0
38352,0
38353,0
38354,0
38355,0
38356,0
38357,0
38358,0
38359,1
38360,0
38361,0
38362,0
38363,1
38364,0
38365,0
38366,0
38367,0
38368,0
38369,0
38370,0
38371,1
38372,0
38373,0
38374,0
38375,0
38376,0
38377,0
38378,0
38379,0
38380,0
38381,0
38382,0
38383,0
38384,0
38385,0
38386,0
38387,0
38388,0
38389,0
38390,0
38391,0
38392,0
38393,0
38394,0
38395,0
38396,0
38397,0
38398,0
38399,0
38400,0
38401,0
38402,0
38403,0
38404,0
38405,0
38406,0
38407,0
38408,0
38409,0
38410,0
38411,0
38412,0
38413,0
38414,1
38415,0
38416,0
38417,0
38418,1
38419,0
38420,0
38421,1
38422,0
38423,0
38424,0
38425,0
38426,0
38427,0
38428,0
38429,0
38430,0
38431,0
38432,0
38433,0
38434,0
38435,0
38436,0
38437,1
38438,0
38439,0
38440,0
38441,0
38442,0
38443,0
38444,0
38445,0
38446,0
38447,0
38448,1
38449,0
38450,0
38451,0
38452,0
38453,1
38454,0
38455,0
38456,0
38457,0
38458,0
38459,0
38460,0
38461,0
38462,0
38463,0
38464,0
38465,0
38466,0
38467,0
38468,0
38469,0
38470,0
38471,0
38472,0
38473,0
38474,1
38475,1
38476,0
38477,0
38478,0
38479,1
38480,0
38481,0
38482,0
38483,0
38484,0
38485,1
38486,0
38487,0
38488,0
38489,0
38490,0
38491,0
38492,0
38493,0
38494,0
38495,0
38496,1
38497,0
38498,0
38499,0
38500,0
38501,0
38502,0
38503,0
38504,0
38505,0
38506,0
38507,0
38508,0
38509,0
38510,0
38511,0
38512,0
38513,0
38514,0
38515,0
38516,0
38517,0
38518,0
38519,1
38520,0
38521,0
38522,0
38523,1
38524,0
38525,0
38526,0
38527,0
38528,0
38529,1
38530,0
38531,0
38532,0
38533,0
38534,0
38535,0
38536,0
38537,0
38538,0
38539,0
38540,1
38541,0
38542,0
38543,0
38544,0
38545,0
38546,0
38547,0
38548,1
38549,0
38550,0
38551,0
38552,0
38553,0
38554,0
38555,0
38556,0
38557,0
38558,0
38559,0
38560,0
38561,0
38562,0
38563,0
38564,0
38565,0
38566,0
38567,0
38568,0
38569,0
38570,0
38571,0
38572,0
38573,1
38574,0
38575,0
38576,1
38577,0
38578,0
38579,0
38580,0
38581,0
38582,0
38583,1
38584,0
38585,0
38586,0
38587,0
38588,0
38589,0
38590,1
38591,1
38592,1
38593,0
38594,0
38595,0
38596,0
38597,1
38598,1
38599,0
38600,0
38601,0
38602,0
38603,0
38604,0
38605,1
38606,1
38607,0
38608,0
38609,0
38610,0
38611,1
38612,0
38613,0
38614,0
38615,0
38616,0
38617,0
38618,0
38619,0
38620,0
38621,1
38622,0
38623,0
38624,0
38625,0
38626,0
38627,0
38628,0
38629,0
38630,0
38631,0
38632,0
38633,0
38634,0
38635,0
38636,0
38637,0
38638,0
38639,0
38640,0
38641,0
38642,0
38643,0
38644,1
38645,0
38646,0
38647,0
38648,0
38649,0
38650,0
38651,0
38652,1
38653,0
38654,0
38655,0
38656,0
38657,0
38658,0
38659,0
38660,1
38661,0
38662,1
38663,0
38664,0
38665,0
38666,1
38667,0
38668,1
38669,0
38670,0
38671,0
38672,0
38673,0
38674,0
38675,0
38676,0
38677,0
38678,0
38679,0
38680,0
38681,0
38682,0
38683,0
38684,0
38685,0
38686,0
38687,0
38688,0
38689,1
38690,1
38691,1
38692,0
38693,0
38694,1
38695,0
38696,1
38697,0
38698,0
38699,0
38700,0
38701,1
38702,1
38703,0
38704,1
38705,0
38706,0
38707,0
38708,0
38709,0
38710,1
38711,0
38712,0
38713,0
38714,1
38715,0
38716,0
38717,0
38718,0
38719,0
38720,0
38721,0
38722,0
38723,0
38724,0
38725,0
38726,0
38727,0
38728,0
38729,0
38730,0
38731,0
38732,0
38733,0
38734,0
38735,0
38736,0
38737,0
38738,0
38739,0
38740,0
38741,0
38742,1
38743,0
38744,1
38745,0
38746,1
38747,0
38748,0
38749,0
38750,1
38751,1
38752,0
38753,0
38754,0
38755,0
38756,0
38757,0
38758,0
38759,0
38760,0
38761,0
38762,1
38763,0
38764,0
38765,0
38766,1
38767,0
38768,0
38769,0
38770,0
38771,0
38772,1
38773,1
38774,0
38775,0
38776,0
38777,0
38778,0
38779,1
38780,0
38781,0
38782,0
38783,1
38784,0
38785,0
38786,0
38787,0
38788,0
38789,1
38790,0
38791,0
38792,0
38793,0
38794,1
38795,0
38796,0
38797,0
38798,0
38799,0
38800,0
38801,0
38802,0
38803,0
38804,0
38805,0
38806,0
38807,0
38808,0
38809,0
38810,0
38811,0
38812,0
38813,0
38814,0
38815,0
38816,1
38817,0
38818,0
38819,0
38820,0
38821,1
38822,0
38823,0
38824,0
38825,0
38826,0
38827,0
38828,0
38829,0
38830,0
38831,0
38832,0
38833,0
38834,0
38835,0
38836,0
38837,0
38838,0
38839,0
38840,0
38841,0
38842,0
38843,0
38844,0
38845,0
38846,0
38847,0
38848,0
38849,0
38850,1
38851,0
38852,0
38853,1
38854,1
38855,0
38856,0
38857,0
38858,0
38859,0
38860,0
38861,0
38862,0
38863,0
38864,0
38865,0
38866,0
38867,0
38868,0
38869,0
38870,0
38871,0
38872,0
38873,0
38874,1
38875,0
38876,0
38877,0
38878,0
38879,0
38880,1
38881,0
38882,1
38883,0
38884,0
38885,0
38886,0
38887,0
38888,0
38889,0
38890,0
38891,0
38892,0
38893,0
38894,0
38895,0
38896,0
38897,0
38898,0
38899,0
38900,0
38901,0
38902,0
38903,1
38904,0
38905,0
38906,0
38907,0
38908,0
38909,0
38910,1
38911,0
38912,0
38913,1
38914,0
38915,0
38916,0
38917,0
38918,0
38919,0
38920,0
38921,0
38922,0
38923,0
38924,0
38925,1
38926,0
38927,1
38928,0
38929,0
38930,0
38931,0
38932,0
38933,0
38934,1
38935,0
38936,0
38937,0
38938,0
38939,0
38940,0
38941,1
38942,0
38943,0
38944,0
38945,0
38946,1
38947,0
38948,0
38949,0
38950,0
38951,0
38952,0
38953,1
38954,0
38955,0
38956,0
38957,0
38958,0
38959,0
38960,0
38961,0
38962,0
38963,1
38964,0
38965,0
38966,1
38967,0
38968,0
38969,0
38970,1
38971,0
38972,0
38973,0
38974,0
38975,0
38976,0
38977,0
38978,0
38979,0
38980,0
38981,1
38982,0
38983,0
38984,0
38985,0
38986,0
38987,0
38988,1
38989,0
38990,0
38991,0
38992,0
38993,0
38994,0
38995,0
38996,0
38997,0
38998,0
38999,1
39000,0
39001,0
39002,0
39003,0
39004,0
39005,0
39006,0
39007,1
39008,0
39009,1
39010,1
39011,1
39012,0
39013,0
39014,0
39015,0
39016,0
39017,0
39018,0
39019,0
39020,0
39021,0
39022,0
39023,0
39024,0
39025,0
39026,0
39027,1
39028,0
39029,0
39030,0
39031,0
39032,0
39033,0
39034,0
39035,0
39036,1
39037,0
39038,0
39039,0
39040,0
39041,1
39042,0
39043,0
39044,0
39045,0
39046,0
39047,0
39048,0
39049,0
39050,0
39051,0
39052,0
39053,0
39054,0
39055,0
39056,0
39057,0
39058,0
39059,0
39060,0
39061,0
39062,0
39063,1
39064,0
39065,0
39066,0
39067,0
39068,0
39069,0
39070,0
39071,0
39072,0
39073,0
39074,0
39075,0
39076,0
39077,0
39078,0
39079,0
39080,0
39081,0
39082,0
39083,0
39084,0
39085,0
39086,0
39087,0
39088,0
39089,0
39090,0
39091,0
39092,0
39093,0
39094,0
39095,0
39096,1
39097,0
39098,0
39099,0
39100,0
39101,0
39102,0
39103,0
39104,0
39105,0
39106,0
39107,0
39108,0
39109,0
39110,0
39111,0
39112,0
39113,0
39114,0
39115,1
39116,1
39117,1
39118,0
39119,0
39120,0
39121,0
39122,0
39123,0
39124,0
39125,0
39126,0
39127,0
39128,0
39129,1
39130,1
39131,0
39132,0
39133,0
39134,0
39135,0
39136,0
39137,0
39138,0
39139,0
39140,1
39141,0
39142,1
39143,1
39144,0
39145,0
39146,0
39147,0
39148,0
39149,0
39150,0
39151,0
39152,0
39153,0
39154,0
39155,0
39156,0
39157,0
39158,0
39159,0
39160,0
39161,0
39162,0
39163,0
39164,0
39165,0
39166,0
39167,0
39168,0
39169,0
39170,1
39171,0
39172,0
39173,0
39174,0
39175,0
39176,0
39177,0
39178,0
39179,0
39180,1
39181,0
39182,0
39183,0
39184,0
39185,0
39186,0
39187,1
39188,0
39189,0
39190,1
39191,1
39192,1
39193,1
39194,1
39195,0
39196,0
39197,0
39198,1
39199,0
39200,0
39201,0
39202,0
39203,0
39204,0
39205,0
39206,0
39207,0
39208,0
39209,0
39210,0
39211,0
39212,1
39213,0
39214,0
39215,0
39216,0
39217,0
39218,0
39219,0
39220,0
39221,0
39222,0
39223,0
39224,1
39225,1
39226,0
39227,0
39228,1
39229,0
39230,0
39231,0
39232,0
39233,1
39234,1
39235,0
39236,0
39237,0
39238,0
39239,0
39240,0
39241,0
39242,0
39243,0
39244,0
39245,1
39246,1
39247,0
39248,0
39249,0
39250,0
39251,0
39252,1
39253,0
39254,0
39255,0
39256,1
39257,1
39258,0
39259,0
39260,0
39261,0
39262,0
39263,1
39264,0
39265,0
39266,0
39267,0
39268,0
39269,0
39270,0
39271,0
39272,1
39273,1
39274,0
39275,0
39276,0
39277,0
39278,0
39279,1
39280,0
39281,0
39282,0
39283,0
39284,0
39285,0
39286,0
39287,0
39288,1
39289,0
39290,0
39291,0
39292,0
39293,0
39294,0
39295,0
39296,0
39297,0
39298,0
39299,0
39300,0
39301,0
39302,1
39303,0
39304,0
39305,0
39306,0
39307,0
39308,0
39309,0
39310,0
39311,0
39312,0
39313,0
39314,0
39315,0
39316,0
39317,0
39318,0
39319,1
39320,0
39321,0
39322,0
39323,0
39324,0
39325,1
39326,1
39327,0
39328,0
39329,0
39330,0
39331,0
39332,0
39333,0
39334,0
39335,0
39336,0
39337,0
39338,0
39339,0
39340,0
39341,0
39342,0
39343,0
39344,0
39345,0
39346,0
39347,0
39348,0
39349,0
39350,0
39351,0
39352,0
39353,1
39354,0
39355,0
39356,0
39357,0
39358,0
39359,0
39360,1
39361,1
39362,0
39363,0
39364,0
39365,0
39366,0
39367,1
39368,0
39369,0
39370,0
39371,0
39372,1
39373,0
39374,0
39375,0
39376,0
39377,1
39378,0
39379,0
39380,0
39381,0
39382,0
39383,0
39384,0
39385,0
39386,0
39387,0
39388,0
39389,0
39390,0
39391,0
39392,0
39393,0
39394,0
39395,0
39396,0
39397,1
39398,0
39399,1
39400,0
39401,0
39402,0
39403,0
39404,0
39405,0
39406,0
39407,0
39408,0
39409,1
39410,1
39411,0
39412,0
39413,0
39414,0
39415,0
39416,0
39417,0
39418,0
39419,0
39420,0
39421,1
39422,0
39423,0
39424,0
39425,0
39426,0
39427,0
39428,0
39429,0
39430,0
39431,0
39432,0
39433,0
39434,0
39435,0
39436,0
39437,0
39438,0
39439,0
39440,1
39441,0
39442,0
39443,0
39444,0
39445,0
39446,0
39447,1
39448,0
39449,0
39450,0
39451,0
39452,0
39453,0
39454,0
39455,0
39456,0
39457,0
39458,0
39459,1
39460,0
39461,0
39462,0
39463,0
39464,0
39465,0
39466,0
39467,0
39468,0
39469,0
39470,0
39471,0
39472,0
39473,0
39474,0
39475,0
39476,1
39477,0
39478,0
39479,0
39480,0
39481,0
39482,0
39483,0
39484,0
39485,0
39486,0
39487,0
39488,0
39489,0
39490,0
39491,0
39492,1
39493,0
39494,0
39495,0
39496,0
39497,0
39498,0
39499,0
39500,0
39501,0
39502,0
39503,0
39504,0
39505,0
39506,0
39507,1
39508,0
39509,0
39510,0
39511,0
39512,0
39513,0
39514,0
39515,0
39516,0
39517,0
39518,0
39519,0
39520,0
39521,0
39522,0
39523,0
39524,0
39525,0
39526,0
39527,0
39528,0
39529,0
39530,0
39531,0
39532,0
39533,0
39534,0
39535,0
39536,0
39537,0
39538,0
39539,0
39540,0
39541,0
39542,0
39543,0
39544,0
39545,0
39546,0
39547,0
39548,0
39549,0
39550,0
39551,0
39552,0
39553,0
39554,0
39555,0
39556,0
39557,0
39558,0
39559,0
39560,0
39561,0
39562,0
39563,1
39564,0
39565,0
39566,0
39567,0
39568,0
39569,1
39570,0
39571,0
39572,0
39573,0
39574,0
39575,0
39576,0
39577,0
39578,0
39579,0
39580,0
39581,0
39582,1
39583,0
39584,0
39585,0
39586,0
39587,0
39588,0
39589,0
39590,0
39591,0
39592,0
39593,0
39594,1
39595,0
39596,0
39597,0
39598,0
39599,1
39600,0
39601,1
39602,0
39603,0
39604,0
39605,0
39606,0
39607,0
39608,0
39609,0
39610,0
39611,1
39612,1
39613,0
39614,0
39615,0
39616,0
39617,0
39618,0
39619,1
39620,0
39621,0
39622,0
39623,0
39624,0
39625,0
39626,0
39627,0
39628,0
39629,1
39630,0
39631,0
39632,0
39633,0
39634,0
39635,1
39636,0
39637,0
39638,0
39639,1
39640,0
39641,0
39642,0
39643,0
39644,0
39645,0
39646,0
39647,0
39648,1
39649,0
39650,0
39651,0
39652,0
39653,1
39654,0
39655,0
39656,0
39657,0
39658,0
39659,0
39660,0
39661,0
39662,0
39663,0
39664,0
39665,0
39666,0
39667,1
39668,0
39669,0
39670,0
39671,0
39672,0
39673,0
39674,0
39675,0
39676,0
39677,0
39678,0
39679,0
39680,0
39681,0
39682,1
39683,0
39684,0
39685,0
39686,0
39687,0
39688,0
39689,0
39690,0
39691,0
39692,0
39693,0
39694,0
39695,0
39696,0
39697,0
39698,0
39699,0
39700,0
39701,0
39702,1
39703,0
39704,0
39705,0
39706,0
39707,0
39708,0
39709,0
39710,1
39711,0
39712,0
39713,1
39714,0
39715,0
39716,1
39717,0
39718,0
39719,0
39720,0
39721,0
39722,0
39723,0
39724,0
39725,1
39726,0
39727,1
39728,0
39729,0
39730,0
39731,0
39732,0
39733,0
39734,1
39735,0
39736,0
39737,0
39738,0
39739,1
39740,0
39741,0
39742,0
39743,0
39744,1
39745,0
39746,0
39747,0
39748,0
39749,0
39750,0
39751,0
39752,0
39753,1
39754,0
39755,0
39756,0
39757,0
39758,0
39759,0
39760,0
39761,0
39762,1
39763,1
39764,0
39765,0
39766,0
39767,0
39768,0
39769,0
39770,0
39771,0
39772,0
39773,0
39774,0
39775,0
39776,0
39777,0
39778,0
39779,0
39780,1
39781,0
39782,0
39783,0
39784,0
39785,0
39786,1
39787,0
39788,0
39789,0
39790,0
39791,0
39792,0
39793,0
39794,0
39795,0
39796,0
39797,0
39798,0
39799,0
39800,0
39801,0
39802,0
39803,0
39804,0
39805,0
39806,0
39807,0
39808,0
39809,0
39810,0
39811,0
39812,0
39813,0
39814,0
39815,0
39816,1
39817,0
39818,0
39819,0
39820,1
39821,1
39822,0
39823,0
39824,0
39825,0
39826,0
39827,0
39828,0
39829,0
39830,1
39831,0
39832,0
39833,0
39834,0
39835,0
39836,1
39837,0
39838,0
39839,0
39840,0
39841,0
39842,0
39843,0
39844,0
39845,0
39846,0
39847,0
39848,0
39849,1
39850,1
39851,1
39852,0
39853,0
39854,0
39855,0
39856,0
39857,0
39858,0
39859,0
39860,0
39861,0
39862,1
39863,0
39864,1
39865,0
39866,0
39867,0
39868,1
39869,0
39870,0
39871,0
39872,0
39873,0
39874,0
39875,0
39876,0
39877,0
39878,0
39879,0
39880,0
39881,0
39882,0
39883,0
39884,0
39885,0
39886,0
39887,1
39888,1
39889,0
39890,0
39891,1
39892,0
39893,0
39894,1
39895,0
39896,0
39897,0
39898,0
39899,0
39900,0
39901,0
39902,0
39903,0
39904,0
39905,0
39906,0
39907,0
39908,0
39909,0
39910,0
39911,0
39912,0
39913,0
39914,0
39915,0
39916,0
39917,0
39918,0
39919,0
39920,1
39921,1
39922,0
39923,1
39924,0
39925,1
39926,0
39927,0
39928,0
39929,0
39930,0
39931,1
39932,0
39933,0
39934,0
39935,0
39936,0
39937,0
39938,0
39939,0
39940,0
39941,0
39942,0
39943,0
39944,0
39945,0
39946,0
39947,0
39948,0
39949,0
39950,0
39951,0
39952,0
39953,0
39954,0
39955,0
39956,0
39957,0
39958,0
39959,0
39960,0
39961,0
39962,0
39963,1
39964,1
39965,0
39966,0
39967,0
39968,0
39969,0
39970,0
39971,0
39972,1
39973,0
39974,0
39975,0
39976,0
39977,0
39978,0
39979,0
39980,0
39981,0
39982,0
39983,0
39984,0
39985,0
39986,1
39987,0
39988,1
39989,0
39990,0
39991,0
39992,0
39993,1
39994,0
39995,0
39996,0
39997,1
39998,0
39999,0
40000,0
40001,0
40002,0
40003,0
40004,0
40005,0
40006,0
40007,0
40008,0
40009,0
40010,0
40011,0
40012,1
40013,0
40014,0
40015,1
40016,0
40017,0
40018,0
40019,0
40020,0
40021,0
40022,0
40023,0
40024,0
40025,0
40026,0
40027,0
40028,0
40029,0
40030,0
40031,0
40032,0
40033,0
40034,0
40035,0
40036,0
40037,0
40038,0
40039,0
40040,0
40041,1
40042,0
40043,0
40044,0
40045,0
40046,0
40047,0
40048,0
40049,0
40050,0
40051,0
40052,0
40053,0
40054,0
40055,0
40056,0
40057,0
40058,1
40059,0
40060,0
40061,0
40062,0
40063,0
40064,0
40065,0
40066,0
40067,0
40068,0
40069,0
40070,0
40071,1
40072,0
40073,0
40074,0
40075,0
40076,0
40077,0
40078,1
40079,0
40080,0
40081,0
40082,0
40083,0
40084,0
40085,0
40086,0
40087,0
40088,0
40089,0
40090,0
40091,1
40092,0
40093,0
40094,0
40095,0
40096,0
40097,0
40098,0
40099,0
40100,0
40101,0
40102,0
40103,0
40104,0
40105,0
40106,0
40107,1
40108,0
40109,0
40110,1
40111,0
40112,0
40113,0
40114,0
40115,0
40116,0
40117,0
40118,0
40119,0
40120,1
40121,0
40122,0
40123,0
40124,0
40125,0
40126,0
40127,0
40128,0
40129,0
40130,0
40131,0
40132,0
40133,0
40134,0
40135,0
40136,0
40137,0
40138,0
40139,0
40140,1
40141,0
40142,0
40143,0
40144,0
40145,0
40146,0
40147,0
40148,0
40149,0
40150,0
40151,0
40152,0
40153,0
40154,0
40155,1
40156,0
40157,0
40158,0
40159,0
40160,0
40161,0
40162,0
40163,0
40164,0
40165,0
40166,0
40167,0
40168,0
40169,0
40170,0
40171,1
40172,1
40173,0
40174,0
40175,0
40176,0
40177,0
40178,0
40179,0
40180,0
40181,0
40182,0
40183,0
40184,0
40185,0
40186,0
40187,1
40188,0
40189,0
40190,0
40191,0
40192,0
40193,0
40194,0
40195,0
40196,0
40197,0
40198,0
40199,0
40200,1
40201,0
40202,1
40203,0
40204,0
40205,0
40206,0
40207,0
40208,0
40209,0
40210,0
40211,0
40212,0
40213,1
40214,0
40215,0
40216,0
40217,1
40218,0
40219,0
40220,0
40221,0
40222,0
40223,0
40224,0
40225,1
40226,0
40227,0
40228,0
40229,0
40230,0
40231,0
40232,0
40233,0
40234,0
40235,0
40236,0
40237,0
40238,0
40239,0
40240,0
40241,0
40242,0
40243,0
40244,0
40245,0
40246,0
40247,0
40248,0
40249,0
40250,0
40251,0
40252,1
40253,0
40254,0
40255,0
40256,0
40257,0
40258,1
40259,0
40260,0
40261,0
40262,0
40263,0
40264,0
40265,0
40266,0
40267,0
40268,0
40269,0
40270,0
40271,0
40272,0
40273,0
40274,0
40275,1
40276,0
40277,0
40278,1
40279,0
40280,0
40281,0
40282,0
40283,0
40284,0
40285,0
40286,0
40287,0
40288,0
40289,0
40290,0
40291,0
40292,1
40293,0
40294,0
40295,0
40296,0
40297,0
40298,0
40299,0
40300,0
40301,1
40302,0
40303,0
40304,0
40305,0
40306,1
40307,0
40308,0
40309,0
40310,0
40311,0
40312,0
40313,0
40314,0
40315,0
40316,0
40317,0
40318,0
40319,0
40320,1
40321,0
40322,0
40323,0
40324,0
40325,0
40326,0
40327,1
40328,0
40329,0
40330,0
40331,0
40332,0
40333,0
40334,0
40335,0
40336,0
40337,0
40338,0
40339,0
40340,0
40341,1
40342,0
40343,0
40344,0
40345,0
40346,0
40347,0
40348,0
40349,0
40350,1
40351,0
40352,0
40353,0
40354,0
40355,0
40356,0
40357,0
40358,1
40359,0
40360,0
40361,0
40362,1
40363,0
40364,0
40365,0
40366,0
40367,0
40368,0
40369,0
40370,0
40371,0
40372,0
40373,0
40374,0
40375,0
40376,0
40377,0
40378,1
40379,0
40380,0
40381,0
40382,0
40383,0
40384,0
40385,0
40386,1
40387,0
40388,0
40389,0
40390,0
40391,0
40392,0
40393,0
40394,1
40395,0
40396,0
40397,0
40398,0
40399,0
40400,0
40401,0
40402,0
40403,1
40404,0
40405,0
40406,0
40407,0
40408,0
40409,0
40410,0
40411,0
40412,0
40413,0
40414,0
40415,0
40416,0
40417,0
40418,0
40419,0
40420,0
40421,0
40422,0
40423,1
40424,0
40425,0
40426,0
40427,0
40428,0
40429,0
40430,0
40431,1
40432,0
40433,0
40434,1
40435,0
40436,0
40437,1
40438,0
40439,0
40440,0
40441,0
40442,0
40443,1
40444,0
40445,0
40446,0
40447,0
40448,0
40449,0
40450,0
40451,0
40452,1
40453,1
40454,0
40455,0
40456,0
40457,0
40458,1
40459,0
40460,0
40461,0
40462,0
40463,0
40464,0
40465,1
40466,1
40467,0
40468,1
40469,0
40470,0
40471,0
40472,0
40473,0
40474,1
40475,1
40476,0
40477,0
40478,0
40479,0
40480,0
40481,0
40482,0
40483,0
40484,0
40485,0
40486,0
40487,0
40488,0
40489,0
40490,0
40491,0
40492,0
40493,0
40494,0
40495,0
40496,0
40497,0
40498,1
40499,0
40500,0
40501,0
40502,0
40503,1
40504,0
40505,0
40506,0
40507,0
40508,0
40509,0
40510,0
40511,0
40512,0
40513,0
40514,0
40515,0
40516,0
40517,1
40518,0
40519,0
40520,0
40521,0
40522,0
40523,0
40524,0
40525,0
40526,0
40527,0
40528,0
40529,0
40530,0
40531,0
40532,0
40533,0
40534,0
40535,0
40536,0
40537,0
40538,0
40539,0
40540,1
40541,1
40542,0
40543,1
40544,0
40545,0
40546,0
40547,0
40548,0
40549,0
40550,0
40551,0
40552,0
40553,0
40554,0
40555,0
40556,1
40557,0
40558,0
40559,0
40560,0
40561,0
40562,0
40563,0
40564,1
40565,0
40566,0
40567,0
40568,0
40569,0
40570,0
40571,0
40572,0
40573,0
40574,0
40575,1
40576,0
40577,0
40578,0
40579,1
40580,0
40581,0
40582,0
40583,1
40584,0
40585,0
40586,0
40587,0
40588,0
40589,0
40590,1
40591,0
40592,0
40593,0
40594,0
40595,1
40596,0
40597,0
40598,0
40599,0
40600,0
40601,0
40602,0
40603,0
40604,0
40605,0
40606,0
40607,0
40608,0
40609,0
40610,0
40611,0
40612,1
40613,0
40614,0
40615,0
40616,0
40617,0
40618,0
40619,0
40620,0
40621,0
40622,0
40623,0
40624,0
40625,0
40626,0
40627,0
40628,0
40629,0
40630,1
40631,1
40632,0
40633,0
40634,0
40635,0
40636,0
40637,0
40638,0
40639,0
40640,0
40641,0
40642,1
40643,1
40644,0
40645,0
40646,1
40647,0
40648,0
40649,0
40650,1
40651,0
40652,0
40653,0
40654,1
40655,0
40656,0
40657,0
40658,0
40659,0
40660,1
40661,0
40662,0
40663,1
40664,1
40665,0
40666,0
40667,0
40668,0
40669,0
40670,0
40671,0
40672,0
40673,0
40674,0
40675,0
40676,0
40677,0
40678,1
40679,0
40680,0
40681,0
40682,0
40683,0
40684,0
40685,0
40686,0
40687,0
40688,0
40689,0
40690,1
40691,0
40692,0
40693,0
40694,0
40695,1
40696,0
40697,0
40698,0
40699,0
40700,0
40701,0
40702,0
40703,0
40704,0
40705,0
40706,1
40707,0
40708,0
40709,0
40710,1
40711,0
40712,0
40713,0
40714,1
40715,0
40716,0
40717,0
40718,0
40719,0
40720,0
40721,0
40722,0
40723,0
40724,0
40725,1
40726,0
40727,1
40728,0
40729,0
40730,0
40731,0
40732,0
40733,0
40734,1
40735,0
40736,0
40737,1
40738,0
40739,1
40740,0
40741,1
40742,0
40743,0
40744,0
40745,0
40746,0
40747,0
40748,0
40749,0
40750,0
40751,0
40752,0
40753,0
40754,0
40755,0
40756,0
40757,0
40758,0
40759,1
40760,0
40761,1
40762,0
40763,0
40764,0
40765,0
40766,0
40767,0
40768,0
40769,0
40770,0
40771,0
40772,0
40773,0
40774,0
40775,0
40776,0
40777,0
40778,0
40779,0
40780,0
40781,0
40782,0
40783,0
40784,0
40785,0
40786,0
40787,0
40788,0
40789,0
40790,0
40791,1
40792,0
40793,1
40794,0
40795,1
40796,0
40797,0
40798,0
40799,0
40800,0
40801,1
40802,0
40803,0
40804,0
40805,0
40806,0
40807,0
40808,0
40809,0
40810,0
40811,0
40812,1
40813,0
40814,0
40815,0
40816,0
40817,0
40818,0
40819,0
40820,0
40821,0
40822,0
40823,0
40824,0
40825,0
40826,0
40827,0
40828,0
40829,1
40830,0
40831,0
40832,0
40833,0
40834,0
40835,0
40836,0
40837,0
40838,0
40839,0
40840,0
40841,0
40842,0
40843,0
40844,0
40845,0
40846,0
40847,1
40848,0
40849,1
40850,0
40851,0
40852,0
40853,0
40854,0
40855,1
40856,0
40857,1
40858,0
40859,0
40860,1
40861,0
40862,0
40863,0
40864,0
40865,0
40866,0
40867,0
40868,0
40869,0
40870,0
40871,0
40872,0
40873,1
40874,1
40875,0
40876,0
40877,0
40878,0
40879,0
40880,0
40881,0
40882,0
40883,0
40884,1
40885,0
40886,1
40887,0
40888,0
40889,0
40890,0
40891,0
40892,0
40893,0
40894,0
40895,0
40896,1
40897,0
40898,0
40899,0
40900,0
40901,0
40902,0
40903,0
40904,0
40905,0
40906,0
40907,0
40908,0
40909,0
40910,0
40911,0
40912,0
40913,0
40914,0
40915,0
40916,0
40917,1
40918,0
40919,0
40920,1
40921,0
40922,0
40923,0
40924,1
40925,1
40926,0
40927,0
40928,1
40929,0
40930,1
40931,0
40932,0
40933,0
40934,0
40935,1
40936,0
40937,0
40938,0
40939,0
40940,1
40941,0
40942,0
40943,0
40944,1
40945,0
40946,0
40947,0
40948,0
40949,0
40950,0
40951,0
40952,1
40953,0
40954,1
40955,1
40956,0
40957,0
40958,0
40959,0
40960,0
40961,0
40962,0
40963,0
40964,0
40965,0
40966,0
40967,0
40968,1
40969,0
40970,0
40971,0
40972,0
40973,0
40974,0
40975,0
40976,0
40977,0
40978,0
40979,0
40980,0
40981,0
40982,0
40983,0
40984,0
40985,0
40986,0
40987,0
40988,0
40989,0
40990,0
40991,0
40992,0
40993,0
40994,0
40995,0
40996,0
40997,0
40998,1
40999,0
41000,0
41001,0
41002,0
41003,0
41004,0
41005,0
41006,0
41007,0
41008,1
41009,0
41010,0
41011,0
41012,0
41013,0
41014,0
41015,0
41016,0
41017,0
41018,0
41019,0
41020,0
41021,0
41022,0
41023,0
41024,1
41025,1
41026,0
41027,0
41028,0
41029,0
41030,0
41031,0
41032,0
41033,0
41034,0
41035,0
41036,0
41037,0
41038,0
41039,1
41040,0
41041,0
41042,0
41043,0
41044,1
41045,0
41046,0
41047,0
41048,0
41049,0
41050,0
41051,0
41052,0
41053,0
41054,1
41055,0
41056,0
41057,1
41058,0
41059,0
41060,0
41061,0
41062,0
41063,0
41064,1
41065,0
41066,1
41067,0
41068,0
41069,1
41070,0
41071,0
41072,0
41073,0
41074,0
41075,0
41076,0
41077,0
41078,0
41079,0
41080,0
41081,0
41082,0
41083,0
41084,0
41085,0
41086,0
41087,0
41088,0
41089,0
41090,1
41091,0
41092,0
41093,0
41094,0
41095,0
41096,0
41097,0
41098,0
41099,1
41100,0
41101,0
41102,0
41103,0
41104,1
41105,0
41106,0
41107,0
41108,0
41109,0
41110,0
41111,0
41112,1
41113,0
41114,0
41115,1
41116,0
41117,0
41118,0
41119,0
41120,0
41121,0
41122,0
41123,0
41124,0
41125,0
41126,0
41127,0
41128,0
41129,0
41130,0
41131,0
41132,0
41133,0
41134,0
41135,0
41136,0
41137,0
41138,1
41139,0
41140,0
41141,0
41142,0
41143,0
41144,0
41145,0
41146,1
41147,0
41148,0
41149,0
41150,0
41151,0
41152,0
41153,0
41154,0
41155,0
41156,1
41157,0
41158,0
41159,1
41160,0
41161,1
41162,0
41163,0
41164,0
41165,0
41166,1
41167,0
41168,0
41169,0
41170,0
41171,0
41172,1
41173,0
41174,0
41175,0
41176,0
41177,1
41178,0
41179,1
41180,0
41181,0
41182,1
41183,0
41184,0
41185,0
41186,1
41187,0
41188,0
41189,0
41190,0
41191,0
41192,0
41193,0
41194,0
41195,0
41196,0
41197,0
41198,0
41199,0
41200,0
41201,0
41202,1
41203,0
41204,0
41205,0
41206,0
41207,0
41208,0
41209,0
41210,0
41211,0
41212,0
41213,1
41214,0
41215,0
41216,0
41217,0
41218,0
41219,0
41220,0
41221,0
41222,0
41223,0
41224,0
41225,0
41226,0
41227,0
41228,0
41229,0
41230,1
41231,0
41232,0
41233,0
41234,0
41235,0
41236,0
41237,0
41238,0
41239,1
41240,0
41241,0
41242,1
41243,0
41244,0
41245,0
41246,0
41247,1
41248,0
41249,0
41250,0
41251,1
41252,0
41253,0
41254,1
41255,0
41256,0
41257,0
41258,0
41259,0
41260,0
41261,0
41262,0
41263,1
41264,0
41265,0
41266,0
41267,0
41268,0
41269,0
41270,1
41271,0
41272,0
41273,0
41274,0
41275,0
41276,0
41277,0
41278,0
41279,0
41280,0
41281,0
41282,0
41283,0
41284,1
41285,0
41286,1
41287,1
41288,0
41289,0
41290,0
41291,0
41292,0
41293,0
41294,0
41295,0
41296,0
41297,0
41298,0
41299,0
41300,0
41301,0
41302,0
41303,1
41304,0
41305,0
41306,0
41307,1
41308,0
41309,1
41310,1
41311,0
41312,0
41313,0
41314,0
41315,0
41316,1
41317,0
41318,0
41319,0
41320,0
41321,1
41322,0
41323,0
41324,0
41325,0
41326,0
41327,0
41328,0
41329,1
41330,1
41331,0
41332,0
41333,0
41334,0
41335,1
41336,0
41337,0
41338,1
41339,0
41340,0
41341,0
41342,0
41343,0
41344,0
41345,0
41346,0
41347,0
41348,0
41349,0
41350,0
41351,0
41352,0
41353,0
41354,1
41355,0
41356,1
41357,0
41358,0
41359,0
41360,0
41361,0
41362,0
41363,0
41364,0
41365,0
41366,1
41367,0
41368,0
41369,0
41370,0
41371,0
41372,0
41373,0
41374,0
41375,0
41376,0
41377,0
41378,0
41379,0
41380,0
41381,0
41382,0
41383,0
41384,0
41385,0
41386,0
41387,0
41388,0
41389,0
41390,0
41391,0
41392,0
41393,1
41394,0
41395,1
41396,0
41397,0
41398,0
41399,0
41400,0
41401,0
41402,0
41403,0
41404,0
41405,0
41406,0
41407,0
41408,0
41409,0
41410,0
41411,0
41412,0
41413,0
41414,1
41415,0
41416,0
41417,0
41418,0
41419,0
41420,0
41421,0
41422,1
41423,0
41424,0
41425,0
41426,0
41427,0
41428,0
41429,0
41430,0
41431,0
41432,0
41433,1
41434,0
41435,0
41436,0
41437,0
41438,0
41439,0
41440,0
41441,0
41442,0
41443,1
41444,0
41445,0
41446,1
41447,0
41448,1
41449,0
41450,0
41451,0
41452,0
41453,0
41454,1
41455,0
41456,0
41457,0
41458,1
41459,0
41460,0
41461,0
41462,0
41463,0
41464,0
41465,0
41466,0
41467,1
41468,0
41469,1
41470,0
41471,0
41472,0
41473,1
41474,0
41475,0
41476,0
41477,0
41478,0
41479,0
41480,0
41481,0
41482,0
41483,0
41484,0
41485,0
41486,0
41487,0
41488,0
41489,1
41490,1
41491,0
41492,1
41493,1
41494,0
41495,0
41496,0
41497,0
41498,0
41499,0
41500,1
41501,0
41502,0
41503,0
41504,1
41505,0
41506,0
41507,0
41508,0
41509,1
41510,1
41511,0
41512,0
41513,0
41514,0
41515,0
41516,0
41517,1
41518,0
41519,1
41520,0
41521,0
41522,1
41523,0
41524,0
41525,0
41526,0
41527,0
41528,0
41529,0
41530,0
41531,0
41532,0
41533,0
41534,0
41535,0
41536,0
41537,0
41538,0
41539,0
41540,0
41541,0
41542,0
41543,0
41544,0
41545,0
41546,0
41547,0
41548,0
41549,0
41550,0
41551,1
41552,0
41553,0
41554,0
41555,0
41556,0
41557,0
41558,0
41559,1
41560,0
41561,0
41562,0
41563,0
41564,0
41565,0
41566,0
41567,0
41568,0
41569,0
41570,0
41571,0
41572,1
41573,0
41574,0
41575,0
41576,0
41577,0
41578,0
41579,0
41580,1
41581,0
41582,0
41583,0
41584,0
41585,0
41586,1
41587,1
41588,0
41589,0
41590,0
41591,0
41592,1
41593,0
41594,1
41595,0
41596,0
41597,0
41598,0
41599,0
41600,0
41601,0
41602,0
41603,0
41604,0
41605,0
41606,0
41607,0
41608,1
41609,0
41610,0
41611,0
41612,0
41613,0
41614,0
41615,0
41616,1
41617,0
41618,0
41619,0
41620,0
41621,0
41622,1
41623,0
41624,1
41625,0
41626,0
41627,0
41628,0
41629,0
41630,0
41631,1
41632,0
41633,0
41634,0
41635,0
41636,0
41637,0
41638,0
41639,0
41640,0
41641,0
41642,0
41643,0
41644,0
41645,0
41646,0
41647,0
41648,0
41649,0
41650,0
41651,0
41652,0
41653,0
41654,0
41655,0
41656,0
41657,0
41658,0
41659,0
41660,0
41661,0
41662,0
41663,0
41664,0
41665,0
41666,0
41667,0
41668,0
41669,1
41670,1
41671,0
41672,0
41673,0
41674,0
41675,0
41676,0
41677,0
41678,0
41679,0
41680,0
41681,0
41682,1
41683,1
41684,0
41685,0
41686,0
41687,1
41688,0
41689,1
41690,0
41691,1
41692,0
41693,0
41694,0
41695,0
41696,0
41697,0
41698,1
41699,0
41700,0
41701,0
41702,1
41703,1
41704,0
41705,0
41706,0
41707,0
41708,0
41709,0
41710,0
41711,0
41712,0
41713,0
41714,0
41715,0
41716,0
41717,1
41718,0
41719,0
41720,0
41721,0
41722,0
41723,0
41724,0
41725,1
41726,0
41727,0
41728,0
41729,0
41730,1
41731,1
41732,0
41733,0
41734,0
41735,0
41736,0
41737,0
41738,0
41739,0
41740,0
41741,0
41742,0
41743,0
41744,0
41745,0
41746,0
41747,0
41748,0
41749,0
41750,1
41751,0
41752,0
41753,0
41754,0
41755,0
41756,0
41757,0
41758,0
41759,0
41760,0
41761,1
41762,0
41763,0
41764,1
41765,0
41766,1
41767,0
41768,0
41769,0
41770,0
41771,0
41772,0
41773,0
41774,0
41775,0
41776,0
41777,0
41778,0
41779,0
41780,0
41781,0
41782,0
41783,0
41784,0
41785,0
41786,0
41787,0
41788,0
41789,0
41790,0
41791,0
41792,0
41793,0
41794,0
41795,0
41796,0
41797,1
41798,0
41799,1
41800,0
41801,0
41802,0
41803,0
41804,0
41805,0
41806,0
41807,0
41808,0
41809,1
41810,0
41811,0
41812,0
41813,0
41814,0
41815,0
41816,0
41817,0
41818,0
41819,0
41820,0
41821,1
41822,0
41823,1
41824,1
41825,0
41826,0
41827,0
41828,0
41829,0
41830,0
41831,0
41832,0
41833,0
41834,0
41835,0
41836,0
41837,0
41838,0
41839,0
41840,0
41841,0
41842,0
41843,0
41844,0
41845,0
41846,0
41847,0
41848,0
41849,0
41850,0
41851,1
41852,0
41853,0
41854,0
41855,0
41856,0
41857,0
41858,0
41859,0
41860,0
41861,0
41862,0
41863,0
41864,0
41865,1
41866,0
41867,0
41868,0
41869,1
41870,0
41871,0
41872,0
41873,0
41874,0
41875,0
41876,0
41877,0
41878,0
41879,0
41880,0
41881,0
41882,0
41883,0
41884,0
41885,0
41886,0
41887,0
41888,0
41889,0
41890,1
41891,0
41892,0
41893,0
41894,1
41895,0
41896,0
41897,0
41898,0
41899,0
41900,0
41901,0
41902,0
41903,0
41904,1
41905,0
41906,0
41907,0
41908,0
41909,0
41910,0
41911,0
41912,0
41913,0
41914,0
41915,0
41916,0
41917,0
41918,0
41919,0
41920,1
41921,1
41922,0
41923,1
41924,0
41925,0
41926,0
41927,0
41928,1
41929,1
41930,0
41931,0
41932,1
41933,0
41934,0
41935,1
41936,0
41937,0
41938,0
41939,0
41940,0
41941,1
41942,0
41943,0
41944,0
41945,0
41946,0
41947,0
41948,0
41949,0
41950,0
41951,0
41952,0
41953,0
41954,0
41955,0
41956,0
41957,1
41958,0
41959,0
41960,0
41961,0
41962,0
41963,0
41964,0
41965,0
41966,0
41967,0
41968,0
41969,0
41970,0
41971,0
41972,0
41973,0
41974,0
41975,0
41976,0
41977,1
41978,0
41979,0
41980,0
41981,0
41982,0
41983,0
41984,0
41985,0
41986,0
41987,0
41988,0
41989,0
41990,1
41991,0
41992,0
41993,0
41994,0
41995,1
41996,0
41997,0
41998,0
41999,0
42000,0
42001,0
42002,1
42003,0
42004,0
42005,0
42006,0
42007,0
42008,0
42009,0
42010,0
42011,0
42012,0
42013,0
42014,0
42015,0
42016,1
42017,0
42018,0
42019,0
42020,0
42021,1
42022,0
42023,0
42024,0
42025,0
42026,0
42027,1
42028,0
42029,0
42030,0
42031,0
42032,0
42033,0
42034,1
42035,0
42036,0
42037,1
42038,0
42039,0
42040,1
42041,0
42042,0
42043,1
42044,1
42045,0
42046,0
42047,0
42048,0
42049,0
42050,0
42051,0
42052,0
42053,0
42054,0
42055,0
42056,0
42057,0
42058,0
42059,0
42060,0
42061,0
42062,0
42063,1
42064,0
42065,0
42066,0
42067,0
42068,0
42069,0
42070,0
42071,0
42072,0
42073,0
42074,1
42075,0
42076,0
42077,0
42078,1
42079,0
42080,0
42081,0
42082,0
42083,0
42084,0
42085,1
42086,1
42087,0
42088,0
42089,1
42090,0
42091,0
42092,0
42093,1
42094,0
42095,0
42096,0
42097,0
42098,0
42099,0
42100,0
42101,0
42102,0
42103,0
42104,0
42105,0
42106,0
42107,0
42108,0
42109,0
42110,0
42111,0
42112,0
42113,0
42114,0
42115,0
42116,1
42117,0
42118,0
42119,0
42120,1
42121,0
42122,0
42123,0
42124,0
42125,0
42126,0
42127,1
42128,0
42129,0
42130,0
42131,0
42132,0
42133,0
42134,0
42135,0
42136,0
42137,0
42138,0
42139,0
42140,1
42141,0
42142,1
42143,0
42144,0
42145,1
42146,0
42147,0
42148,1
42149,0
42150,0
42151,0
42152,0
42153,0
42154,0
42155,0
42156,1
42157,0
42158,0
42159,0
42160,0
42161,0
42162,0
42163,0
42164,1
42165,0
42166,1
42167,0
42168,0
42169,0
42170,0
42171,0
42172,0
42173,0
42174,0
42175,0
42176,0
42177,0
42178,0
42179,0
42180,0
42181,0
42182,0
42183,0
42184,0
42185,0
42186,0
42187,0
42188,0
42189,0
42190,0
42191,1
42192,0
42193,0
42194,0
42195,0
42196,0
42197,0
42198,0
42199,0
42200,0
42201,0
42202,0
42203,0
42204,0
42205,0
42206,0
42207,0
42208,0
42209,0
42210,0
42211,0
42212,0
42213,0
42214,1
42215,0
42216,0
42217,0
42218,0
42219,0
42220,0
42221,0
42222,0
42223,0
42224,0
42225,0
42226,1
42227,0
42228,0
42229,0
42230,0
42231,0
42232,0
42233,0
42234,0
42235,0
42236,0
42237,0
42238,0
42239,1
42240,0
42241,1
42242,0
42243,0
42244,0
42245,0
42246,0
42247,1
42248,0
42249,0
42250,0
42251,0
42252,0
42253,1
42254,0
42255,0
42256,1
42257,0
42258,0
42259,0
42260,0
42261,0
42262,1
42263,0
42264,0
42265,0
42266,1
42267,1
42268,0
42269,0
42270,0
42271,0
42272,0
42273,0
42274,0
42275,0
42276,0
42277,0
42278,0
42279,0
42280,0
42281,0
42282,0
42283,0
42284,0
42285,0
42286,1
42287,0
42288,0
42289,0
42290,0
42291,0
42292,0
42293,0
42294,0
42295,0
42296,0
42297,0
42298,0
42299,0
42300,0
42301,0
42302,0
42303,0
42304,0
42305,0
42306,0
42307,0
42308,0
42309,0
42310,0
42311,0
42312,0
42313,0
42314,0
42315,0
42316,0
42317,0
42318,0
42319,0
42320,0
42321,1
42322,1
42323,1
42324,0
42325,0
42326,0
42327,0
42328,0
42329,0
42330,0
42331,1
42332,0
42333,1
42334,1
42335,0
42336,0
42337,0
42338,0
42339,0
42340,0
42341,1
42342,0
42343,0
42344,0
42345,0
42346,0
42347,0
42348,0
42349,0
42350,0
42351,0
42352,0
42353,0
42354,0
42355,1
42356,0
42357,1
42358,0
42359,0
42360,1
42361,0
42362,0
42363,0
42364,0
42365,0
42366,0
42367,0
42368,0
42369,1
42370,0
42371,0
42372,0
42373,0
42374,0
42375,0
42376,1
42377,0
42378,0
42379,0
42380,0
42381,0
42382,1
42383,0
42384,0
42385,0
42386,0
42387,0
42388,0
42389,0
42390,0
42391,1
42392,0
42393,0
42394,0
42395,0
42396,0
42397,0
42398,1
42399,0
42400,0
42401,0
42402,0
42403,0
42404,0
42405,0
42406,0
42407,0
42408,0
42409,0
42410,0
42411,0
42412,0
42413,0
42414,0
42415,1
42416,0
42417,0
42418,0
42419,1
42420,0
42421,0
42422,1
42423,0
42424,0
42425,0
42426,0
42427,0
42428,0
42429,1
42430,0
42431,0
42432,0
42433,0
42434,0
42435,0
42436,0
42437,0
42438,1
42439,0
42440,0
42441,0
42442,0
42443,0
42444,0
42445,0
42446,0
42447,0
42448,0
42449,0
42450,0
42451,0
42452,0
42453,0
42454,0
42455,0
42456,0
42457,0
42458,0
42459,0
42460,0
42461,0
42462,0
42463,1
42464,0
42465,0
42466,0
42467,1
42468,1
42469,0
42470,0
42471,0
42472,0
42473,0
42474,0
42475,0
42476,0
42477,0
42478,0
42479,0
42480,0
42481,0
42482,0
42483,0
42484,0
42485,0
42486,0
42487,0
42488,0
42489,0
42490,0
42491,0
42492,0
42493,0
42494,0
42495,1
42496,0
42497,0
42498,0
42499,0
42500,0
42501,0
42502,0
42503,0
42504,0
42505,0
42506,0
42507,0
42508,0
42509,0
42510,1
42511,1
42512,0
42513,0
42514,0
42515,0
42516,1
42517,0
42518,0
42519,0
42520,0
42521,0
42522,0
42523,0
42524,0
42525,0
42526,0
42527,0
42528,0
42529,1
42530,1
42531,0
42532,0
42533,0
42534,0
42535,0
42536,0
42537,0
42538,0
42539,0
42540,0
42541,0
42542,0
42543,0
42544,0
42545,1
42546,0
42547,0
42548,0
42549,0
42550,0
42551,1
42552,0
42553,0
42554,0
42555,0
42556,0
42557,0
42558,0
42559,0
42560,0
42561,1
42562,0
42563,0
42564,0
42565,0
42566,0
42567,0
42568,0
42569,0
42570,0
42571,0
42572,0
42573,0
42574,0
42575,0
42576,0
42577,1
42578,0
42579,0
42580,0
42581,0
42582,0
42583,0
42584,0
42585,1
42586,0
42587,0
42588,0
42589,0
42590,0
42591,0
42592,0
42593,0
42594,0
42595,0
42596,0
42597,0
42598,1
42599,1
42600,1
42601,0
42602,1
42603,0
42604,1
42605,0
42606,1
42607,0
42608,0
42609,0
42610,0
42611,0
42612,0
42613,1
42614,0
42615,1
42616,0
42617,0
42618,0
42619,0
42620,0
42621,0
42622,0
42623,0
42624,0
42625,0
42626,0
42627,0
42628,0
42629,0
42630,0
42631,1
42632,0
42633,1
42634,0
42635,0
42636,0
42637,0
42638,1
42639,0
42640,0
42641,1
42642,0
42643,0
42644,0
42645,0
42646,0
42647,0
42648,0
42649,0
42650,0
42651,0
42652,0
42653,0
42654,0
42655,0
42656,0
42657,0
42658,0
42659,0
42660,0
42661,1
42662,0
42663,0
42664,0
42665,0
42666,0
42667,0
42668,0
42669,0
42670,0
42671,0
42672,0
42673,0
42674,0
42675,1
42676,0
42677,0
42678,0
42679,1
42680,0
42681,0
42682,0
42683,0
42684,0
42685,0
42686,0
42687,0
42688,1
42689,0
42690,0
42691,0
42692,0
42693,0
42694,1
42695,0
42696,0
42697,0
42698,1
42699,0
42700,1
42701,0
42702,0
42703,0
42704,0
42705,0
42706,0
42707,0
42708,1
42709,0
42710,0
42711,0
42712,0
42713,0
42714,0
42715,0
42716,0
42717,0
42718,0
42719,0
42720,1
42721,0
42722,0
42723,0
42724,0
42725,0
42726,0
42727,1
42728,0
42729,0
42730,0
42731,0
42732,0
42733,0
42734,0
42735,0
42736,0
42737,1
42738,1
42739,0
42740,1
42741,0
42742,0
42743,0
42744,1
42745,0
42746,0
42747,0
42748,0
42749,0
42750,0
42751,0
42752,0
42753,0
42754,0
42755,0
42756,1
42757,0
42758,0
42759,0
42760,0
42761,0
42762,0
42763,0
42764,0
42765,1
42766,1
42767,0
42768,0
42769,0
42770,0
42771,0
42772,0
42773,0
42774,0
42775,0
42776,0
42777,1
42778,0
42779,0
42780,0
42781,0
42782,0
42783,0
42784,0
42785,0
42786,0
42787,0
42788,0
42789,0
42790,0
42791,1
42792,1
42793,0
42794,0
42795,1
42796,0
42797,0
42798,0
42799,0
42800,0
42801,1
42802,0
42803,0
42804,0
42805,0
42806,0
42807,0
42808,0
42809,0
42810,0
42811,1
42812,0
42813,1
42814,0
42815,0
42816,0
42817,0
42818,0
42819,0
42820,0
42821,0
42822,0
42823,0
42824,0
42825,0
42826,0
42827,0
42828,0
42829,0
42830,0
42831,0
42832,0
42833,0
42834,1
42835,0
42836,0
42837,0
42838,1
42839,0
42840,0
42841,0
42842,0
42843,0
42844,1
42845,0
42846,0
42847,1
42848,0
42849,0
42850,0
42851,0
42852,0
42853,0
42854,0
42855,0
42856,0
42857,0
42858,1
42859,0
42860,0
42861,0
42862,0
42863,0
42864,1
42865,0
42866,0
42867,0
42868,0
42869,0
42870,0
42871,0
42872,0
42873,0
42874,0
42875,0
42876,0
42877,0
42878,0
42879,0
42880,0
42881,0
42882,0
42883,0
42884,0
42885,0
42886,0
42887,0
42888,0
42889,1
42890,1
42891,0
42892,0
42893,0
42894,1
42895,1
42896,0
42897,0
42898,0
42899,1
42900,0
42901,0
42902,0
42903,0
42904,0
42905,0
42906,0
42907,0
42908,0
42909,0
42910,1
42911,0
42912,1
42913,0
42914,0
42915,1
42916,0
42917,0
42918,0
42919,0
42920,0
42921,0
42922,0
42923,0
42924,0
42925,0
42926,0
42927,0
42928,0
42929,0
42930,0
42931,0
42932,0
42933,1
42934,0
42935,0
42936,0
42937,0
42938,0
42939,0
42940,0
42941,0
42942,0
42943,0
42944,0
42945,0
42946,0
42947,0
42948,1
42949,0
42950,0
42951,0
42952,0
42953,0
42954,0
42955,0
42956,0
42957,0
42958,0
42959,0
42960,0
42961,0
42962,0
42963,0
42964,1
42965,0
42966,0
42967,0
42968,0
42969,0
42970,0
42971,0
42972,0
42973,1
42974,0
42975,0
42976,0
42977,0
42978,0
42979,0
42980,0
42981,0
42982,1
42983,0
42984,0
42985,0
42986,0
42987,0
42988,0
42989,0
42990,0
42991,1
42992,0
42993,0
42994,0
42995,0
42996,0
42997,0
42998,0
42999,0
43000,0
43001,0
43002,0
43003,0
43004,0
43005,0
43006,0
43007,0
43008,0
43009,0
43010,0
43011,0
43012,0
43013,0
43014,0
43015,0
43016,0
43017,0
43018,0
43019,0
43020,0
43021,1
43022,1
43023,1
43024,0
43025,0
43026,0
43027,0
43028,0
43029,0
43030,0
43031,0
43032,0
43033,0
43034,0
43035,0
43036,0
43037,0
43038,0
43039,0
43040,0
43041,0
43042,0
43043,0
43044,0
43045,1
43046,0
43047,0
43048,0
43049,0
43050,0
43051,0
43052,0
43053,0
43054,0
43055,0
43056,1
43057,0
43058,0
43059,0
43060,0
43061,0
43062,0
43063,0
43064,0
43065,1
43066,0
43067,0
43068,0
43069,0
43070,0
43071,0
43072,0
43073,0
43074,0
43075,0
43076,0
43077,0
43078,0
43079,1
43080,0
43081,0
43082,0
43083,1
43084,0
43085,0
43086,0
43087,0
43088,0
43089,0
43090,0
43091,0
43092,0
43093,0
43094,0
43095,0
43096,0
43097,1
43098,0
43099,0
43100,0
43101,0
43102,0
43103,0
43104,0
43105,0
43106,0
43107,0
43108,0
43109,0
43110,0
43111,0
43112,0
43113,0
43114,0
43115,0
43116,0
43117,0
43118,0
43119,0
43120,0
43121,0
43122,1
43123,0
43124,0
43125,1
43126,1
43127,1
43128,0
43129,0
43130,0
43131,0
43132,0
43133,0
43134,0
43135,0
43136,0
43137,0
43138,0
43139,0
43140,0
43141,0
43142,0
43143,0
43144,0
43145,1
43146,1
43147,0
43148,0
43149,0
43150,0
43151,0
43152,0
43153,0
43154,0
43155,0
43156,0
43157,0
43158,0
43159,0
43160,0
43161,1
43162,1
43163,0
43164,0
43165,0
43166,0
43167,0
43168,0
43169,0
43170,0
43171,0
43172,0
43173,0
43174,0
43175,0
43176,0
43177,0
43178,0
43179,0
43180,0
43181,0
43182,0
43183,0
43184,0
43185,0
43186,0
43187,0
43188,0
43189,0
43190,0
43191,0
43192,0
43193,0
43194,0
43195,0
43196,0
43197,0
43198,0
43199,0
43200,0
43201,0
43202,0
43203,1
43204,0
43205,0
43206,0
43207,1
43208,0
43209,1
43210,0
43211,0
43212,0
43213,0
43214,0
43215,0
43216,0
43217,0
43218,0
43219,0
43220,0
43221,0
43222,1
43223,0
43224,0
43225,0
43226,0
43227,0
43228,0
43229,0
43230,0
43231,1
43232,0
43233,0
43234,0
43235,0
43236,0
43237,0
43238,0
43239,1
43240,0
43241,0
43242,0
43243,0
43244,1
43245,0
43246,0
43247,0
43248,1
43249,0
43250,0
43251,0
43252,0
43253,0
43254,0
43255,0
43256,0
43257,0
43258,0
43259,0
43260,0
43261,0
43262,0
43263,0
43264,0
43265,0
43266,0
43267,0
43268,0
43269,0
43270,1
43271,0
43272,0
43273,0
43274,0
43275,0
43276,0
43277,0
43278,1
43279,0
43280,0
43281,0
43282,0
43283,0
43284,0
43285,0
43286,0
43287,0
43288,0
43289,0
43290,0
43291,0
43292,0
43293,0
43294,0
43295,0
43296,0
43297,0
43298,0
43299,0
43300,0
43301,0
43302,0
43303,0
43304,0
43305,0
43306,0
43307,1
43308,0
43309,0
43310,0
43311,0
43312,0
43313,0
43314,0
43315,1
43316,0
43317,0
43318,0
43319,0
43320,0
43321,0
43322,0
43323,0
43324,0
43325,1
43326,0
43327,0
43328,0
43329,0
43330,0
43331,0
43332,0
43333,0
43334,0
43335,1
43336,0
43337,1
43338,0
43339,1
43340,0
43341,1
43342,0
43343,0
43344,1
43345,0
43346,0
43347,1
43348,0
43349,1
43350,0
43351,0
43352,0
43353,0
43354,1
43355,1
43356,0
43357,0
43358,0
43359,0
43360,0
43361,0
43362,0
43363,0
43364,0
43365,0
43366,0
43367,0
43368,0
43369,1
43370,0
43371,0
43372,0
43373,0
43374,1
43375,0
43376,0
43377,0
43378,0
43379,0
43380,0
43381,1
43382,0
43383,0
43384,0
43385,0
43386,0
43387,0
43388,0
43389,0
43390,0
43391,1
43392,1
43393,0
43394,0
43395,0
43396,0
43397,0
43398,0
43399,0
43400,0
43401,0
43402,1
43403,0
43404,0
43405,0
43406,0
43407,1
43408,0
43409,1
43410,0
43411,0
43412,0
43413,0
43414,1
43415,0
43416,1
43417,0
43418,0
43419,1
43420,0
43421,0
43422,0
43423,1
43424,0
43425,0
43426,0
43427,0
43428,0
43429,1
43430,0
43431,1
43432,0
43433,0
43434,0
43435,0
43436,0
43437,0
43438,0
43439,0
43440,0
43441,1
43442,1
43443,0
43444,0
43445,0
43446,0
43447,0
43448,0
43449,0
43450,0
43451,0
43452,0
43453,0
43454,1
43455,0
43456,0
43457,0
43458,0
43459,0
43460,1
43461,0
43462,0
43463,0
43464,0
43465,0
43466,1
43467,0
43468,0
43469,0
43470,0
43471,1
43472,0
43473,0
43474,0
43475,0
43476,0
43477,0
43478,0
43479,0
43480,0
43481,0
43482,0
43483,0
43484,0
43485,0
43486,0
43487,0
43488,0
43489,0
43490,0
43491,0
43492,0
43493,0
43494,0
43495,0
43496,0
43497,0
43498,0
43499,0
43500,0
43501,0
43502,0
43503,0
43504,1
43505,0
43506,0
43507,0
43508,1
43509,0
43510,0
43511,0
43512,0
43513,0
43514,0
43515,0
43516,0
43517,0
43518,1
43519,0
43520,0
43521,0
43522,1
43523,0
43524,1
43525,0
43526,0
43527,0
43528,0
43529,0
43530,0
43531,0
43532,0
43533,0
43534,0
43535,0
43536,0
43537,0
43538,1
43539,0
43540,0
43541,0
43542,0
43543,0
43544,0
43545,0
43546,0
43547,1
43548,0
43549,0
43550,1
43551,0
43552,0
43553,0
43554,0
43555,0
43556,0
43557,0
43558,0
43559,0
43560,0
43561,0
43562,0
43563,0
43564,0
43565,0
43566,0
43567,0
43568,0
43569,0
43570,0
43571,0
43572,0
43573,0
43574,0
43575,0
43576,0
43577,0
43578,1
43579,0
43580,0
43581,0
43582,0
43583,0
43584,0
43585,0
43586,0
43587,0
43588,0
43589,1
43590,0
43591,0
43592,0
43593,0
43594,0
43595,0
43596,0
43597,0
43598,0
43599,0
43600,0
43601,0
43602,0
43603,1
43604,1
43605,0
43606,0
43607,0
43608,0
43609,0
43610,1
43611,1
43612,0
43613,0
43614,0
43615,0
43616,0
43617,0
43618,0
43619,0
43620,0
43621,0
43622,0
43623,0
43624,0
43625,0
43626,0
43627,0
43628,1
43629,0
43630,0
43631,0
43632,1
43633,0
43634,0
43635,0
43636,0
43637,1
43638,1
43639,0
43640,0
43641,0
43642,0
43643,0
43644,0
43645,0
43646,0
43647,0
43648,1
43649,0
43650,0
43651,0
43652,0
43653,0
43654,0
43655,0
43656,1
43657,0
43658,0
43659,0
43660,0
43661,0
43662,0
43663,0
43664,0
43665,0
43666,0
43667,0
43668,1
43669,0
43670,0
43671,0
43672,0
43673,0
43674,0
43675,0
43676,0
43677,0
43678,0
43679,1
43680,0
43681,0
43682,0
43683,1
43684,0
43685,0
43686,0
43687,0
43688,0
43689,0
43690,0
43691,0
43692,1
43693,0
43694,0
43695,0
43696,0
43697,0
43698,0
43699,0
43700,0
43701,0
43702,0
43703,0
43704,1
43705,0
43706,0
43707,0
43708,1
43709,0
43710,0
43711,0
43712,0
43713,0
43714,0
43715,0
43716,0
43717,0
43718,0
43719,0
43720,0
43721,0
43722,0
43723,0
43724,0
43725,0
43726,0
43727,0
43728,0
43729,0
43730,0
43731,0
43732,0
43733,0
43734,0
43735,0
43736,0
43737,0
43738,0
43739,1
43740,1
43741,0
43742,1
43743,0
43744,0
43745,1
43746,0
43747,0
43748,0
43749,0
43750,0
43751,1
43752,0
43753,0
43754,1
43755,0
43756,0
43757,0
43758,1
43759,0
43760,0
43761,0
43762,0
43763,0
43764,1
43765,0
43766,0
43767,1
43768,0
43769,0
43770,0
43771,0
43772,0
43773,0
43774,0
43775,0
43776,0
43777,0
43778,0
43779,0
43780,0
43781,0
43782,0
43783,0
43784,0
43785,0
43786,0
43787,0
43788,0
43789,0
43790,0
43791,0
43792,0
43793,0
43794,0
43795,0
43796,0
43797,0
43798,1
43799,1
43800,0
43801,0
43802,0
43803,0
43804,0
43805,0
43806,0
43807,0
43808,0
43809,0
43810,0
43811,0
43812,0
43813,0
43814,1
43815,0
43816,1
43817,0
43818,0
43819,0
43820,0
43821,0
43822,0
43823,0
43824,0
43825,0
43826,0
43827,0
43828,0
43829,0
43830,0
43831,0
43832,0
43833,0
43834,1
43835,1
43836,0
43837,0
43838,0
43839,0
43840,0
43841,0
43842,0
43843,0
43844,0
43845,0
43846,0
43847,0
43848,0
43849,0
43850,1
43851,0
43852,1
43853,0
43854,0
43855,0
43856,0
43857,0
43858,0
43859,0
43860,0
43861,0
43862,0
43863,0
43864,0
43865,0
43866,0
43867,0
43868,0
43869,0
43870,0
43871,0
43872,0
43873,0
43874,0
43875,0
43876,0
43877,0
43878,0
43879,0
43880,0
43881,0
43882,0
43883,0
43884,0
43885,0
43886,0
43887,1
43888,0
43889,0
43890,1
43891,1
43892,0
43893,0
43894,1
43895,0
43896,0
43897,0
43898,0
43899,0
43900,0
43901,0
43902,0
43903,0
43904,0
43905,0
43906,0
43907,0
43908,0
43909,0
43910,0
43911,1
43912,1
43913,0
43914,0
43915,0
43916,0
43917,1
43918,0
43919,0
43920,0
43921,1
43922,0
43923,0
43924,0
43925,0
43926,1
43927,0
43928,0
43929,0
43930,0
43931,0
43932,0
43933,0
43934,0
43935,0
43936,0
43937,0
43938,0
43939,0
43940,0
43941,0
43942,0
43943,0
43944,1
43945,0
43946,0
43947,0
43948,0
43949,0
43950,0
43951,0
43952,0
43953,0
43954,0
43955,0
43956,0
43957,0
43958,0
43959,0
43960,0
43961,0
43962,0
43963,0
43964,1
43965,1
43966,1
43967,0
43968,0
43969,0
43970,0
43971,0
43972,0
43973,0
43974,0
43975,0
43976,0
43977,0
43978,0
43979,0
43980,0
43981,0
43982,0
43983,0
43984,0
43985,0
43986,0
43987,0
43988,0
43989,0
43990,0
43991,0
43992,0
43993,0
43994,0
43995,0
43996,0
43997,1
43998,0
43999,0
44000,0
44001,0
44002,0
44003,0
44004,0
44005,0
44006,0
44007,0
44008,0
44009,0
44010,0
44011,0
44012,0
44013,1
44014,0
44015,0
44016,0
44017,0
44018,0
44019,1
44020,0
44021,0
44022,0
44023,0
44024,0
44025,0
44026,1
44027,0
44028,1
44029,1
44030,0
44031,0
44032,0
44033,0
44034,0
44035,1
44036,0
44037,0
44038,0
44039,1
44040,1
44041,0
44042,0
44043,0
44044,0
44045,0
44046,0
44047,0
44048,0
44049,0
44050,0
44051,0
44052,0
44053,1
44054,0
44055,0
44056,0
44057,0
44058,0
44059,0
44060,1
44061,0
44062,0
44063,0
44064,0
44065,0
44066,0
44067,1
44068,0
44069,0
44070,0
44071,0
44072,0
44073,0
44074,0
44075,0
44076,0
44077,0
44078,0
44079,0
44080,0
44081,0
44082,1
44083,0
44084,1
44085,0
44086,0
44087,0
44088,0
44089,0
44090,0
44091,1
44092,1
44093,0
44094,0
44095,0
44096,0
44097,0
44098,0
44099,0
44100,0
44101,0
44102,0
44103,1
44104,0
44105,0
44106,0
44107,0
44108,0
44109,0
44110,0
44111,0
44112,1
44113,1
44114,0
44115,0
44116,0
44117,1
44118,0
44119,0
44120,0
44121,0
44122,0
44123,0
44124,0
44125,0
44126,1
44127,0
44128,0
44129,1
44130,0
44131,0
44132,0
44133,0
44134,0
44135,0
44136,0
44137,1
44138,1
44139,0
44140,0
44141,0
44142,1
44143,0
44144,0
44145,0
44146,0
44147,0
44148,0
44149,0
44150,1
44151,0
44152,0
44153,0
44154,0
44155,0
44156,1
44157,0
44158,0
44159,1
44160,0
44161,0
44162,0
44163,0
44164,0
44165,0
44166,0
44167,0
44168,0
44169,0
44170,0
44171,0
44172,0
44173,0
44174,0
44175,0
44176,0
44177,0
44178,0
44179,0
44180,0
44181,0
44182,0
44183,0
44184,0
44185,0
44186,1
44187,0
44188,0
44189,0
44190,0
44191,0
44192,0
44193,0
44194,0
44195,0
44196,0
44197,0
44198,0
44199,0
44200,0
44201,0
44202,0
44203,1
44204,0
44205,0
44206,0
44207,0
44208,0
44209,0
44210,0
44211,0
44212,0
44213,1
44214,0
44215,0
44216,0
44217,0
44218,0
44219,0
44220,0
44221,0
44222,0
44223,0
44224,0
44225,1
44226,0
44227,0
44228,0
44229,0
44230,0
44231,0
44232,0
44233,0
44234,1
44235,0
44236,0
44237,0
44238,0
44239,1
44240,1
44241,0
44242,1
44243,0
44244,0
44245,0
44246,0
44247,1
44248,0
44249,0
44250,0
44251,1
44252,0
44253,1
44254,0
44255,0
44256,0
44257,0
44258,0
44259,0
44260,0
44261,0
44262,1
44263,0
44264,0
44265,0
44266,0
44267,0
44268,0
44269,0
44270,0
44271,0
44272,0
44273,0
44274,0
44275,0
44276,0
44277,0
44278,0
44279,1
44280,0
44281,0
44282,0
44283,1
44284,0
44285,0
44286,0
44287,1
44288,0
44289,0
44290,0
44291,0
44292,1
44293,0
44294,0
44295,0
44296,1
44297,0
44298,0
44299,0
44300,0
44301,0
44302,0
44303,0
44304,0
44305,0
44306,0
44307,0
44308,0
44309,0
44310,0
44311,0
44312,0
44313,0
44314,0
44315,0
44316,0
44317,0
44318,0
44319,0
44320,0
44321,0
44322,0
44323,0
44324,0
44325,0
44326,0
44327,0
44328,0
44329,0
44330,0
44331,0
44332,0
44333,0
44334,0
44335,0
44336,0
44337,0
44338,1
44339,0
44340,0
44341,0
44342,0
44343,0
44344,1
44345,0
44346,0
44347,0
44348,0
44349,0
44350,0
44351,0
44352,1
44353,0
44354,0
44355,0
44356,0
44357,1
44358,1
44359,0
44360,0
44361,0
44362,0
44363,0
44364,0
44365,0
44366,0
44367,0
44368,0
44369,0
44370,0
44371,0
44372,0
44373,0
44374,0
44375,0
44376,0
44377,0
44378,0
44379,0
44380,0
44381,0
44382,0
44383,0
44384,0
44385,0
44386,0
44387,0
44388,0
44389,0
44390,1
44391,0
44392,1
44393,0
44394,0
44395,0
44396,0
44397,0
44398,1
44399,0
44400,0
44401,0
44402,1
44403,0
44404,0
44405,0
44406,0
44407,1
44408,0
44409,0
44410,0
44411,0
44412,0
44413,0
44414,0
44415,0
44416,0
44417,0
44418,0
44419,0
44420,0
44421,1
44422,0
44423,0
44424,0
44425,0
44426,0
44427,0
44428,0
44429,0
44430,0
44431,0
44432,0
44433,0
44434,0
44435,0
44436,0
44437,0
44438,0
44439,0
44440,0
44441,0
44442,0
44443,0
44444,0
44445,1
44446,0
44447,0
44448,0
44449,0
44450,0
44451,0
44452,0
44453,0
44454,0
44455,0
44456,0
44457,0
44458,0
44459,0
44460,0
44461,0
44462,0
44463,0
44464,0
44465,0
44466,0
44467,0
44468,0
44469,0
44470,0
44471,0
44472,0
44473,0
44474,0
44475,0
44476,0
44477,0
44478,0
44479,0
44480,0
44481,1
44482,0
44483,0
44484,0
44485,0
44486,0
44487,0
44488,0
44489,1
44490,0
44491,1
44492,0
44493,0
44494,0
44495,0
44496,0
44497,0
44498,0
44499,0
44500,0
44501,0
44502,0
44503,0
44504,0
44505,1
44506,0
44507,0
44508,0
44509,0
44510,0
44511,0
44512,0
44513,1
44514,0
44515,0
44516,0
44517,1
44518,0
44519,0
44520,1
44521,0
44522,0
44523,0
44524,0
44525,0
44526,0
44527,0
44528,0
44529,1
44530,1
44531,0
44532,0
44533,0
44534,0
44535,0
44536,0
44537,0
44538,0
44539,0
44540,0
44541,1
44542,0
44543,0
44544,0
44545,0
44546,1
44547,0
44548,0
44549,0
44550,0
44551,1
44552,0
44553,0
44554,0
44555,0
44556,0
44557,0
44558,0
44559,0
44560,1
44561,0
44562,0
44563,0
44564,0
44565,0
44566,0
44567,0
44568,0
44569,0
44570,0
44571,0
44572,0
44573,0
44574,0
44575,0
44576,0
44577,0
44578,0
44579,0
44580,0
44581,1
44582,0
44583,0
44584,0
44585,0
44586,0
44587,0
44588,1
44589,0
44590,0
44591,0
44592,0
44593,0
44594,0
44595,0
44596,1
44597,0
44598,0
44599,0
44600,0
44601,0
44602,0
44603,0
44604,0
44605,0
44606,0
44607,0
44608,0
44609,0
44610,0
44611,0
44612,0
44613,0
44614,0
44615,0
44616,0
44617,0
44618,0
44619,0
44620,0
44621,0
44622,0
44623,0
44624,0
44625,0
44626,0
44627,0
44628,0
44629,0
44630,0
44631,0
44632,0
44633,0
44634,0
44635,0
44636,0
44637,0
44638,0
44639,0
44640,0
44641,0
44642,0
44643,0
44644,0
44645,0
44646,0
44647,0
44648,1
44649,0
44650,0
44651,0
44652,0
44653,0
44654,0
44655,1
44656,1
44657,0
44658,0
44659,0
44660,0
44661,0
44662,0
44663,0
44664,0
44665,0
44666,0
44667,0
44668,0
44669,0
44670,0
44671,0
44672,0
44673,0
44674,0
44675,0
44676,0
44677,0
44678,0
44679,0
44680,1
44681,0
44682,0
44683,1
44684,0
44685,0
44686,0
44687,0
44688,0
44689,1
44690,0
44691,0
44692,0
44693,0
44694,0
44695,0
44696,0
44697,0
44698,0
44699,0
44700,0
44701,0
44702,0
44703,0
44704,1
44705,1
44706,0
44707,0
44708,1
44709,0
44710,0
44711,0
44712,0
44713,0
44714,0
44715,0
44716,0
44717,0
44718,1
44719,0
44720,0
44721,0
44722,0
44723,1
44724,0
44725,1
44726,1
44727,0
44728,0
44729,0
44730,0
44731,0
44732,0
44733,0
44734,0
44735,0
44736,0
44737,0
44738,1
44739,0
44740,0
44741,0
44742,0
44743,0
44744,0
44745,1
44746,0
44747,0
44748,0
44749,0
44750,0
44751,0
44752,0
44753,0
44754,0
44755,0
44756,1
44757,0
44758,1
44759,0
44760,1
44761,0
44762,0
44763,0
44764,1
44765,0
44766,0
44767,0
44768,0
44769,0
44770,0
44771,0
44772,0
44773,0
44774,0
44775,0
44776,0
44777,0
44778,0
44779,0
44780,0
44781,0
44782,0
44783,0
44784,1
44785,0
44786,0
44787,0
44788,1
44789,0
44790,0
44791,0
44792,0
44793,0
44794,0
44795,0
44796,0
44797,0
44798,0
44799,1
44800,0
44801,0
44802,0
44803,1
44804,1
44805,1
44806,0
44807,0
44808,0
44809,0
44810,0
44811,0
44812,0
44813,0
44814,0
44815,1
44816,0
44817,0
44818,0
44819,0
44820,0
44821,0
44822,0
44823,0
44824,0
44825,0
44826,0
44827,0
44828,0
44829,0
44830,0
44831,0
44832,0
44833,1
44834,0
44835,0
44836,0
44837,0
44838,1
44839,0
44840,0
44841,0
44842,0
44843,0
44844,0
44845,0
44846,0
44847,0
44848,0
44849,0
44850,0
44851,0
44852,1
44853,1
44854,0
44855,0
44856,0
44857,0
44858,0
44859,0
44860,0
44861,0
44862,0
44863,0
44864,0
44865,0
44866,0
44867,0
44868,0
44869,0
44870,0
44871,0
44872,0
44873,0
44874,0
44875,0
44876,0
44877,0
44878,0
44879,0
44880,0
44881,0
44882,0
44883,1
44884,0
44885,0
44886,0
44887,0
44888,1
44889,0
44890,0
44891,0
44892,0
44893,0
44894,1
44895,0
44896,0
44897,0
44898,0
44899,0
44900,0
44901,0
44902,0
44903,1
44904,0
44905,0
44906,0
44907,0
44908,0
44909,0
44910,0
44911,0
44912,0
44913,0
44914,0
44915,0
44916,0
44917,0
44918,0
44919,0
44920,0
44921,0
44922,1
44923,0
44924,0
44925,1
44926,0
44927,0
44928,1
44929,1
44930,0
44931,0
44932,0
44933,0
44934,0
44935,0
44936,1
44937,1
44938,0
44939,0
44940,0
44941,0
44942,0
44943,0
44944,0
44945,0
44946,1
44947,0
44948,0
44949,0
44950,1
44951,0
44952,0
44953,0
44954,0
44955,0
44956,0
44957,0
44958,0
44959,0
44960,0
44961,0
44962,0
44963,0
44964,0
44965,0
44966,0
44967,0
44968,0
44969,0
44970,0
44971,0
44972,0
44973,1
44974,1
44975,0
44976,0
44977,0
44978,0
44979,0
44980,0
44981,0
44982,0
44983,1
44984,0
44985,0
44986,0
44987,0
44988,0
44989,0
44990,0
44991,0
44992,0
44993,0
44994,0
44995,1
44996,0
44997,0
44998,1
44999,0
45000,0
45001,0
45002,0
45003,0
45004,0
45005,1
45006,0
45007,1
45008,0
45009,0
45010,0
45011,0
45012,0
45013,1
45014,0
45015,0
45016,0
45017,0
45018,1
45019,0
45020,0
45021,0
45022,0
45023,0
45024,0
45025,0
45026,0
45027,1
45028,0
45029,1
45030,0
45031,1
45032,0
45033,0
45034,0
45035,0
45036,0
45037,0
45038,1
45039,0
45040,0
45041,0
45042,0
45043,0
45044,0
45045,0
45046,0
45047,0
45048,0
45049,1
45050,0
45051,0
45052,0
45053,0
45054,0
45055,0
45056,0
45057,0
45058,0
45059,0
45060,0
45061,0
45062,0
45063,1
45064,0
45065,0
45066,1
45067,0
45068,0
45069,0
45070,0
45071,0
45072,0
45073,0
45074,0
45075,0
45076,0
45077,0
45078,0
45079,0
45080,0
45081,0
45082,0
45083,1
45084,1
45085,0
45086,0
45087,0
45088,1
45089,1
45090,0
45091,1
45092,0
45093,0
45094,0
45095,1
45096,0
45097,1
45098,0
45099,0
45100,0
45101,0
45102,0
45103,0
45104,0
45105,0
45106,0
45107,0
45108,0
45109,1
45110,0
45111,0
45112,0
45113,0
45114,0
45115,0
45116,0
45117,0
45118,0
45119,0
45120,0
45121,0
45122,0
45123,1
45124,0
45125,0
45126,0
45127,0
45128,0
45129,0
45130,0
45131,0
45132,0
45133,0
45134,0
45135,1
45136,0
45137,0
45138,0
45139,0
45140,0
45141,0
45142,0
45143,0
45144,0
45145,0
45146,1
45147,0
45148,0
45149,0
45150,0
45151,1
45152,1
45153,0
45154,1
45155,0
45156,0
45157,0
45158,0
45159,0
45160,0
45161,0
45162,0
45163,0
45164,0
45165,0
45166,0
45167,0
45168,0
45169,0
45170,0
45171,0
45172,0
45173,0
45174,0
45175,0
45176,0
45177,0
45178,0
45179,0
45180,0
45181,0
45182,0
45183,0
45184,0
45185,0
45186,1
45187,0
45188,1
45189,0
45190,0
45191,0
45192,0
45193,0
45194,0
45195,1
45196,0
45197,1
45198,0
45199,1
45200,0
45201,1
45202,0
45203,0
45204,0
45205,0
45206,1
45207,1
45208,0
45209,1
45210,0
45211,0
45212,0
45213,0
45214,0
45215,0
45216,0
45217,1
45218,0
45219,0
45220,0
45221,0
45222,0
45223,0
45224,0
45225,1
45226,1
45227,0
45228,0
45229,0
45230,0
45231,1
45232,0
45233,1
45234,0
45235,1
45236,0
45237,0
45238,0
45239,0
45240,0
45241,0
45242,0
45243,0
45244,0
45245,0
45246,0
45247,1
45248,0
45249,0
45250,0
45251,0
45252,0
45253,0
45254,0
45255,0
45256,0
45257,0
45258,0
45259,0
45260,0
45261,0
45262,0
45263,0
45264,0
45265,0
45266,0
45267,1
45268,0
45269,0
45270,0
45271,0
45272,0
45273,0
45274,1
45275,1
45276,1
45277,0
45278,0
45279,0
45280,1
45281,0
45282,0
45283,0
45284,0
45285,0
45286,0
45287,1
45288,0
45289,0
45290,0
45291,0
45292,1
45293,0
45294,0
45295,0
45296,0
45297,0
45298,0
45299,0
45300,0
45301,1
45302,0
45303,0
45304,0
45305,0
45306,0
45307,0
45308,0
45309,0
45310,0
45311,0
45312,0
45313,0
45314,0
45315,0
45316,0
45317,0
45318,0
45319,0
45320,0
45321,0
45322,0
45323,0
45324,0
45325,0
45326,1
45327,0
45328,0
45329,0
45330,1
45331,0
45332,0
45333,0
45334,0
45335,0
45336,1
45337,0
45338,1
45339,0
45340,0
45341,0
45342,0
45343,0
45344,0
45345,0
45346,0
45347,0
45348,0
45349,1
45350,0
45351,0
45352,1
45353,0
45354,0
45355,0
45356,0
45357,0
45358,0
45359,0
45360,0
45361,1
45362,0
45363,0
45364,0
45365,0
45366,0
45367,0
45368,0
45369,1
45370,0
45371,0
45372,0
45373,0
45374,0
45375,0
45376,0
45377,0
45378,0
45379,0
45380,1
45381,0
45382,1
45383,1
45384,0
45385,0
45386,0
45387,0
45388,1
45389,0
45390,0
45391,0
45392,0
45393,0
45394,0
45395,0
45396,0
45397,0
45398,0
45399,0
45400,1
45401,1
45402,0
45403,0
45404,0
45405,0
45406,0
45407,1
45408,0
45409,0
45410,0
45411,0
45412,0
45413,0
45414,0
45415,0
45416,0
45417,0
45418,1
45419,0
45420,0
45421,0
45422,0
45423,1
45424,0
45425,0
45426,0
45427,0
45428,0
45429,0
45430,0
45431,0
45432,0
45433,0
45434,0
45435,0
45436,0
45437,0
45438,0
45439,0
45440,0
45441,0
45442,0
45443,1
45444,1
45445,0
45446,0
45447,0
45448,0
45449,0
45450,0
45451,0
45452,0
45453,0
45454,0
45455,0
45456,1
45457,0
45458,1
45459,0
45460,0
45461,0
45462,0
45463,0
45464,0
45465,0
45466,1
45467,0
45468,0
45469,0
45470,0
45471,0
45472,0
45473,0
45474,0
45475,0
45476,0
45477,0
45478,0
45479,0
45480,0
45481,0
45482,0
45483,0
45484,1
45485,0
45486,0
45487,0
45488,0
45489,0
45490,1
45491,0
45492,1
45493,0
45494,1
45495,0
45496,1
45497,0
45498,0
45499,0
45500,0
45501,0
45502,1
45503,0
45504,0
45505,0
45506,0
45507,0
45508,0
45509,0
45510,0
45511,0
45512,0
45513,0
45514,0
45515,0
45516,0
45517,0
45518,0
45519,0
45520,1
45521,0
45522,1
45523,0
45524,0
45525,0
45526,0
45527,0
45528,0
45529,0
45530,1
45531,0
45532,0
45533,0
45534,0
45535,0
45536,1
45537,0
45538,1
45539,0
45540,0
45541,0
45542,1
45543,0
45544,0
45545,0
45546,0
45547,0
45548,0
45549,1
45550,0
45551,0
45552,0
45553,0
45554,0
45555,0
45556,1
45557,0
45558,0
45559,1
45560,0
45561,0
45562,0
45563,0
45564,0
45565,0
45566,0
45567,0
45568,0
45569,0
45570,1
45571,0
45572,0
45573,0
45574,0
45575,0
45576,0
45577,0
45578,0
45579,0
45580,0
45581,0
45582,0
45583,0
45584,0
45585,0
45586,0
45587,1
45588,0
45589,0
45590,0
45591,0
45592,0
45593,0
45594,0
45595,0
45596,0
45597,0
45598,0
45599,0
45600,0
45601,0
45602,0
45603,0
45604,1
45605,0
45606,0
45607,0
45608,0
45609,0
45610,0
45611,0
45612,1
45613,0
45614,0
45615,1
45616,0
45617,0
45618,0
45619,0
45620,1
45621,0
45622,1
45623,0
45624,0
45625,0
45626,0
45627,0
45628,0
45629,0
45630,0
45631,0
45632,0
45633,0
45634,1
45635,0
45636,0
45637,0
45638,0
45639,0
45640,0
45641,0
45642,0
45643,0
45644,0
45645,0
45646,0
45647,0
45648,0
45649,0
45650,1
45651,0
45652,0
45653,0
45654,0
45655,0
45656,0
45657,0
45658,0
45659,0
45660,0
45661,0
45662,0
45663,0
45664,0
45665,0
45666,1
45667,0
45668,0
45669,1
45670,1
45671,0
45672,0
45673,0
45674,0
45675,0
45676,0
45677,0
45678,0
45679,0
45680,0
45681,0
45682,0
45683,0
45684,0
45685,0
45686,0
45687,0
45688,1
45689,0
45690,1
45691,0
45692,0
45693,0
45694,0
45695,0
45696,0
45697,1
45698,0
45699,0
45700,0
45701,0
45702,0
45703,0
45704,0
45705,0
45706,0
45707,0
45708,0
45709,0
45710,0
45711,0
45712,0
45713,0
45714,0
45715,0
45716,0
45717,0
45718,0
45719,0
45720,0
45721,0
45722,0
45723,0
45724,0
45725,1
45726,0
45727,0
45728,0
45729,0
45730,0
45731,0
45732,0
45733,0
45734,0
45735,0
45736,0
45737,0
45738,0
45739,0
45740,0
45741,0
45742,0
45743,0
45744,0
45745,0
45746,0
45747,0
45748,0
45749,0
45750,0
45751,0
45752,0
45753,0
45754,0
45755,0
45756,1
45757,0
45758,1
45759,0
45760,0
45761,0
45762,0
45763,0
45764,0
45765,1
45766,0
45767,0
45768,0
45769,1
45770,0
45771,0
45772,0
45773,0
45774,0
45775,0
45776,0
45777,0
45778,0
45779,0
45780,1
45781,1
45782,0
45783,0
45784,0
45785,0
45786,0
45787,0
45788,0
45789,0
45790,0
45791,1
45792,1
45793,0
45794,0
45795,0
45796,0
45797,0
45798,1
45799,0
45800,0
45801,0
45802,0
45803,0
45804,0
45805,0
45806,0
45807,0
45808,1
45809,0
45810,0
45811,0
45812,0
45813,0
45814,0
45815,0
45816,0
45817,1
45818,0
45819,0
45820,0
45821,1
45822,0
45823,0
45824,0
45825,0
45826,0
45827,0
45828,1
45829,0
45830,0
45831,0
45832,0
45833,0
45834,0
45835,0
45836,0
45837,0
45838,0
45839,0
45840,0
45841,0
45842,1
45843,1
45844,0
45845,0
45846,0
45847,0
45848,0
45849,0
45850,1
45851,0
45852,0
45853,0
45854,0
45855,0
45856,0
45857,0
45858,0
45859,0
45860,1
45861,0
45862,0
45863,0
45864,0
45865,0
45866,1
45867,0
45868,1
45869,0
45870,0
45871,0
45872,0
45873,0
45874,0
45875,0
45876,0
45877,0
45878,1
45879,0
45880,0
45881,0
45882,0
45883,1
45884,0
45885,0
45886,0
45887,0
45888,0
45889,0
45890,0
45891,0
45892,1
45893,0
45894,0
45895,1
45896,0
45897,0
45898,0
45899,0
45900,0
45901,0
45902,0
45903,0
45904,0
45905,0
45906,0
45907,0
45908,0
45909,1
45910,0
45911,0
45912,0
45913,0
45914,0
45915,0
45916,0
45917,0
45918,0
45919,0
45920,0
45921,0
45922,0
45923,1
45924,0
45925,0
45926,0
45927,1
45928,0
45929,0
45930,0
45931,0
45932,1
45933,0
45934,0
45935,0
45936,0
45937,0
45938,1
45939,0
45940,0
45941,0
45942,0
45943,0
45944,0
45945,0
45946,0
45947,0
45948,0
45949,0
45950,0
45951,0
45952,0
45953,0
45954,0
45955,1
45956,0
45957,0
45958,0
45959,0
45960,1
45961,0
45962,0
45963,0
45964,0
45965,0
45966,0
45967,0
45968,0
45969,0
45970,0
45971,0
45972,0
45973,1
45974,0
45975,0
45976,0
45977,0
45978,0
45979,0
45980,0
45981,0
45982,0
45983,1
45984,0
45985,0
45986,1
45987,0
45988,0
45989,0
45990,0
45991,0
45992,0
45993,0
45994,0
45995,0
45996,0
45997,0
45998,0
45999,0
46000,0
46001,0
46002,0
46003,0
46004,0
46005,1
46006,0
46007,1
46008,0
46009,0
46010,0
46011,0
46012,1
46013,0
46014,0
46015,0
46016,0
46017,0
46018,0
46019,0
46020,0
46021,0
46022,0
46023,1
46024,0
46025,0
46026,0
46027,0
46028,0
46029,0
46030,1
46031,0
46032,0
46033,0
46034,0
46035,0
46036,0
46037,0
46038,0
46039,0
46040,0
46041,0
46042,0
46043,0
46044,0
46045,0
46046,0
46047,0
46048,0
46049,0
46050,0
46051,0
46052,0
46053,0
46054,0
46055,0
46056,1
46057,0
46058,0
46059,0
46060,0
46061,0
46062,0
46063,1
46064,1
46065,1
46066,0
46067,0
46068,0
46069,1
46070,0
46071,0
46072,0
46073,0
46074,0
46075,0
46076,0
46077,0
46078,0
46079,0
46080,0
46081,0
46082,1
46083,0
46084,0
46085,0
46086,0
46087,0
46088,0
46089,0
46090,0
46091,0
46092,0
46093,0
46094,0
46095,0
46096,0
46097,0
46098,0
46099,0
46100,0
46101,0
46102,0
46103,0
46104,0
46105,0
46106,0
46107,0
46108,0
46109,0
46110,0
46111,0
46112,0
46113,0
46114,0
46115,0
46116,1
46117,0
46118,1
46119,0
46120,0
46121,0
46122,0
46123,1
46124,0
46125,0
46126,0
46127,0
46128,0
46129,0
46130,0
46131,1
46132,0
46133,0
46134,0
46135,0
46136,0
46137,0
46138,0
46139,0
46140,0
46141,1
46142,0
46143,0
46144,0
46145,0
46146,0
46147,0
46148,0
46149,0
46150,1
46151,1
46152,0
46153,1
46154,1
46155,0
46156,0
46157,0
46158,0
46159,0
46160,0
46161,0
46162,1
46163,0
46164,0
46165,1
46166,0
46167,0
46168,0
46169,0
46170,0
46171,0
46172,0
46173,1
46174,0
46175,0
46176,0
46177,0
46178,1
46179,0
46180,0
46181,0
46182,0
46183,0
46184,0
46185,0
46186,1
46187,0
46188,0
46189,0
46190,0
46191,0
46192,0
46193,1
46194,0
46195,0
46196,0
46197,1
46198,0
46199,1
46200,0
46201,0
46202,0
46203,0
46204,0
46205,0
46206,0
46207,0
46208,1
46209,1
46210,0
46211,1
46212,1
46213,0
46214,0
46215,0
46216,0
46217,0
46218,0
46219,0
46220,0
46221,0
46222,0
46223,0
46224,0
46225,0
46226,0
46227,0
46228,1
46229,0
46230,0
46231,0
46232,0
46233,0
46234,0
46235,1
46236,0
46237,0
46238,1
46239,0
46240,0
46241,0
46242,0
46243,0
46244,0
46245,0
46246,1
46247,0
46248,0
46249,0
46250,0
46251,0
46252,0
46253,0
46254,0
46255,0
46256,0
46257,0
46258,0
46259,0
46260,0
46261,0
46262,0
46263,1
46264,0
46265,1
46266,0
46267,0
46268,0
46269,0
46270,0
46271,0
46272,0
46273,0
46274,0
46275,0
46276,1
46277,0
46278,0
46279,0
46280,0
46281,1
46282,1
46283,0
46284,0
46285,0
46286,0
46287,0
46288,0
46289,0
46290,0
46291,0
46292,0
46293,0
46294,0
46295,0
46296,0
46297,0
46298,0
46299,0
46300,0
46301,0
46302,0
46303,0
46304,0
46305,1
46306,0
46307,0
46308,0
46309,0
46310,0
46311,0
46312,1
46313,0
46314,0
46315,0
46316,0
46317,0
46318,0
46319,1
46320,0
46321,0
46322,0
46323,0
46324,0
46325,0
46326,0
46327,0
46328,0
46329,0
46330,0
46331,0
46332,0
46333,0
46334,1
46335,0
46336,1
46337,0
46338,1
46339,0
46340,0
46341,0
46342,0
46343,0
46344,0
46345,0
46346,0
46347,0
46348,0
46349,0
46350,1
46351,0
46352,0
46353,0
46354,0
46355,0
46356,0
46357,0
46358,1
46359,0
46360,0
46361,0
46362,0
46363,0
46364,0
46365,0
46366,0
46367,0
46368,0
46369,0
46370,0
46371,0
46372,0
46373,0
46374,1
46375,0
46376,0
46377,0
46378,0
46379,0
46380,0
46381,0
46382,1
46383,0
46384,0
46385,0
46386,0
46387,0
46388,0
46389,1
46390,0
46391,1
46392,0
46393,0
46394,0
46395,0
46396,0
46397,0
46398,0
46399,0
46400,0
46401,0
46402,0
46403,0
46404,0
46405,0
46406,0
46407,0
46408,0
46409,1
46410,0
46411,0
46412,0
46413,0
46414,0
46415,0
46416,0
46417,0
46418,0
46419,0
46420,0
46421,0
46422,0
46423,0
46424,0
46425,0
46426,0
46427,0
46428,0
46429,0
46430,0
46431,0
46432,1
46433,1
46434,0
46435,0
46436,0
46437,0
46438,0
46439,0
46440,1
46441,0
46442,0
46443,0
46444,0
46445,0
46446,0
46447,0
46448,0
46449,0
46450,0
46451,0
46452,0
46453,0
46454,1
46455,0
46456,0
46457,0
46458,0
46459,0
46460,0
46461,0
46462,0
46463,0
46464,0
46465,0
46466,0
46467,0
46468,0
46469,0
46470,0
46471,0
46472,0
46473,0
46474,0
46475,0
46476,0
46477,0
46478,0
46479,0
46480,0
46481,0
46482,1
46483,0
46484,0
46485,0
46486,0
46487,0
46488,0
46489,0
46490,0
46491,0
46492,0
46493,0
46494,0
46495,0
46496,0
46497,1
46498,0
46499,0
46500,1
46501,0
46502,1
46503,0
46504,0
46505,0
46506,0
46507,0
46508,0
46509,0
46510,0
46511,0
46512,0
46513,0
46514,0
46515,0
46516,0
46517,0
46518,0
46519,0
46520,0
46521,0
46522,0
46523,0
46524,1
46525,0
46526,0
46527,1
46528,0
46529,0
46530,1
46531,0
46532,0
46533,0
46534,0
46535,0
46536,1
46537,0
46538,0
46539,0
46540,0
46541,0
46542,1
46543,0
46544,0
46545,0
46546,0
46547,0
46548,0
46549,0
46550,0
46551,0
46552,0
46553,0
46554,0
46555,0
46556,0
46557,0
46558,0
46559,0
46560,0
46561,0
46562,0
46563,0
46564,0
46565,0
46566,1
46567,0
46568,0
46569,0
46570,1
46571,0
46572,0
46573,0
46574,0
46575,0
46576,0
46577,0
46578,0
46579,0
46580,0
46581,0
46582,0
46583,0
46584,0
46585,1
46586,0
46587,0
46588,0
46589,0
46590,0
46591,0
46592,0
46593,1
46594,0
46595,0
46596,0
46597,0
46598,0
46599,0
46600,1
46601,1
46602,0
46603,0
46604,0
46605,0
46606,0
46607,0
46608,0
46609,0
46610,0
46611,0
46612,0
46613,0
46614,0
46615,0
46616,0
46617,1
46618,0
46619,0
46620,0
46621,0
46622,0
46623,1
46624,0
46625,0
46626,0
46627,0
46628,0
46629,0
46630,0
46631,0
46632,1
46633,0
46634,0
46635,0
46636,0
46637,0
46638,0
46639,0
46640,0
46641,1
46642,0
46643,0
46644,0
46645,0
46646,0
46647,0
46648,0
46649,1
46650,0
46651,0
46652,1
46653,0
46654,0
46655,0
46656,0
46657,0
46658,0
46659,0
46660,0
46661,0
46662,0
46663,0
46664,0
46665,1
46666,0
46667,0
46668,0
46669,0
46670,0
46671,0
46672,1
46673,0
46674,0
46675,0
46676,0
46677,0
46678,0
46679,0
46680,0
46681,0
46682,0
46683,0
46684,0
46685,1
46686,0
46687,0
46688,0
46689,0
46690,0
46691,0
46692,0
46693,0
46694,1
46695,0
46696,0
46697,0
46698,0
46699,1
46700,0
46701,1
46702,0
46703,0
46704,0
46705,1
46706,0
46707,0
46708,0
46709,0
46710,0
46711,0
46712,0
46713,0
46714,1
46715,0
46716,0
46717,0
46718,0
46719,0
46720,0
46721,0
46722,1
46723,0
46724,0
46725,0
46726,0
46727,1
46728,0
46729,0
46730,1
46731,0
46732,0
46733,0
46734,0
46735,0
46736,0
46737,0
46738,0
46739,0
46740,0
46741,0
46742,0
46743,1
46744,0
46745,0
46746,0
46747,0
46748,0
46749,0
46750,1
46751,1
46752,1
46753,0
46754,0
46755,0
46756,0
46757,0
46758,0
46759,0
46760,0
46761,0
46762,0
46763,0
46764,1
46765,0
46766,0
46767,1
46768,0
46769,0
46770,0
46771,0
46772,0
46773,1
46774,0
46775,0
46776,0
46777,0
46778,0
46779,0
46780,0
46781,0
46782,0
46783,0
46784,1
46785,0
46786,0
46787,0
46788,0
46789,0
46790,0
46791,0
46792,0
46793,0
46794,0
46795,0
46796,0
46797,0
46798,0
46799,0
46800,1
46801,0
46802,0
46803,0
46804,0
46805,0
46806,0
46807,1
46808,0
46809,0
46810,0
46811,0
46812,0
46813,0
46814,0
46815,0
46816,0
46817,0
46818,0
46819,0
46820,0
46821,0
46822,0
46823,0
46824,0
46825,1
46826,0
46827,0
46828,0
46829,0
46830,0
46831,0
46832,0
46833,0
46834,0
46835,0
46836,0
46837,0
46838,0
46839,0
46840,0
46841,0
46842,0
46843,1
46844,0
46845,0
46846,0
46847,0
46848,0
46849,0
46850,0
46851,0
46852,0
46853,0
46854,0
46855,0
46856,0
46857,0
46858,0
46859,0
46860,0
46861,0
46862,0
46863,0
46864,0
46865,0
46866,1
46867,0
46868,1
46869,0
46870,1
46871,1
46872,0
46873,1
46874,0
46875,0
46876,0
46877,0
46878,0
46879,0
46880,1
46881,0
46882,0
46883,0
46884,0
46885,0
46886,0
46887,0
46888,1
46889,0
46890,0
46891,0
46892,0
46893,0
46894,0
46895,1
46896,0
46897,0
46898,0
46899,0
46900,0
46901,0
46902,0
46903,0
46904,0
46905,0
46906,0
46907,0
46908,0
46909,0
46910,0
46911,0
46912,0
46913,0
46914,0
46915,0
46916,0
46917,0
46918,0
46919,0
46920,0
46921,0
46922,0
46923,0
46924,1
46925,0
46926,0
46927,0
46928,0
46929,0
46930,0
46931,0
46932,0
46933,0
46934,0
46935,0
46936,0
46937,0
46938,0
46939,1
46940,0
46941,0
46942,0
46943,0
46944,1
46945,0
46946,0
46947,0
46948,1
46949,0
46950,0
46951,0
46952,0
46953,0
46954,0
46955,0
46956,0
46957,0
46958,0
46959,0
46960,0
46961,0
46962,0
46963,1
46964,0
46965,0
46966,0
46967,0
46968,0
46969,1
46970,1
46971,0
46972,1
46973,0
46974,0
46975,0
46976,0
46977,0
46978,0
46979,0
46980,0
46981,0
46982,0
46983,0
46984,0
46985,1
46986,1
46987,0
46988,0
46989,0
46990,1
46991,0
46992,0
46993,0
46994,0
46995,1
46996,1
46997,0
46998,0
46999,0
47000,0
47001,1
47002,0
47003,0
47004,1
47005,0
47006,1
47007,1
47008,0
47009,0
47010,0
47011,0
47012,0
47013,0
47014,0
47015,0
47016,0
47017,0
47018,0
47019,0
47020,0
47021,0
47022,0
47023,0
47024,0
47025,0
47026,0
47027,0
47028,0
47029,0
47030,0
47031,0
47032,0
47033,0
47034,0
47035,0
47036,0
47037,0
47038,0
47039,0
47040,0
47041,0
47042,0
47043,0
47044,0
47045,0
47046,0
47047,0
47048,0
47049,0
47050,0
47051,0
47052,0
47053,0
47054,0
47055,0
47056,0
47057,1
47058,0
47059,1
47060,1
47061,0
47062,0
47063,0
47064,0
47065,0
47066,0
47067,0
47068,0
47069,0
47070,0
47071,0
47072,0
47073,0
47074,0
47075,0
47076,0
47077,0
47078,0
47079,0
47080,0
47081,0
47082,0
47083,0
47084,0
47085,0
47086,0
47087,0
47088,0
47089,0
47090,0
47091,0
47092,0
47093,0
47094,1
47095,0
47096,0
47097,0
47098,0
47099,0
47100,0
47101,0
47102,0
47103,0
47104,0
47105,0
47106,0
47107,1
47108,0
47109,1
47110,0
47111,0
47112,0
47113,0
47114,0
47115,0
47116,0
47117,0
47118,0
47119,0
47120,0
47121,0
47122,0
47123,0
47124,0
47125,0
47126,1
47127,0
47128,0
47129,0
47130,0
47131,0
47132,0
47133,0
47134,0
47135,1
47136,0
47137,0
47138,0
47139,0
47140,1
47141,0
47142,0
47143,1
47144,0
47145,0
47146,0
47147,1
47148,0
47149,0
47150,0
47151,0
47152,0
47153,0
47154,0
47155,0
47156,0
47157,0
47158,1
47159,0
47160,0
47161,0
47162,0
47163,0
47164,0
47165,0
47166,0
47167,1
47168,1
47169,0
47170,1
47171,0
47172,0
47173,0
47174,0
47175,0
47176,0
47177,0
47178,0
47179,0
47180,0
47181,0
47182,0
47183,0
47184,0
47185,0
47186,0
47187,0
47188,0
47189,1
47190,0
47191,0
47192,0
47193,0
47194,0
47195,0
47196,0
47197,1
47198,0
47199,0
47200,0
47201,0
47202,0
47203,0
47204,0
47205,0
47206,0
47207,0
47208,0
47209,0
47210,0
47211,0
47212,0
47213,0
47214,0
47215,0
47216,0
47217,0
47218,1
47219,1
47220,0
47221,0
47222,0
47223,0
47224,0
47225,0
47226,0
47227,0
47228,0
47229,1
47230,0
47231,1
47232,0
47233,0
47234,0
47235,0
47236,0
47237,0
47238,0
47239,1
47240,0
47241,0
47242,1
47243,0
47244,0
47245,0
47246,0
47247,0
47248,0
47249,0
47250,1
47251,1
47252,0
47253,0
47254,0
47255,0
47256,0
47257,1
47258,1
47259,0
47260,0
47261,0
47262,0
47263,0
47264,0
47265,0
47266,0
47267,0
47268,0
47269,0
47270,1
47271,0
47272,0
47273,0
47274,0
47275,0
47276,0
47277,0
47278,0
47279,0
47280,1
47281,0
47282,0
47283,0
47284,0
47285,0
47286,0
47287,0
47288,0
47289,0
47290,0
47291,0
47292,0
47293,0
47294,0
47295,0
47296,0
47297,0
47298,1
47299,0
47300,1
47301,1
47302,0
47303,0
47304,0
47305,0
47306,0
47307,0
47308,0
47309,0
47310,0
47311,0
47312,0
47313,1
47314,0
47315,0
47316,0
47317,0
47318,0
47319,0
47320,1
47321,0
47322,0
47323,0
47324,0
47325,0
47326,0
47327,0
47328,0
47329,0
47330,0
47331,0
47332,0
47333,0
47334,0
47335,0
47336,0
47337,1
47338,1
47339,0
47340,0
47341,0
47342,0
47343,0
47344,0
47345,0
47346,0
47347,0
47348,0
47349,0
47350,0
47351,0
47352,0
47353,0
47354,0
47355,0
47356,0
47357,0
47358,0
47359,0
47360,0
47361,0
47362,0
47363,0
47364,0
47365,0
47366,0
47367,0
47368,0
47369,0
47370,1
47371,0
47372,0
47373,0
47374,0
47375,0
47376,0
47377,0
47378,0
47379,0
47380,0
47381,1
47382,1
47383,0
47384,1
47385,0
47386,0
47387,0
47388,0
47389,1
47390,0
47391,1
47392,0
47393,0
47394,1
47395,1
47396,0
47397,0
47398,0
47399,0
47400,0
47401,0
47402,0
47403,0
47404,0
47405,0
47406,0
47407,0
47408,0
47409,0
47410,1
47411,0
47412,0
47413,0
47414,0
47415,0
47416,0
47417,0
47418,0
47419,0
47420,0
47421,0
47422,0
47423,0
47424,0
47425,0
47426,0
47427,0
47428,0
47429,0
47430,0
47431,0
47432,0
47433,0
47434,0
47435,0
47436,0
47437,1
47438,0
47439,1
47440,0
47441,0
47442,0
47443,0
47444,0
47445,0
47446,0
47447,0
47448,0
47449,0
47450,0
47451,0
47452,0
47453,0
47454,0
47455,0
47456,1
47457,0
47458,0
47459,1
47460,0
47461,0
47462,0
47463,0
47464,0
47465,0
47466,0
47467,0
47468,0
47469,0
47470,0
47471,0
47472,1
47473,0
47474,0
47475,0
47476,1
47477,0
47478,0
47479,1
47480,1
47481,0
47482,0
47483,1
47484,0
47485,0
47486,1
47487,0
47488,0
47489,1
47490,0
47491,1
47492,1
47493,0
47494,0
47495,0
47496,0
47497,0
47498,0
47499,1
47500,0
47501,0
47502,0
47503,0
47504,0
47505,0
47506,0
47507,0
47508,0
47509,0
47510,0
47511,0
47512,0
47513,1
47514,0
47515,0
47516,0
47517,0
47518,0
47519,0
47520,0
47521,0
47522,0
47523,0
47524,0
47525,0
47526,0
47527,0
47528,1
47529,1
47530,0
47531,0
47532,0
47533,0
47534,0
47535,0
47536,0
47537,1
47538,0
47539,0
47540,0
47541,0
47542,0
47543,0
47544,0
47545,0
47546,0
47547,0
47548,0
47549,0
47550,0
47551,0
47552,0
47553,0
47554,1
47555,0
47556,0
47557,0
47558,0
47559,0
47560,0
47561,0
47562,0
47563,1
47564,0
47565,0
47566,0
47567,0
47568,0
47569,0
47570,0
47571,0
47572,0
47573,0
47574,0
47575,0
47576,0
47577,0
47578,1
47579,0
47580,0
47581,0
47582,0
47583,0
47584,0
47585,0
47586,0
47587,0
47588,0
47589,0
47590,1
47591,0
47592,0
47593,0
47594,0
47595,1
47596,0
47597,1
47598,0
47599,0
47600,0
47601,1
47602,0
47603,0
47604,0
47605,0
47606,0
47607,0
47608,0
47609,0
47610,0
47611,0
47612,0
47613,0
47614,0
47615,0
47616,0
47617,0
47618,0
47619,0
47620,0
47621,0
47622,0
47623,0
47624,0
47625,0
47626,0
47627,0
47628,0
47629,1
47630,0
47631,0
47632,0
47633,0
47634,0
47635,0
47636,0
47637,0
47638,0
47639,0
47640,0
47641,0
47642,0
47643,0
47644,0
47645,0
47646,0
47647,1
47648,0
47649,0
47650,0
47651,0
47652,0
47653,1
47654,0
47655,0
47656,0
47657,0
47658,0
47659,0
47660,0
47661,0
47662,1
47663,0
47664,0
47665,0
47666,0
47667,0
47668,1
47669,1
47670,0
47671,0
47672,0
47673,1
47674,0
47675,0
47676,0
47677,0
47678,0
47679,0
47680,0
47681,1
47682,0
47683,0
47684,0
47685,0
47686,1
47687,0
47688,0
47689,0
47690,0
47691,0
47692,0
47693,0
47694,0
47695,0
47696,0
47697,0
47698,0
47699,0
47700,0
47701,1
47702,0
47703,0
47704,0
47705,1
47706,0
47707,0
47708,0
47709,0
47710,0
47711,0
47712,0
47713,1
47714,0
47715,0
47716,0
47717,0
47718,0
47719,0
47720,0
47721,0
47722,0
47723,0
47724,0
47725,0
47726,1
47727,0
47728,0
47729,0
47730,0
47731,0
47732,0
47733,0
47734,0
47735,0
47736,0
47737,0
47738,0
47739,0
47740,0
47741,0
47742,0
47743,0
47744,0
47745,0
47746,0
47747,0
47748,0
47749,0
47750,0
47751,0
47752,0
47753,0
47754,0
47755,0
47756,0
47757,1
47758,0
47759,0
47760,0
47761,0
47762,0
47763,0
47764,0
47765,0
47766,0
47767,1
47768,1
47769,0
47770,0
47771,1
47772,0
47773,0
47774,0
47775,0
47776,0
47777,0
47778,1
47779,0
47780,0
47781,0
47782,0
47783,0
47784,0
47785,0
47786,0
47787,0
47788,0
47789,1
47790,1
47791,0
47792,0
47793,1
47794,0
47795,0
47796,0
47797,1
47798,0
47799,0
47800,0
47801,1
47802,0
47803,0
47804,0
47805,0
47806,0
47807,0
47808,0
47809,0
47810,0
47811,0
47812,0
47813,0
47814,0
47815,0
47816,0
47817,0
47818,0
47819,0
47820,1
47821,0
47822,1
47823,0
47824,1
47825,0
47826,0
47827,0
47828,0
47829,0
47830,0
47831,0
47832,0
47833,0
47834,0
47835,0
47836,1
47837,0
47838,0
47839,0
47840,0
47841,0
47842,0
47843,1
47844,0
47845,0
47846,0
47847,0
47848,1
47849,0
47850,0
47851,0
47852,0
47853,0
47854,0
47855,0
47856,0
47857,0
47858,0
47859,0
47860,1
47861,0
47862,0
47863,0
47864,0
47865,0
47866,0
47867,0
47868,1
47869,0
47870,0
47871,0
47872,0
47873,0
47874,0
47875,0
47876,0
47877,1
47878,0
47879,0
47880,0
47881,0
47882,0
47883,0
47884,0
47885,0
47886,0
47887,0
47888,0
47889,0
47890,1
47891,0
47892,0
47893,0
47894,0
47895,0
47896,0
47897,0
47898,0
47899,0
47900,0
47901,0
47902,0
47903,0
47904,0
47905,0
47906,0
47907,0
47908,0
47909,0
47910,0
47911,0
47912,0
47913,0
47914,0
47915,0
47916,0
47917,0
47918,0
47919,1
47920,0
47921,0
47922,0
47923,1
47924,0
47925,0
47926,0
47927,0
47928,0
47929,0
47930,0
47931,0
47932,0
47933,1
47934,0
47935,0
47936,0
47937,0
47938,0
47939,0
47940,0
47941,0
47942,0
47943,0
47944,0
47945,0
47946,0
47947,0
47948,0
47949,0
47950,0
47951,0
47952,0
47953,0
47954,0
47955,0
47956,0
47957,1
47958,0
47959,0
47960,0
47961,0
47962,0
47963,1
47964,0
47965,1
47966,0
47967,0
47968,0
47969,0
47970,0
47971,0
47972,1
47973,0
47974,0
47975,1
47976,0
47977,0
47978,0
47979,0
47980,0
47981,0
47982,0
47983,1
47984,0
47985,0
47986,0
47987,0
47988,0
47989,0
47990,0
47991,0
47992,0
47993,0
47994,0
47995,0
47996,0
47997,0
47998,0
47999,0
48000,0
48001,0
48002,0
48003,0
48004,0
48005,0
48006,0
48007,1
48008,0
48009,0
48010,0
48011,0
48012,0
48013,0
48014,0
48015,0
48016,0
48017,0
48018,0
48019,0
48020,0
48021,0
48022,0
48023,0
48024,0
48025,0
48026,0
48027,0
48028,0
48029,0
48030,0
48031,0
48032,0
48033,0
48034,0
48035,1
48036,0
48037,0
48038,0
48039,0
48040,0
48041,0
48042,0
48043,0
48044,0
48045,0
48046,0
48047,0
48048,0
48049,0
48050,0
48051,0
48052,0
48053,0
48054,0
48055,0
48056,0
48057,0
48058,0
48059,0
48060,0
48061,0
48062,0
48063,0
48064,1
48065,0
48066,0
48067,0
48068,0
48069,1
48070,0
48071,1
48072,0
48073,0
48074,0
48075,0
48076,0
48077,0
48078,1
48079,1
48080,0
48081,0
48082,0
48083,0
48084,0
48085,0
48086,0
48087,0
48088,0
48089,0
48090,0
48091,0
48092,0
48093,0
48094,0
48095,1
48096,0
48097,0
48098,0
48099,0
48100,0
48101,0
48102,0
48103,0
48104,0
48105,0
48106,0
48107,0
48108,0
48109,0
48110,0
48111,0
48112,0
48113,0
48114,0
48115,0
48116,0
48117,0
48118,1
48119,0
48120,1
48121,0
48122,0
48123,0
48124,0
48125,1
48126,0
48127,1
48128,1
48129,0
48130,0
48131,0
48132,0
48133,1
48134,0
48135,0
48136,1
48137,0
48138,0
48139,0
48140,0
48141,0
48142,1
48143,0
48144,0
48145,1
48146,0
48147,0
48148,0
48149,0
48150,1
48151,1
48152,0
48153,0
48154,0
48155,0
48156,1
48157,0
48158,0
48159,1
48160,0
48161,0
48162,0
48163,0
48164,0
48165,0
48166,0
48167,0
48168,0
48169,0
48170,0
48171,1
48172,0
48173,0
48174,0
48175,0
48176,0
48177,1
48178,0
48179,0
48180,0
48181,0
48182,1
48183,1
48184,0
48185,0
48186,1
48187,0
48188,0
48189,0
48190,0
48191,0
48192,0
48193,0
48194,0
48195,0
48196,0
48197,0
48198,0
48199,1
48200,0
48201,0
48202,0
48203,1
48204,0
48205,1
48206,1
48207,0
48208,0
48209,0
48210,0
48211,0
48212,0
48213,0
48214,0
48215,0
48216,1
48217,1
48218,1
48219,0
48220,0
48221,1
48222,0
48223,0
48224,0
48225,0
48226,1
48227,1
48228,0
48229,0
48230,0
48231,0
48232,0
48233,0
48234,0
48235,1
48236,0
48237,1
48238,0
48239,0
48240,0
48241,0
48242,0
48243,0
48244,1
48245,0
48246,0
48247,0
48248,0
48249,0
48250,1
48251,1
48252,1
48253,0
48254,0
48255,0
48256,0
48257,0
48258,0
48259,1
48260,0
48261,0
48262,0
48263,0
48264,1
48265,0
48266,0
48267,0
48268,0
48269,0
48270,0
48271,0
48272,0
48273,0
48274,0
48275,0
48276,0
48277,1
48278,1
48279,0
48280,1
48281,0
48282,0
48283,0
48284,0
48285,0
48286,0
48287,0
48288,0
48289,1
48290,0
48291,1
48292,0
48293,0
48294,0
48295,0
48296,0
48297,0
48298,0
48299,0
48300,0
48301,0
48302,0
48303,0
48304,0
48305,0
48306,0
48307,0
48308,0
48309,1
48310,1
48311,0
48312,1
48313,0
48314,0
48315,0
48316,0
48317,0
48318,0
48319,0
48320,1
48321,0
48322,1
48323,0
48324,0
48325,0
48326,0
48327,1
48328,0
48329,0
48330,0
48331,0
48332,0
48333,0
48334,0
48335,0
48336,0
48337,0
48338,0
48339,0
48340,0
48341,0
48342,1
48343,0
48344,0
48345,0
48346,1
48347,0
48348,1
48349,0
48350,0
48351,0
48352,0
48353,0
48354,0
48355,1
48356,0
48357,0
48358,0
48359,0
48360,0
48361,0
48362,0
48363,0
48364,0
48365,0
48366,1
48367,0
48368,0
48369,0
48370,0
48371,0
48372,0
48373,1
48374,0
48375,0
48376,1
48377,0
48378,0
48379,0
48380,1
48381,1
48382,0
48383,0
48384,0
48385,0
48386,0
48387,0
48388,0
48389,1
48390,0
48391,0
48392,0
48393,0
48394,0
48395,0
48396,0
48397,0
48398,0
48399,0
48400,0
48401,0
48402,0
48403,0
48404,0
48405,0
48406,1
48407,0
48408,0
48409,0
48410,0
48411,0
48412,1
48413,0
48414,0
48415,0
48416,1
48417,1
48418,0
48419,0
48420,0
48421,0
48422,0
48423,0
48424,0
48425,0
48426,0
48427,0
48428,0
48429,0
48430,0
48431,0
48432,0
48433,0
48434,0
48435,0
48436,0
48437,0
48438,0
48439,0
48440,0
48441,0
48442,0
48443,0
48444,1
48445,1
48446,0
48447,0
48448,0
48449,0
48450,0
48451,0
48452,0
48453,0
48454,0
48455,0
48456,1
48457,0
48458,0
48459,0
48460,0
48461,0
48462,0
48463,0
48464,0
48465,0
48466,0
48467,0
48468,0
48469,0
48470,0
48471,0
48472,0
48473,0
48474,0
48475,0
48476,0
48477,0
48478,0
48479,0
48480,0
48481,0
48482,0
48483,0
48484,1
48485,0
48486,0
48487,0
48488,0
48489,0
48490,0
48491,0
48492,1
48493,0
48494,0
48495,0
48496,0
48497,0
48498,0
48499,0
48500,0
48501,1
48502,0
48503,1
48504,0
48505,0
48506,0
48507,0
48508,0
48509,0
48510,0
48511,0
48512,0
48513,0
48514,0
48515,0
48516,0
48517,0
48518,0
48519,0
48520,0
48521,0
48522,0
48523,0
48524,0
48525,0
48526,0
48527,0
48528,0
48529,0
48530,1
48531,0
48532,0
48533,1
48534,0
48535,0
48536,0
48537,0
48538,0
48539,0
48540,0
48541,0
48542,0
48543,0
48544,0
48545,0
48546,1
48547,0
48548,0
48549,0
48550,0
48551,1
48552,0
48553,0
48554,0
48555,0
48556,0
48557,0
48558,0
48559,0
48560,1
48561,1
48562,0
48563,0
48564,0
48565,0
48566,0
48567,0
48568,0
48569,0
48570,0
48571,0
48572,0
48573,0
48574,1
48575,0
48576,0
48577,1
48578,1
48579,0
48580,0
48581,0
48582,0
48583,0
48584,1
48585,0
48586,0
48587,0
48588,0
48589,0
48590,0
48591,1
48592,0
48593,1
48594,0
48595,0
48596,0
48597,0
48598,0
48599,0
48600,0
48601,0
48602,0
48603,0
48604,0
48605,0
48606,0
48607,0
48608,1
48609,0
48610,0
48611,0
48612,0
48613,0
48614,1
48615,0
48616,0
48617,0
48618,0
48619,0
48620,0
48621,0
48622,0
48623,0
48624,0
48625,0
48626,0
48627,0
48628,0
48629,0
48630,0
48631,0
48632,0
48633,1
48634,0
48635,0
48636,0
48637,0
48638,0
48639,0
48640,0
48641,0
48642,0
48643,0
48644,0
48645,0
48646,0
48647,0
48648,0
48649,0
48650,0
48651,0
48652,0
48653,0
48654,0
48655,0
48656,0
48657,0
48658,0
48659,0
48660,0
48661,0
48662,0
48663,0
48664,0
48665,0
48666,0
48667,0
48668,0
48669,0
48670,0
48671,1
48672,0
48673,0
48674,0
48675,0
48676,0
48677,0
48678,1
48679,0
48680,0
48681,0
48682,0
48683,0
48684,0
48685,0
48686,0
48687,1
48688,0
48689,0
48690,0
48691,0
48692,0
48693,0
48694,0
48695,0
48696,0
48697,1
48698,0
48699,1
48700,0
48701,0
48702,0
48703,0
48704,1
48705,0
48706,0
48707,0
48708,0
48709,0
48710,0
48711,0
48712,0
48713,0
48714,0
48715,0
48716,0
48717,0
48718,0
48719,0
48720,0
48721,0
48722,0
48723,0
48724,0
48725,0
48726,0
48727,0
48728,0
48729,0
48730,1
48731,0
48732,0
48733,0
48734,0
48735,0
48736,0
48737,0
48738,0
48739,0
48740,0
48741,0
48742,0
48743,0
48744,0
48745,0
48746,0
48747,0
48748,0
48749,0
48750,0
48751,0
48752,1
48753,0
48754,1
48755,0
48756,0
48757,0
48758,0
48759,0
48760,0
48761,0
48762,0
48763,0
48764,0
48765,1
48766,0
48767,0
48768,0
48769,0
48770,0
48771,0
48772,0
48773,0
48774,0
48775,0
48776,1
48777,0
48778,0
48779,0
48780,0
48781,0
48782,0
48783,0
48784,0
48785,0
48786,0
48787,0
48788,0
48789,0
48790,0
48791,0
48792,0
48793,0
48794,0
48795,0
48796,0
48797,1
48798,0
48799,1
48800,0
48801,0
48802,0
48803,0
48804,0
48805,0
48806,0
48807,0
48808,0
48809,0
48810,0
48811,1
48812,0
48813,1
48814,0
48815,0
48816,0
48817,0
48818,1
48819,0
48820,0
48821,1
48822,0
48823,0
48824,0
48825,0
48826,0
48827,1
48828,0
48829,0
48830,0
48831,1
48832,0
48833,0
48834,0
48835,0
48836,1
48837,0
48838,0
48839,0
48840,0
48841,0
48842,0
48843,1
48844,0
48845,0
48846,0
48847,0
48848,1
48849,0
48850,0
48851,1
48852,0
48853,0
48854,0
48855,0
48856,0
48857,0
48858,0
48859,0
48860,0
48861,0
48862,0
48863,0
48864,0
48865,0
48866,1
48867,0
48868,0
48869,0
48870,0
48871,0
48872,0
48873,0
48874,0
48875,0
48876,0
48877,1
48878,0
48879,1
48880,0
48881,0
48882,0
48883,0
48884,0
48885,0
48886,0
48887,0
48888,0
48889,0
48890,1
48891,0
48892,0
48893,0
48894,0
48895,0
48896,0
48897,0
48898,0
48899,0
48900,1
48901,0
48902,0
48903,0
48904,0
48905,0
48906,0
48907,1
48908,0
48909,0
48910,0
48911,0
48912,0
48913,1
48914,0
48915,0
48916,0
48917,0
48918,0
48919,0
48920,0
48921,0
48922,1
48923,1
48924,0
48925,0
48926,0
48927,0
48928,1
48929,0
48930,0
48931,0
48932,0
48933,0
48934,0
48935,0
48936,0
48937,0
48938,0
48939,0
48940,0
48941,0
48942,0
48943,1
48944,1
48945,0
48946,0
48947,0
48948,0
48949,0
48950,0
48951,0
48952,0
48953,0
48954,0
48955,0
48956,0
48957,0
48958,0
48959,0
48960,0
48961,0
48962,0
48963,0
48964,0
48965,0
48966,0
48967,0
48968,0
48969,0
48970,0
48971,0
48972,0
48973,0
48974,0
48975,0
48976,0
48977,0
48978,0
48979,0
48980,0
48981,0
48982,0
48983,0
48984,0
48985,0
48986,1
48987,0
48988,0
48989,0
48990,0
48991,0
48992,1
48993,0
48994,0
48995,0
48996,1
48997,0
48998,0
48999,0
49000,0
49001,0
49002,0
49003,0
49004,0
49005,0
49006,0
49007,1
49008,0
49009,0
49010,0
49011,0
49012,0
49013,1
49014,0
49015,0
49016,0
49017,0
49018,0
49019,1
49020,0
49021,0
49022,0
49023,0
49024,0
49025,0
49026,0
49027,0
49028,0
49029,1
49030,0
49031,0
49032,0
49033,0
49034,0
49035,0
49036,0
49037,0
49038,1
49039,0
49040,0
49041,0
49042,1
49043,0
49044,0
49045,0
49046,0
49047,1
49048,0
49049,0
49050,0
49051,0
49052,0
49053,0
49054,0
49055,1
49056,0
49057,0
49058,0
49059,1
49060,0
49061,1
49062,0
49063,0
49064,0
49065,1
49066,1
49067,0
49068,0
49069,1
49070,0
49071,0
49072,0
49073,0
49074,0
49075,0
49076,0
49077,0
49078,1
49079,0
49080,0
49081,0
49082,0
49083,0
49084,0
49085,0
49086,0
49087,0
49088,0
49089,0
49090,0
49091,0
49092,0
49093,0
49094,0
49095,0
49096,0
49097,0
49098,0
49099,1
49100,0
49101,0
49102,0
49103,0
49104,0
49105,1
49106,0
49107,0
49108,0
49109,0
49110,0
49111,0
49112,0
49113,0
49114,0
49115,0
49116,0
49117,0
49118,0
49119,0
49120,0
49121,0
49122,1
49123,1
49124,0
49125,0
49126,0
49127,0
49128,0
49129,0
49130,0
49131,0
49132,0
49133,0
49134,0
49135,0
49136,0
49137,0
49138,1
49139,0
49140,0
49141,0
49142,0
49143,0
49144,0
49145,0
49146,0
49147,0
49148,1
49149,0
49150,0
49151,0
49152,1
49153,1
49154,0
49155,0
49156,0
49157,0
49158,0
49159,0
49160,0
49161,0
49162,0
49163,0
49164,0
49165,0
49166,0
49167,0
49168,0
49169,0
49170,0
49171,0
49172,0
49173,1
49174,0
49175,0
49176,0
49177,0
49178,0
49179,0
49180,0
49181,0
49182,0
49183,0
49184,0
49185,1
49186,0
49187,1
49188,0
49189,0
49190,0
49191,1
49192,0
49193,0
49194,0
49195,0
49196,0
49197,0
49198,0
49199,0
49200,0
49201,0
49202,0
49203,0
49204,0
49205,0
49206,0
49207,0
49208,0
49209,0
49210,0
49211,0
49212,0
49213,1
49214,0
49215,1
49216,0
49217,0
49218,0
49219,0
49220,0
49221,0
49222,0
49223,0
49224,0
49225,1
49226,0
49227,1
49228,0
49229,0
49230,0
49231,0
49232,0
49233,0
49234,1
49235,0
49236,0
49237,0
49238,1
49239,0
49240,0
49241,0
49242,0
49243,0
49244,0
49245,0
49246,0
49247,0
49248,0
49249,0
49250,0
49251,0
49252,1
49253,0
49254,0
49255,0
49256,0
49257,0
49258,1
49259,0
49260,0
49261,0
49262,0
49263,0
49264,0
49265,0
49266,0
49267,1
49268,0
49269,0
49270,0
49271,0
49272,0
49273,0
49274,0
49275,0
49276,0
49277,0
49278,1
49279,0
49280,0
49281,0
49282,0
49283,0
49284,0
49285,0
49286,0
49287,0
49288,0
49289,0
49290,0
49291,0
49292,0
49293,0
49294,0
49295,0
49296,0
49297,0
49298,0
49299,0
49300,1
49301,1
49302,1
49303,1
49304,0
49305,0
49306,0
49307,0
49308,0
49309,0
49310,0
49311,0
49312,0
49313,0
49314,0
49315,1
49316,0
49317,0
49318,0
49319,0
49320,0
49321,0
49322,0
49323,1
49324,0
49325,1
49326,0
49327,1
49328,1
49329,0
49330,0
49331,0
49332,0
49333,0
49334,1
49335,0
49336,0
49337,0
49338,0
49339,0
49340,0
49341,0
49342,0
49343,0
49344,0
49345,0
49346,0
49347,0
49348,1
49349,0
49350,0
49351,0
49352,0
49353,0
49354,1
49355,1
49356,0
49357,0
49358,0
49359,0
49360,0
49361,0
49362,0
49363,0
49364,0
49365,0
49366,0
49367,0
49368,1
49369,0
49370,0
49371,0
49372,0
49373,0
49374,1
49375,0
49376,0
49377,0
49378,0
49379,0
49380,0
49381,0
49382,0
49383,0
49384,0
49385,0
49386,0
49387,0
49388,1
49389,0
49390,0
49391,0
49392,0
49393,0
49394,0
49395,0
49396,0
49397,0
49398,0
49399,1
49400,0
49401,0
49402,0
49403,0
49404,1
49405,0
49406,1
49407,0
49408,0
49409,0
49410,0
49411,0
49412,0
49413,0
49414,1
49415,0
49416,0
49417,0
49418,0
49419,0
49420,0
49421,0
49422,0
49423,1
49424,0
49425,0
49426,1
49427,0
49428,1
49429,1
49430,0
49431,0
49432,1
49433,0
49434,0
49435,0
49436,0
49437,0
49438,0
49439,0
49440,0
49441,0
49442,0
49443,0
49444,0
49445,0
49446,0
49447,0
49448,0
49449,0
49450,0
49451,0
49452,0
49453,0
49454,0
49455,1
49456,0
49457,0
49458,0
49459,0
49460,0
49461,0
49462,0
49463,0
49464,0
49465,0
49466,0
49467,0
49468,0
49469,0
49470,1
49471,1
49472,0
49473,0
49474,0
49475,0
49476,0
49477,0
49478,0
49479,0
49480,1
49481,0
49482,0
49483,1
49484,0
49485,0
49486,1
49487,0
49488,0
49489,0
49490,0
49491,0
49492,0
49493,0
49494,0
49495,0
49496,0
49497,0
49498,0
49499,0
49500,0
49501,0
49502,0
49503,1
49504,0
49505,0
49506,0
49507,1
49508,0
49509,0
49510,0
49511,0
49512,0
49513,0
49514,0
49515,0
49516,0
49517,0
49518,0
49519,0
49520,0
49521,0
49522,0
49523,0
49524,0
49525,0
49526,0
49527,0
49528,0
49529,0
49530,1
49531,0
49532,0
49533,0
49534,0
49535,0
49536,0
49537,1
49538,1
49539,1
49540,1
49541,0
49542,0
49543,0
49544,0
49545,0
49546,1
49547,0
49548,0
49549,0
49550,0
49551,0
49552,0
49553,0
49554,0
49555,0
49556,0
49557,0
49558,0
49559,0
49560,0
49561,0
49562,0
49563,0
49564,0
49565,0
49566,0
49567,0
49568,1
49569,0
49570,0
49571,0
49572,0
49573,0
49574,0
49575,1
49576,0
49577,1
49578,0
49579,0
49580,0
49581,0
49582,0
49583,0
49584,0
49585,1
49586,0
49587,0
49588,0
49589,1
49590,1
49591,0
49592,0
49593,0
49594,1
49595,0
49596,0
49597,0
49598,0
49599,0
49600,0
49601,0
49602,1
49603,0
49604,0
49605,0
49606,1
49607,0
49608,0
49609,0
49610,0
49611,0
49612,0
49613,0
49614,0
49615,1
49616,0
49617,1
49618,0
49619,0
49620,0
49621,0
49622,1
49623,0
49624,1
49625,0
49626,0
49627,0
49628,0
49629,0
49630,0
49631,0
49632,0
49633,1
49634,0
49635,0
49636,0
49637,0
49638,0
49639,0
49640,0
49641,0
49642,0
49643,0
49644,0
49645,0
49646,0
49647,1
49648,1
49649,0
49650,0
49651,0
49652,0
49653,0
49654,0
49655,0
49656,0
49657,0
49658,0
49659,0
49660,0
49661,0
49662,0
49663,0
49664,0
49665,0
49666,0
49667,0
49668,0
49669,0
49670,0
49671,0
49672,0
49673,1
49674,0
49675,0
49676,1
49677,0
49678,0
49679,0
49680,0
49681,0
49682,1
49683,0
49684,0
49685,0
49686,1
49687,0
49688,0
49689,0
49690,0
49691,0
49692,0
49693,0
49694,1
49695,0
49696,0
49697,0
49698,0
49699,0
49700,0
49701,0
49702,0
49703,0
49704,0
49705,0
49706,0
49707,0
49708,0
49709,0
49710,0
49711,0
49712,0
49713,0
49714,0
49715,0
49716,0
49717,1
49718,0
49719,0
49720,1
49721,0
49722,0
49723,0
49724,0
49725,0
49726,0
49727,0
49728,0
49729,0
49730,0
49731,0
49732,0
49733,0
49734,0
49735,0
49736,0
49737,0
49738,1
49739,0
49740,0
49741,1
49742,0
49743,1
49744,0
49745,0
49746,0
49747,0
49748,0
49749,0
49750,0
49751,1
49752,0
49753,0
49754,0
49755,0
49756,0
49757,0
49758,0
49759,0
49760,0
49761,1
49762,0
49763,1
49764,0
49765,0
49766,0
49767,0
49768,0
49769,0
49770,0
49771,0
49772,0
49773,1
49774,0
49775,0
49776,0
49777,0
49778,0
49779,0
49780,0
49781,0
49782,0
49783,0
49784,0
49785,0
49786,0
49787,0
49788,0
49789,0
49790,0
49791,0
49792,0
49793,1
49794,0
49795,0
49796,0
49797,0
49798,0
49799,0
49800,0
49801,0
49802,0
49803,0
49804,0
49805,0
49806,0
49807,0
49808,1
49809,0
49810,0
49811,0
49812,0
49813,0
49814,0
49815,0
49816,0
49817,0
49818,1
49819,0
49820,0
49821,1
49822,0
49823,0
49824,0
49825,0
49826,0
49827,1
49828,0
49829,0
49830,0
49831,0
49832,0
49833,0
49834,0
49835,0
49836,0
49837,0
49838,0
49839,0
49840,0
49841,0
49842,0
49843,0
49844,0
49845,0
49846,0
49847,0
49848,1
49849,0
49850,0
49851,0
49852,0
49853,0
49854,0
49855,0
49856,0
49857,0
49858,0
49859,0
49860,0
49861,0
49862,0
49863,0
49864,0
49865,0
49866,0
49867,0
49868,0
49869,0
49870,0
49871,0
49872,0
49873,0
49874,0
49875,0
49876,0
49877,0
49878,0
49879,0
49880,0
49881,0
49882,0
49883,0
49884,0
49885,0
49886,0
49887,0
49888,0
49889,0
49890,0
49891,0
49892,0
49893,0
49894,0
49895,1
49896,0
49897,0
49898,0
49899,0
49900,0
49901,0
49902,0
49903,0
49904,0
49905,0
49906,0
49907,0
49908,0
49909,0
49910,0
49911,0
49912,0
49913,0
49914,0
49915,1
49916,0
49917,0
49918,0
49919,0
49920,0
49921,1
49922,0
49923,0
49924,0
49925,1
49926,0
49927,0
49928,0
49929,1
49930,0
49931,0
49932,0
49933,0
49934,0
49935,0
49936,0
49937,0
49938,0
49939,0
49940,0
49941,0
49942,0
49943,0
49944,0
49945,0
49946,0
49947,0
49948,0
49949,1
49950,0
49951,0
49952,0
49953,0
49954,0
49955,0
49956,1
49957,0
49958,0
49959,0
49960,0
49961,0
49962,0
49963,0
49964,0
49965,1
49966,0
49967,1
49968,0
49969,1
49970,0
49971,0
49972,0
49973,0
49974,0
49975,0
49976,0
49977,0
49978,0
49979,0
49980,0
49981,0
49982,0
49983,0
49984,1
49985,0
49986,0
49987,0
49988,0
49989,1
49990,0
49991,0
49992,0
49993,0
49994,0
49995,0
49996,0
49997,1
49998,0
49999,0
50000,0
50001,1
50002,0
50003,0
50004,0
50005,0
50006,0
50007,0
50008,1
50009,0
50010,0
50011,0
50012,0
50013,0
50014,0
50015,0
50016,0
50017,0
50018,0
50019,0
50020,0
50021,0
50022,0
50023,1
50024,0
50025,0
50026,0
50027,0
50028,0
50029,1
50030,0
50031,0
50032,0
50033,0
50034,0
50035,0
50036,0
50037,0
50038,0
50039,0
50040,0
50041,0
50042,0
50043,0
50044,0
50045,0
50046,0
50047,0
50048,0
50049,0
50050,0
50051,0
50052,0
50053,1
50054,0
50055,0
50056,0
50057,0
50058,0
50059,0
50060,0
50061,0
50062,0
50063,0
50064,0
50065,0
50066,0
50067,0
50068,0
50069,0
50070,0
50071,0
50072,1
50073,0
50074,0
50075,0
50076,0
50077,1
50078,0
50079,0
50080,0
50081,0
50082,0
50083,1
50084,1
50085,0
50086,0
50087,0
50088,1
50089,0
50090,0
50091,0
50092,0
50093,0
50094,0
50095,0
50096,0
50097,1
50098,0
50099,0
50100,0
50101,0
50102,0
50103,0
50104,1
50105,0
50106,0
50107,0
50108,0
50109,0
50110,0
50111,0
50112,0
50113,1
50114,1
50115,0
50116,1
50117,0
50118,0
50119,0
50120,0
50121,1
50122,0
50123,0
50124,1
50125,0
50126,0
50127,0
50128,0
50129,0
50130,0
50131,1
50132,0
50133,0
50134,0
50135,0
50136,0
50137,0
50138,0
50139,0
50140,0
50141,0
50142,0
50143,1
50144,1
50145,0
50146,1
50147,0
50148,1
50149,0
50150,0
50151,0
50152,0
50153,0
50154,0
50155,0
50156,1
50157,1
50158,0
50159,0
50160,0
50161,0
50162,0
50163,1
50164,0
50165,0
50166,0
50167,0
50168,0
50169,1
50170,0
50171,0
50172,1
50173,1
50174,0
50175,0
50176,0
50177,0
50178,0
50179,0
50180,0
50181,0
50182,0
50183,0
50184,0
50185,0
50186,0
50187,0
50188,0
50189,0
50190,0
50191,0
50192,1
50193,0
50194,0
50195,0
50196,0
50197,0
50198,0
50199,0
50200,0
50201,0
50202,0
50203,0
50204,0
50205,0
50206,0
50207,0
50208,0
50209,0
50210,0
50211,0
50212,0
50213,0
50214,0
50215,1
50216,1
50217,0
50218,0
50219,0
50220,0
50221,0
50222,1
50223,0
50224,0
50225,0
50226,0
50227,0
50228,0
50229,0
50230,0
50231,0
50232,0
50233,1
50234,0
50235,0
50236,0
50237,0
50238,0
50239,0
50240,0
50241,0
50242,1
50243,1
50244,1
50245,0
50246,0
50247,0
50248,0
50249,1
50250,0
50251,0
50252,1
50253,0
50254,0
50255,1
50256,0
50257,0
50258,0
50259,0
50260,0
50261,0
50262,0
50263,0
50264,0
50265,0
50266,0
50267,0
50268,0
50269,0
50270,0
50271,0
50272,0
50273,0
50274,0
50275,0
50276,0
50277,0
50278,0
50279,0
50280,0
50281,0
50282,0
50283,0
50284,0
50285,0
50286,0
50287,0
50288,0
50289,0
50290,0
50291,0
50292,0
50293,0
50294,0
50295,0
50296,0
50297,0
50298,0
50299,0
50300,1
50301,0
50302,0
50303,0
50304,0
50305,0
50306,0
50307,0
50308,0
50309,0
50310,0
50311,0
50312,1
50313,0
50314,1
50315,0
50316,0
50317,0
50318,0
50319,0
50320,0
50321,1
50322,0
50323,0
50324,0
50325,0
50326,1
50327,0
50328,1
50329,0
50330,0
50331,0
50332,0
50333,0
50334,0
50335,0
50336,1
50337,1
50338,0
50339,0
50340,0
50341,1
50342,0
50343,0
50344,0
50345,0
50346,0
50347,0
50348,0
50349,1
50350,0
50351,0
50352,0
50353,1
50354,0
50355,1
50356,0
50357,0
50358,0
50359,0
50360,0
50361,0
50362,0
50363,0
50364,0
50365,1
50366,0
50367,1
50368,0
50369,1
50370,0
50371,0
50372,0
50373,0
50374,0
50375,0
50376,1
50377,0
50378,1
50379,0
50380,0
50381,0
50382,0
50383,0
50384,0
50385,0
50386,0
50387,1
50388,0
50389,0
50390,0
50391,0
50392,0
50393,0
50394,0
50395,0
50396,0
50397,0
50398,0
50399,0
50400,0
50401,0
50402,0
50403,0
50404,0
50405,0
50406,0
50407,0
50408,0
50409,0
50410,0
50411,0
50412,0
50413,0
50414,0
50415,0
50416,0
50417,0
50418,0
50419,0
50420,0
50421,0
50422,0
50423,0
50424,0
50425,1
50426,0
50427,0
50428,1
50429,0
50430,0
50431,0
50432,1
50433,1
50434,0
50435,1
50436,0
50437,0
50438,0
50439,0
50440,0
50441,0
50442,0
50443,0
50444,0
50445,0
50446,0
50447,0
50448,0
50449,0
50450,0
50451,1
50452,0
50453,0
50454,1
50455,0
50456,0
50457,0
50458,0
50459,0
50460,0
50461,0
50462,0
50463,0
50464,0
50465,1
50466,0
50467,0
50468,0
50469,0
50470,1
50471,0
50472,0
50473,0
50474,0
50475,0
50476,0
50477,0
50478,0
50479,0
50480,0
50481,0
50482,0
50483,0
50484,0
50485,0
50486,0
50487,0
50488,0
50489,0
50490,0
50491,1
50492,0
50493,0
50494,0
50495,1
50496,0
50497,0
50498,0
50499,1
50500,0
50501,0
50502,0
50503,0
50504,0
50505,0
50506,0
50507,0
50508,1
50509,0
50510,0
50511,0
50512,1
50513,0
50514,0
50515,0
50516,0
50517,0
50518,0
50519,0
50520,0
50521,0
50522,0
50523,0
50524,0
50525,0
50526,0
50527,0
50528,0
50529,0
50530,0
50531,1
50532,1
50533,0
50534,0
50535,0
50536,0
50537,0
50538,0
50539,0
50540,1
50541,0
50542,0
50543,0
50544,0
50545,0
50546,0
50547,0
50548,0
50549,1
50550,0
50551,0
50552,0
50553,0
50554,0
50555,0
50556,0
50557,1
50558,0
50559,0
50560,0
50561,0
50562,0
50563,0
50564,0
50565,0
50566,0
50567,1
50568,0
50569,0
50570,0
50571,0
50572,0
50573,0
50574,1
50575,0
50576,0
50577,0
50578,1
50579,0
50580,0
50581,0
50582,0
50583,0
50584,0
50585,0
50586,0
50587,0
50588,0
50589,0
50590,0
50591,0
50592,0
50593,0
50594,0
50595,0
50596,0
50597,0
50598,0
50599,0
50600,0
50601,0
50602,0
50603,0
50604,0
50605,0
50606,0
50607,0
50608,0
50609,0
50610,0
50611,0
50612,0
50613,0
50614,0
50615,0
50616,0
50617,1
50618,0
50619,0
50620,0
50621,0
50622,0
50623,0
50624,0
50625,0
50626,0
50627,1
50628,1
50629,1
50630,0
50631,0
50632,0
50633,0
50634,0
50635,0
50636,0
50637,0
50638,0
50639,0
50640,0
50641,0
50642,0
50643,1
50644,0
50645,0
50646,0
50647,0
50648,0
50649,0
50650,0
50651,1
50652,0
50653,0
50654,0
50655,0
50656,0
50657,0
50658,0
50659,0
50660,0
50661,0
50662,0
50663,0
50664,0
50665,1
50666,1
50667,0
50668,0
50669,0
50670,0
50671,0
50672,1
50673,0
50674,1
50675,0
50676,0
50677,0
50678,0
50679,0
50680,0
50681,0
50682,0
50683,0
50684,0
50685,0
50686,0
50687,0
50688,0
50689,0
50690,0
50691,0
50692,0
50693,0
50694,1
50695,0
50696,0
50697,0
50698,0
50699,0
50700,1
50701,0
50702,1
50703,0
50704,0
50705,0
50706,0
50707,0
50708,1
50709,0
50710,0
50711,1
50712,0
50713,0
50714,0
50715,0
50716,0
50717,0
50718,0
50719,0
50720,0
50721,0
50722,0
50723,0
50724,0
50725,0
50726,0
50727,0
50728,1
50729,0
50730,1
50731,0
50732,0
50733,1
50734,0
50735,0
50736,0
50737,0
50738,0
50739,0
50740,0
50741,0
50742,0
50743,0
50744,0
50745,0
50746,0
50747,0
50748,0
50749,0
50750,0
50751,0
50752,0
50753,0
50754,1
50755,0
50756,0
50757,0
50758,0
50759,0
50760,0
50761,0
50762,0
50763,0
50764,0
50765,0
50766,0
50767,0
50768,0
50769,0
50770,0
50771,0
50772,0
50773,0
50774,0
50775,1
50776,1
50777,0
50778,1
50779,0
50780,1
50781,0
50782,0
50783,0
50784,0
50785,0
50786,0
50787,0
50788,0
50789,1
50790,0
50791,0
50792,0
50793,0
50794,0
50795,0
50796,0
50797,0
50798,1
50799,0
50800,0
50801,0
50802,1
50803,1
50804,0
50805,0
50806,0
50807,1
50808,0
50809,0
50810,0
50811,0
50812,0
50813,0
50814,0
50815,1
50816,0
50817,0
50818,0
50819,0
50820,0
50821,0
50822,0
50823,0
50824,0
50825,0
50826,0
50827,0
50828,0
50829,1
50830,0
50831,0
50832,0
50833,0
50834,1
50835,0
50836,0
50837,0
50838,0
50839,0
50840,0
50841,0
50842,0
50843,0
50844,0
50845,0
50846,0
50847,1
50848,0
50849,0
50850,0
50851,1
50852,0
50853,0
50854,1
50855,1
50856,0
50857,0
50858,0
50859,1
50860,0
50861,0
50862,0
50863,0
50864,0
50865,0
50866,0
50867,0
50868,0
50869,0
50870,1
50871,1
50872,0
50873,0
50874,0
50875,1
50876,0
50877,0
50878,0
50879,0
50880,0
50881,0
50882,0
50883,0
50884,0
50885,0
50886,1
50887,0
50888,0
50889,0
50890,0
50891,0
50892,0
50893,0
50894,0
50895,0
50896,0
50897,0
50898,0
50899,0
50900,0
50901,0
50902,1
50903,1
50904,0
50905,0
50906,0
50907,0
50908,1
50909,1
50910,0
50911,1
50912,0
50913,0
50914,0
50915,0
50916,0
50917,0
50918,0
50919,0
50920,0
50921,0
50922,0
50923,0
50924,0
50925,0
50926,1
50927,0
50928,0
50929,0
50930,0
50931,0
50932,0
50933,0
50934,0
50935,0
50936,0
50937,0
50938,1
50939,0
50940,0
50941,0
50942,0
50943,1
50944,1
50945,0
50946,0
50947,0
50948,0
50949,0
50950,0
50951,0
50952,0
50953,0
50954,0
50955,0
50956,0
50957,0
50958,0
50959,0
50960,0
50961,0
50962,0
50963,1
50964,1
50965,1
50966,0
50967,0
50968,0
50969,0
50970,1
50971,1
50972,0
50973,0
50974,0
50975,0
50976,0
50977,0
50978,0
50979,1
50980,0
50981,0
50982,0
50983,0
50984,0
50985,0
50986,0
50987,0
50988,0
50989,0
50990,0
50991,0
50992,0
50993,0
50994,0
50995,0
50996,1
50997,0
50998,0
50999,0
51000,0
51001,0
51002,0
51003,0
51004,1
51005,1
51006,0
51007,0
51008,0
51009,0
51010,0
51011,0
51012,0
51013,0
51014,0
51015,1
51016,0
51017,0
51018,0
51019,0
51020,0
51021,1
51022,0
51023,0
51024,0
51025,0
51026,0
51027,0
51028,0
51029,1
51030,0
51031,0
51032,0
51033,0
51034,0
51035,0
51036,0
51037,0
51038,0
51039,0
51040,0
51041,0
51042,0
51043,0
51044,0
51045,0
51046,0
51047,0
51048,0
51049,0
51050,0
51051,0
51052,0
51053,0
51054,1
51055,0
51056,0
51057,0
51058,0
51059,0
51060,0
51061,0
51062,0
51063,0
51064,0
51065,1
51066,0
51067,0
51068,1
51069,1
51070,0
51071,0
51072,0
51073,0
51074,0
51075,0
51076,0
51077,0
51078,0
51079,0
51080,1
51081,0
51082,0
51083,0
51084,0
51085,0
51086,0
51087,0
51088,0
51089,0
51090,0
51091,0
51092,1
51093,0
51094,1
51095,0
51096,0
51097,0
51098,0
51099,0
51100,0
51101,0
51102,0
51103,0
51104,0
51105,0
51106,0
51107,0
51108,0
51109,0
51110,1
51111,0
51112,0
51113,0
51114,0
51115,0
51116,0
51117,0
51118,0
51119,0
51120,0
51121,0
51122,0
51123,1
51124,0
51125,0
51126,0
51127,0
51128,0
51129,0
51130,0
51131,0
51132,0
51133,0
51134,0
51135,0
51136,0
51137,0
51138,1
51139,0
51140,0
51141,0
51142,1
51143,0
51144,0
51145,0
51146,0
51147,0
51148,0
51149,0
51150,0
51151,0
51152,0
51153,0
51154,0
51155,0
51156,0
51157,0
51158,0
51159,0
51160,0
51161,1
51162,0
51163,0
51164,0
51165,0
51166,0
51167,1
51168,0
51169,0
51170,0
51171,0
51172,0
51173,0
51174,1
51175,0
51176,0
51177,1
51178,0
51179,0
51180,0
51181,0
51182,0
51183,0
51184,0
51185,0
51186,0
51187,0
51188,1
51189,0
51190,0
51191,0
51192,0
51193,0
51194,0
51195,1
51196,0
51197,1
51198,0
51199,0
51200,1
51201,0
51202,0
51203,0
51204,0
51205,0
51206,0
51207,0
51208,0
51209,0
51210,0
51211,0
51212,0
51213,0
51214,1
51215,0
51216,0
51217,1
51218,0
51219,0
51220,0
51221,0
51222,1
51223,0
51224,0
51225,0
51226,0
51227,0
51228,0
51229,0
51230,0
51231,1
51232,0
51233,0
51234,0
51235,0
51236,0
51237,0
51238,0
51239,0
51240,0
51241,0
51242,1
51243,0
51244,0
51245,0
51246,0
51247,1
51248,0
51249,0
51250,0
51251,0
51252,0
51253,0
51254,0
51255,0
51256,0
51257,0
51258,0
51259,0
51260,0
51261,1
51262,0
51263,0
51264,0
51265,0
51266,0
51267,0
51268,0
51269,0
51270,0
51271,0
51272,0
51273,0
51274,0
51275,0
51276,0
51277,0
51278,0
51279,0
51280,0
51281,0
51282,0
51283,0
51284,0
51285,1
51286,0
51287,0
51288,0
51289,0
51290,0
51291,0
51292,0
51293,0
51294,0
51295,0
51296,0
51297,0
51298,0
51299,0
51300,0
51301,0
51302,0
51303,1
51304,0
51305,0
51306,0
51307,0
51308,0
51309,0
51310,0
51311,0
51312,0
51313,0
51314,0
51315,0
51316,0
51317,0
51318,0
51319,0
51320,0
51321,1
51322,0
51323,0
51324,0
51325,0
51326,0
51327,0
51328,0
51329,0
51330,0
51331,0
51332,0
51333,0
51334,0
51335,0
51336,0
51337,0
51338,0
51339,0
51340,0
51341,1
51342,0
51343,0
51344,0
51345,0
51346,0
51347,0
51348,0
51349,0
51350,0
51351,0
51352,0
51353,0
51354,1
51355,0
51356,0
51357,1
51358,0
51359,0
51360,0
51361,0
51362,0
51363,0
51364,0
51365,0
51366,0
51367,0
51368,1
51369,0
51370,0
51371,0
51372,0
51373,1
51374,0
51375,0
51376,1
51377,1
51378,1
51379,1
51380,0
51381,0
51382,0
51383,0
51384,0
51385,0
51386,0
51387,0
51388,0
51389,0
51390,0
51391,0
51392,1
51393,0
51394,0
51395,0
51396,0
51397,0
51398,0
51399,0
51400,0
51401,0
51402,0
51403,0
51404,0
51405,0
51406,0
51407,1
51408,0
51409,0
51410,0
51411,1
51412,0
51413,0
51414,1
51415,0
51416,0
51417,0
51418,0
51419,0
51420,0
51421,0
51422,0
51423,0
51424,0
51425,0
51426,0
51427,0
51428,0
51429,0
51430,0
51431,0
51432,0
51433,0
51434,0
51435,0
51436,0
51437,0
51438,0
51439,0
51440,0
51441,0
51442,0
51443,0
51444,1
51445,0
51446,0
51447,1
51448,0
51449,0
51450,0
51451,0
51452,0
51453,0
51454,1
51455,0
51456,0
51457,0
51458,0
51459,0
51460,0
51461,0
51462,0
51463,0
51464,0
51465,1
51466,1
51467,0
51468,0
51469,0
51470,0
51471,0
51472,0
51473,0
51474,0
51475,1
51476,0
51477,1
51478,0
51479,0
51480,0
51481,0
51482,0
51483,0
51484,0
51485,0
51486,0
51487,0
51488,0
51489,0
51490,0
51491,0
51492,0
51493,1
51494,0
51495,0
51496,0
51497,0
51498,0
51499,0
51500,0
51501,0
51502,0
51503,1
51504,0
51505,0
51506,0
51507,0
51508,0
51509,0
51510,0
51511,0
51512,0
51513,0
51514,0
51515,0
51516,1
51517,0
51518,0
51519,1
51520,0
51521,0
51522,0
51523,0
51524,0
51525,0
51526,0
51527,0
51528,1
51529,0
51530,0
51531,0
51532,0
51533,0
51534,0
51535,0
51536,0
51537,0
51538,0
51539,0
51540,0
51541,0
51542,0
51543,0
51544,0
51545,0
51546,0
51547,0
51548,0
51549,0
51550,0
51551,0
51552,0
51553,0
51554,0
51555,0
51556,0
51557,0
51558,0
51559,0
51560,0
51561,0
51562,0
51563,0
51564,0
51565,0
51566,0
51567,0
51568,0
51569,0
51570,0
51571,1
51572,0
51573,0
51574,1
51575,0
51576,1
51577,1
51578,1
51579,0
51580,0
51581,0
51582,1
51583,0
51584,0
51585,0
51586,0
51587,1
51588,0
51589,0
51590,0
51591,0
51592,0
51593,0
51594,0
51595,0
51596,0
51597,1
51598,0
51599,0
51600,0
51601,0
51602,0
51603,0
51604,0
51605,0
51606,0
51607,0
51608,0
51609,0
51610,1
51611,0
51612,0
51613,0
51614,0
51615,0
51616,0
51617,0
51618,0
51619,0
51620,0
51621,1
51622,0
51623,0
51624,0
51625,0
51626,0
51627,0
51628,0
51629,1
51630,0
51631,0
51632,0
51633,0
51634,0
51635,0
51636,0
51637,0
51638,0
51639,0
51640,1
51641,0
51642,0
51643,0
51644,0
51645,0
51646,0
51647,1
51648,0
51649,0
51650,0
51651,0
51652,0
51653,0
51654,0
51655,0
51656,0
51657,0
51658,0
51659,0
51660,0
51661,0
51662,0
51663,1
51664,0
51665,0
51666,0
51667,0
51668,0
51669,0
51670,0
51671,0
51672,0
51673,0
51674,0
51675,1
51676,0
51677,1
51678,0
51679,0
51680,0
51681,0
51682,0
51683,0
51684,0
51685,0
51686,1
51687,0
51688,0
51689,0
51690,0
51691,1
51692,0
51693,0
51694,0
51695,1
51696,0
51697,0
51698,0
51699,0
51700,0
51701,0
51702,0
51703,0
51704,0
51705,0
51706,1
51707,0
51708,1
51709,1
51710,0
51711,0
51712,0
51713,0
51714,0
51715,0
51716,0
51717,0
51718,1
51719,0
51720,0
51721,0
51722,0
51723,0
51724,0
51725,0
51726,1
51727,0
51728,0
51729,0
51730,0
51731,0
51732,0
51733,0
51734,0
51735,0
51736,0
51737,0
51738,0
51739,0
51740,0
51741,0
51742,0
51743,0
51744,0
51745,1
51746,0
51747,0
51748,0
51749,0
51750,0
51751,0
51752,0
51753,0
51754,0
51755,0
51756,1
51757,0
51758,0
51759,0
51760,0
51761,0
51762,0
51763,1
51764,0
51765,0
51766,1
51767,0
51768,0
51769,0
51770,0
51771,1
51772,0
51773,0
51774,0
51775,0
51776,0
51777,0
51778,1
51779,0
51780,1
51781,0
51782,1
51783,0
51784,1
51785,0
51786,0
51787,0
51788,0
51789,1
51790,1
51791,0
51792,0
51793,0
51794,0
51795,1
51796,0
51797,1
51798,1
51799,0
51800,1
51801,0
51802,0
51803,0
51804,0
51805,0
51806,0
51807,0
51808,0
51809,0
51810,0
51811,0
51812,0
51813,0
51814,0
51815,0
51816,0
51817,0
51818,0
51819,0
51820,0
51821,0
51822,0
51823,0
51824,0
51825,0
51826,0
51827,0
51828,0
51829,1
51830,0
51831,0
51832,0
51833,0
51834,0
51835,1
51836,0
51837,0
51838,0
51839,0
51840,0
51841,0
51842,0
51843,0
51844,0
51845,0
51846,0
51847,0
51848,1
51849,0
51850,1
51851,0
51852,0
51853,0
51854,0
51855,1
51856,0
51857,0
51858,0
51859,0
51860,0
51861,1
51862,0
51863,0
51864,0
51865,0
51866,1
51867,0
51868,1
51869,0
51870,1
51871,0
51872,0
51873,0
51874,0
51875,0
51876,0
51877,0
51878,0
51879,0
51880,0
51881,0
51882,0
51883,0
51884,0
51885,1
51886,0
51887,0
51888,0
51889,0
51890,0
51891,0
51892,1
51893,1
51894,0
51895,0
51896,0
51897,0
51898,0
51899,1
51900,0
51901,0
51902,0
51903,0
51904,0
51905,0
51906,0
51907,0
51908,0
51909,0
51910,1
51911,0
51912,0
51913,0
51914,0
51915,0
51916,0
51917,0
51918,0
51919,0
51920,0
51921,0
51922,0
51923,1
51924,0
51925,0
51926,0
51927,0
51928,0
51929,0
51930,1
51931,0
51932,0
51933,1
51934,0
51935,0
51936,0
51937,1
51938,0
51939,0
51940,0
51941,0
51942,0
51943,0
51944,0
51945,0
51946,0
51947,0
51948,0
51949,0
51950,0
51951,0
51952,0
51953,0
51954,0
51955,0
51956,0
51957,1
51958,0
51959,0
51960,0
51961,0
51962,0
51963,0
51964,0
51965,0
51966,0
51967,0
51968,0
51969,0
51970,1
51971,1
51972,0
51973,0
51974,0
51975,0
51976,0
51977,0
51978,0
51979,0
51980,0
51981,0
51982,0
51983,0
51984,0
51985,0
51986,0
51987,0
51988,0
51989,1
51990,0
51991,0
51992,0
51993,0
51994,0
51995,0
51996,1
51997,0
51998,0
51999,0
52000,0
52001,0
52002,0
52003,0
52004,0
52005,0
52006,0
52007,0
52008,0
52009,0
52010,0
52011,0
52012,0
52013,0
52014,0
52015,1
52016,0
52017,1
52018,0
52019,0
52020,0
52021,1
52022,0
52023,1
52024,0
52025,0
52026,0
52027,0
52028,0
52029,0
52030,0
52031,0
52032,1
52033,1
52034,0
52035,0
52036,0
52037,0
52038,0
52039,0
52040,0
52041,0
52042,0
52043,0
52044,0
52045,0
52046,0
52047,0
52048,1
52049,1
52050,0
52051,0
52052,1
52053,1
52054,0
52055,1
52056,0
52057,0
52058,0
52059,0
52060,0
52061,0
52062,0
52063,0
52064,1
52065,0
52066,1
52067,0
52068,0
52069,0
52070,0
52071,0
52072,1
52073,0
52074,0
52075,1
52076,0
52077,0
52078,0
52079,0
52080,0
52081,0
52082,0
52083,0
52084,0
52085,0
52086,0
52087,0
52088,0
52089,0
52090,0
52091,0
52092,1
52093,0
52094,0
52095,0
52096,0
52097,0
52098,0
52099,0
52100,0
52101,0
52102,0
52103,0
52104,0
52105,0
52106,0
52107,0
52108,0
52109,0
52110,0
52111,1
52112,0
52113,0
52114,0
52115,0
52116,0
52117,0
52118,0
52119,0
52120,0
52121,0
52122,0
52123,0
52124,0
52125,0
52126,0
52127,0
52128,0
52129,0
52130,0
52131,0
52132,0
52133,0
52134,0
52135,0
52136,0
52137,0
52138,0
52139,0
52140,0
52141,0
52142,0
52143,0
52144,0
52145,1
52146,0
52147,0
52148,1
52149,0
52150,0
52151,0
52152,0
52153,0
52154,0
52155,0
52156,0
52157,0
52158,1
52159,0
52160,0
52161,0
52162,0
52163,0
52164,0
52165,0
52166,0
52167,0
52168,0
52169,1
52170,0
52171,0
52172,0
52173,0
52174,0
52175,0
52176,0
52177,0
52178,0
52179,0
52180,1
52181,1
52182,0
52183,0
52184,0
52185,0
52186,0
52187,0
52188,0
52189,0
52190,0
52191,0
52192,0
52193,0
52194,0
52195,0
52196,0
52197,0
52198,0
52199,0
52200,0
52201,0
52202,0
52203,0
52204,0
52205,1
52206,0
52207,0
52208,1
52209,0
52210,1
52211,0
52212,0
52213,1
52214,0
52215,0
52216,0
52217,0
52218,0
52219,0
52220,0
52221,0
52222,0
52223,0
52224,0
52225,0
52226,0
52227,0
52228,0
52229,0
52230,0
52231,0
52232,0
52233,0
52234,0
52235,1
52236,0
52237,0
52238,0
52239,0
52240,0
52241,0
52242,0
52243,0
52244,0
52245,0
52246,0
52247,0
52248,1
52249,0
52250,0
52251,0
52252,0
52253,0
52254,0
52255,0
52256,0
52257,1
52258,1
52259,0
52260,0
52261,0
52262,0
52263,0
52264,0
52265,0
52266,0
52267,0
52268,1
52269,0
52270,1
52271,0
52272,0
52273,0
52274,0
52275,0
52276,0
52277,0
52278,0
52279,0
52280,0
52281,0
52282,0
52283,0
52284,1
52285,0
52286,1
52287,1
52288,0
52289,0
52290,0
52291,0
52292,0
52293,0
52294,0
52295,0
52296,0
52297,0
52298,0
52299,0
52300,0
52301,0
52302,1
52303,0
52304,0
52305,0
52306,1
52307,0
52308,0
52309,0
52310,0
52311,0
52312,0
52313,0
52314,0
52315,0
52316,0
52317,0
52318,0
52319,1
52320,1
52321,0
52322,0
52323,0
52324,0
52325,0
52326,0
52327,0
52328,0
52329,0
52330,0
52331,0
52332,0
52333,0
52334,0
52335,0
52336,0
52337,0
52338,0
52339,0
52340,1
52341,1
52342,0
52343,0
52344,0
52345,0
52346,0
52347,0
52348,0
52349,0
52350,0
52351,0
52352,0
52353,0
52354,0
52355,0
52356,0
52357,0
52358,0
52359,0
52360,0
52361,1
52362,0
52363,0
52364,1
52365,0
52366,0
52367,0
52368,0
52369,0
52370,0
52371,0
52372,0
52373,0
52374,0
52375,0
52376,0
52377,0
52378,0
52379,1
52380,0
52381,0
52382,0
52383,0
52384,0
52385,0
52386,0
52387,0
52388,0
52389,0
52390,0
52391,0
52392,1
52393,1
52394,0
52395,0
52396,0
52397,0
52398,0
52399,1
52400,0
52401,0
52402,0
52403,0
52404,0
52405,0
52406,0
52407,1
52408,0
52409,0
52410,0
52411,0
52412,1
52413,0
52414,0
52415,0
52416,0
52417,0
52418,0
52419,0
52420,1
52421,0
52422,0
52423,0
52424,0
52425,0
52426,0
52427,1
52428,0
52429,0
52430,1
52431,0
52432,0
52433,0
52434,0
52435,0
52436,0
52437,0
52438,0
52439,0
52440,0
52441,0
52442,0
52443,0
52444,0
52445,0
52446,0
52447,0
52448,1
52449,0
52450,1
52451,0
52452,0
52453,1
52454,1
52455,0
52456,0
52457,0
52458,0
52459,0
52460,0
52461,1
52462,0
52463,0
52464,0
52465,0
52466,0
52467,1
52468,0
52469,0
52470,0
52471,1
52472,0
52473,0
52474,0
52475,0
52476,0
52477,0
52478,0
52479,1
52480,1
52481,0
52482,0
52483,0
52484,0
52485,0
52486,0
52487,1
52488,0
52489,0
52490,0
52491,0
52492,0
52493,1
52494,0
52495,0
52496,1
52497,0
52498,1
52499,0
52500,0
52501,0
52502,0
52503,0
52504,0
52505,0
52506,0
52507,0
52508,0
52509,0
52510,0
52511,0
52512,0
52513,0
52514,1
52515,0
52516,0
52517,0
52518,0
52519,0
52520,0
52521,0
52522,1
52523,0
52524,0
52525,0
52526,0
52527,0
52528,0
52529,0
52530,0
52531,0
52532,0
52533,0
52534,0
52535,0
52536,0
52537,0
52538,1
52539,0
52540,1
52541,0
52542,0
52543,0
52544,1
52545,0
52546,0
52547,0
52548,0
52549,0
52550,0
52551,0
52552,0
52553,1
52554,0
52555,1
52556,0
52557,1
52558,0
52559,0
52560,0
52561,0
52562,0
52563,0
52564,1
52565,0
52566,0
52567,0
52568,0
52569,0
52570,0
52571,0
52572,0
52573,1
52574,0
52575,0
52576,0
52577,1
52578,0
52579,0
52580,0
52581,0
52582,0
52583,1
52584,1
52585,0
52586,0
52587,0
52588,0
52589,0
52590,0
52591,0
52592,0
52593,0
52594,0
52595,0
52596,0
52597,0
52598,0
52599,0
52600,0
52601,0
52602,0
52603,0
52604,0
52605,0
52606,0
52607,0
52608,1
52609,0
52610,0
52611,0
52612,1
52613,0
52614,0
52615,0
52616,0
52617,0
52618,0
52619,0
52620,0
52621,0
52622,0
52623,0
52624,0
52625,0
52626,0
52627,0
52628,0
52629,0
52630,0
52631,0
52632,0
52633,1
52634,0
52635,0
52636,0
52637,1
52638,0
52639,0
52640,0
52641,0
52642,0
52643,0
52644,0
52645,1
52646,0
52647,0
52648,0
52649,0
52650,0
52651,0
52652,0
52653,0
52654,0
52655,0
52656,0
52657,0
52658,0
52659,0
52660,0
52661,0
52662,0
52663,0
52664,0
52665,0
52666,0
52667,0
52668,0
52669,0
52670,0
52671,0
52672,0
52673,0
52674,0
52675,0
52676,0
52677,1
52678,1
52679,0
52680,0
52681,0
52682,0
52683,0
52684,0
52685,0
52686,0
52687,0
52688,0
52689,1
52690,0
52691,0
52692,0
52693,0
52694,0
52695,0
52696,1
52697,0
52698,0
52699,0
52700,0
52701,0
52702,0
52703,0
52704,0
52705,0
52706,0
52707,0
52708,0
52709,1
52710,0
52711,0
52712,0
52713,0
52714,0
52715,1
52716,1
52717,0
52718,0
52719,0
52720,0
52721,0
52722,0
52723,0
52724,0
52725,0
52726,0
52727,0
52728,0
52729,0
52730,1
52731,0
52732,0
52733,0
52734,0
52735,0
52736,0
52737,0
52738,0
52739,0
52740,1
52741,1
52742,0
52743,1
52744,0
52745,0
52746,0
52747,0
52748,1
52749,0
52750,0
52751,0
52752,0
52753,1
52754,0
52755,0
52756,0
52757,0
52758,1
52759,0
52760,0
52761,0
52762,0
52763,0
52764,0
52765,0
52766,0
52767,0
52768,1
52769,0
52770,0
52771,1
52772,0
52773,0
52774,0
52775,0
52776,0
52777,0
52778,0
52779,0
52780,0
52781,0
52782,0
52783,0
52784,0
52785,0
52786,0
52787,0
52788,0
52789,0
52790,0
52791,0
52792,1
52793,0
52794,1
52795,0
52796,0
52797,0
52798,0
52799,0
52800,1
52801,1
52802,0
52803,0
52804,0
52805,0
52806,0
52807,0
52808,0
52809,0
52810,0
52811,0
52812,0
52813,0
52814,0
52815,0
52816,0
52817,0
52818,0
52819,0
52820,1
52821,0
52822,0
52823,0
52824,0
52825,0
52826,0
52827,0
52828,0
52829,1
52830,1
52831,0
52832,0
52833,0
52834,1
52835,0
52836,0
52837,0
52838,0
52839,0
52840,1
52841,0
52842,0
52843,0
52844,0
52845,0
52846,0
52847,0
52848,0
52849,0
52850,0
52851,1
52852,0
52853,0
52854,1
52855,1
52856,0
52857,0
52858,0
52859,0
52860,0
52861,0
52862,1
52863,0
52864,1
52865,0
52866,0
52867,0
52868,0
52869,0
52870,0
52871,0
52872,0
52873,0
52874,1
52875,0
52876,0
52877,0
52878,1
52879,0
52880,0
52881,0
52882,0
52883,0
52884,1
52885,0
52886,0
52887,0
52888,1
52889,0
52890,0
52891,0
52892,0
52893,0
52894,0
52895,0
52896,0
52897,0
52898,0
52899,0
52900,0
52901,0
52902,0
52903,0
52904,0
52905,0
52906,0
52907,0
52908,0
52909,1
52910,0
52911,0
52912,0
52913,0
52914,0
52915,1
52916,0
52917,0
52918,1
52919,0
52920,0
52921,0
52922,0
52923,0
52924,0
52925,0
52926,0
52927,0
52928,0
52929,0
52930,0
52931,0
52932,0
52933,0
52934,0
52935,0
52936,0
52937,0
52938,0
52939,0
52940,0
52941,0
52942,0
52943,1
52944,0
52945,0
52946,0
52947,0
52948,0
52949,0
52950,0
52951,0
52952,0
52953,0
52954,0
52955,0
52956,0
52957,0
52958,0
52959,0
52960,0
52961,1
52962,1
52963,0
52964,0
52965,0
52966,0
52967,0
52968,0
52969,0
52970,0
52971,0
52972,0
52973,0
52974,0
52975,0
52976,0
52977,0
52978,0
52979,0
52980,0
52981,0
52982,0
52983,1
52984,1
52985,0
52986,0
52987,0
52988,0
52989,0
52990,0
52991,0
52992,0
52993,0
52994,0
52995,0
52996,0
52997,0
52998,0
52999,0
53000,0
53001,0
53002,0
53003,0
53004,1
53005,0
53006,0
53007,0
53008,0
53009,0
53010,0
53011,0
53012,0
53013,0
53014,0
53015,0
53016,0
53017,0
53018,0
53019,0
53020,0
53021,0
53022,0
53023,0
53024,0
53025,0
53026,0
53027,0
53028,1
53029,0
53030,0
53031,0
53032,0
53033,0
53034,1
53035,0
53036,0
53037,0
53038,0
53039,0
53040,0
53041,0
53042,0
53043,1
53044,0
53045,0
53046,1
53047,0
53048,0
53049,0
53050,0
53051,0
53052,0
53053,0
53054,0
53055,1
53056,0
53057,0
53058,0
53059,0
53060,0
53061,0
53062,0
53063,0
53064,0
53065,0
53066,1
53067,1
53068,0
53069,1
53070,0
53071,0
53072,0
53073,0
53074,0
53075,0
53076,0
53077,0
53078,0
53079,0
53080,0
53081,0
53082,0
53083,0
53084,0
53085,0
53086,0
53087,0
53088,0
53089,0
53090,0
53091,0
53092,0
53093,0
53094,0
53095,0
53096,0
53097,0
53098,0
53099,0
53100,0
53101,0
53102,1
53103,0
53104,0
53105,1
53106,0
53107,0
53108,0
53109,0
53110,1
53111,0
53112,0
53113,0
53114,0
53115,0
53116,0
53117,0
53118,1
53119,0
53120,0
53121,0
53122,0
53123,1
53124,0
53125,0
53126,0
53127,0
53128,0
53129,0
53130,0
53131,0
53132,0
53133,0
53134,0
53135,0
53136,0
53137,0
53138,0
53139,0
53140,0
53141,0
53142,0
53143,0
53144,0
53145,0
53146,0
53147,1
53148,0
53149,0
53150,0
53151,0
53152,1
53153,0
53154,1
53155,0
53156,0
53157,0
53158,0
53159,1
53160,0
53161,0
53162,0
53163,1
53164,0
53165,0
53166,0
53167,0
53168,0
53169,0
53170,0
53171,0
53172,0
53173,0
53174,0
53175,0
53176,0
53177,0
53178,0
53179,0
53180,0
53181,0
53182,0
53183,0
53184,0
53185,0
53186,0
53187,0
53188,0
53189,0
53190,0
53191,0
53192,0
53193,0
53194,0
53195,0
53196,0
53197,0
53198,0
53199,0
53200,0
53201,0
53202,1
53203,0
53204,1
53205,0
53206,0
53207,0
53208,0
53209,0
53210,0
53211,0
53212,0
53213,0
53214,0
53215,0
53216,0
53217,0
53218,0
53219,0
53220,0
53221,1
53222,1
53223,0
53224,0
53225,0
53226,0
53227,0
53228,0
53229,0
53230,0
53231,0
53232,0
53233,0
53234,1
53235,0
53236,0
53237,0
53238,0
53239,0
53240,0
53241,0
53242,0
53243,1
53244,0
53245,1
53246,0
53247,0
53248,0
53249,0
53250,0
53251,0
53252,0
53253,0
53254,0
53255,1
53256,0
53257,1
53258,0
53259,0
53260,0
53261,0
53262,0
53263,0
53264,0
53265,0
53266,0
53267,0
53268,0
53269,0
53270,0
53271,0
53272,0
53273,0
53274,0
53275,1
53276,0
53277,0
53278,0
53279,0
53280,0
53281,1
53282,1
53283,0
53284,0
53285,0
53286,0
53287,0
53288,0
53289,0
53290,0
53291,0
53292,0
53293,1
53294,0
53295,0
53296,0
53297,0
53298,0
53299,0
53300,0
53301,0
53302,1
53303,0
53304,0
53305,0
53306,0
53307,0
53308,0
53309,1
53310,0
53311,0
53312,0
53313,0
53314,0
53315,0
53316,1
53317,0
53318,0
53319,0
53320,0
53321,0
53322,0
53323,1
53324,0
53325,0
53326,0
53327,0
53328,0
53329,0
53330,0
53331,1
53332,0
53333,1
53334,0
53335,0
53336,0
53337,0
53338,0
53339,0
53340,0
53341,0
53342,0
53343,0
53344,0
53345,0
53346,1
53347,0
53348,0
53349,0
53350,0
53351,0
53352,0
53353,0
53354,0
53355,0
53356,0
53357,0
53358,0
53359,0
53360,0
53361,0
53362,0
53363,0
53364,1
53365,0
53366,0
53367,0
53368,0
53369,0
53370,0
53371,0
53372,0
53373,0
53374,0
53375,0
53376,0
53377,0
53378,0
53379,0
53380,1
53381,0
53382,0
53383,0
53384,0
53385,0
53386,0
53387,0
53388,0
53389,0
53390,0
53391,0
53392,0
53393,0
53394,0
53395,0
53396,0
53397,0
53398,0
53399,0
53400,0
53401,1
53402,0
53403,0
53404,0
53405,0
53406,0
53407,1
53408,0
53409,0
53410,0
53411,1
53412,0
53413,0
53414,1
53415,0
53416,0
53417,1
53418,0
53419,1
53420,0
53421,1
53422,0
53423,0
53424,1
53425,0
53426,0
53427,1
53428,0
53429,0
53430,0
53431,1
53432,1
53433,0
53434,0
53435,0
53436,0
53437,1
53438,0
53439,0
53440,0
53441,0
53442,0
53443,0
53444,0
53445,0
53446,0
53447,0
53448,0
53449,0
53450,0
53451,1
53452,0
53453,0
53454,0
53455,0
53456,0
53457,0
53458,0
53459,0
53460,0
53461,1
53462,0
53463,0
53464,1
53465,0
53466,0
53467,0
53468,0
53469,0
53470,0
53471,1
53472,0
53473,0
53474,0
53475,0
53476,0
53477,0
53478,0
53479,0
53480,0
53481,0
53482,0
53483,0
53484,0
53485,0
53486,0
53487,0
53488,0
53489,0
53490,0
53491,0
53492,0
53493,1
53494,0
53495,0
53496,0
53497,0
53498,0
53499,0
53500,0
53501,1
53502,0
53503,0
53504,0
53505,0
53506,0
53507,0
53508,0
53509,0
53510,0
53511,0
53512,0
53513,1
53514,0
53515,1
53516,0
53517,0
53518,0
53519,0
53520,0
53521,0
53522,1
53523,0
53524,0
53525,0
53526,0
53527,0
53528,1
53529,0
53530,0
53531,0
53532,0
53533,1
53534,0
53535,0
53536,1
53537,0
53538,0
53539,0
53540,0
53541,0
53542,0
53543,0
53544,0
53545,0
53546,0
53547,0
53548,0
53549,0
53550,0
53551,1
53552,0
53553,0
53554,0
53555,0
53556,0
53557,1
53558,0
53559,0
53560,0
53561,0
53562,0
53563,0
53564,0
53565,0
53566,0
53567,1
53568,0
53569,0
53570,0
53571,0
53572,0
53573,0
53574,1
53575,0
53576,1
53577,0
53578,1
53579,0
53580,0
53581,0
53582,0
53583,0
53584,0
53585,0
53586,0
53587,0
53588,0
53589,0
53590,0
53591,0
53592,0
53593,0
53594,1
53595,0
53596,0
53597,0
53598,0
53599,1
53600,1
53601,0
53602,0
53603,0
53604,0
53605,0
53606,0
53607,0
53608,0
53609,0
53610,0
53611,0
53612,0
53613,1
53614,0
53615,0
53616,0
53617,1
53618,0
53619,0
53620,0
53621,0
53622,1
53623,0
53624,0
53625,1
53626,0
53627,0
53628,1
53629,0
53630,0
53631,0
53632,0
53633,0
53634,1
53635,0
53636,0
53637,0
53638,0
53639,0
53640,0
53641,0
53642,0
53643,1
53644,1
53645,0
53646,0
53647,0
53648,1
53649,0
53650,0
53651,0
53652,1
53653,0
53654,0
53655,0
53656,0
53657,0
53658,0
53659,0
53660,0
53661,0
53662,0
53663,0
53664,0
53665,0
53666,0
53667,0
53668,0
53669,1
53670,0
53671,0
53672,0
53673,0
53674,0
53675,0
53676,0
53677,0
53678,0
53679,0
53680,0
53681,0
53682,0
53683,0
53684,0
53685,0
53686,0
53687,0
53688,0
53689,0
53690,0
53691,0
53692,1
53693,0
53694,0
53695,0
53696,0
53697,1
53698,0
53699,0
53700,0
53701,0
53702,0
53703,0
53704,1
53705,0
53706,0
53707,0
53708,0
53709,0
53710,0
53711,0
53712,0
53713,0
53714,0
53715,0
53716,1
53717,0
53718,1
53719,0
53720,0
53721,0
53722,1
53723,0
53724,0
53725,0
53726,0
53727,0
53728,0
53729,0
53730,0
53731,0
53732,0
53733,0
53734,0
53735,1
53736,0
53737,0
53738,0
53739,0
53740,0
53741,0
53742,0
53743,0
53744,0
53745,1
53746,0
53747,0
53748,0
53749,0
53750,0
53751,0
53752,0
53753,0
53754,0
53755,1
53756,0
53757,0
53758,1
53759,0
53760,1
53761,0
53762,0
53763,0
53764,0
53765,0
53766,0
53767,0
53768,0
53769,0
53770,0
53771,0
53772,0
53773,0
53774,0
53775,0
53776,1
53777,0
53778,0
53779,0
53780,0
53781,0
53782,0
53783,0
53784,1
53785,0
53786,0
53787,0
53788,0
53789,0
53790,0
53791,0
53792,0
53793,0
53794,0
53795,0
53796,0
53797,0
53798,0
53799,0
53800,0
53801,0
53802,0
53803,0
53804,1
53805,0
53806,0
53807,0
53808,0
53809,0
53810,0
53811,0
53812,0
53813,0
53814,0
53815,0
53816,0
53817,0
53818,1
53819,0
53820,0
53821,0
53822,0
53823,0
53824,0
53825,0
53826,0
53827,0
53828,0
53829,0
53830,0
53831,0
53832,0
53833,0
53834,1
53835,0
53836,0
53837,0
53838,0
53839,0
53840,0
53841,0
53842,0
53843,0
53844,0
53845,0
53846,0
53847,0
53848,0
53849,0
53850,0
53851,0
53852,1
53853,0
53854,1
53855,0
53856,1
53857,0
53858,0
53859,0
53860,0
53861,0
53862,0
53863,0
53864,0
53865,0
53866,0
53867,1
53868,0
53869,0
53870,0
53871,0
53872,0
53873,0
53874,1
53875,0
53876,0
53877,1
53878,0
53879,1
53880,0
53881,0
53882,1
53883,0
53884,0
53885,0
53886,0
53887,0
53888,0
53889,0
53890,0
53891,0
53892,0
53893,0
53894,0
53895,0
53896,0
53897,0
53898,0
53899,0
53900,0
53901,0
53902,0
53903,0
53904,0
53905,0
53906,0
53907,1
53908,0
53909,0
53910,1
53911,0
53912,0
53913,0
53914,0
53915,0
53916,0
53917,0
53918,0
53919,0
53920,0
53921,0
53922,0
53923,0
53924,1
53925,0
53926,0
53927,0
53928,0
53929,0
53930,0
53931,0
53932,0
53933,0
53934,1
53935,1
53936,0
53937,0
53938,0
53939,1
53940,0
53941,0
53942,1
53943,0
53944,0
53945,1
53946,0
53947,0
53948,0
53949,0
53950,0
53951,0
53952,0
53953,0
53954,0
53955,0
53956,0
53957,0
53958,0
53959,0
53960,0
53961,0
53962,0
53963,0
53964,0
53965,0
53966,0
53967,0
53968,0
53969,0
53970,0
53971,0
53972,1
53973,0
53974,0
53975,0
53976,0
53977,0
53978,0
53979,0
53980,0
53981,0
53982,0
53983,0
53984,0
53985,0
53986,0
53987,1
53988,0
53989,0
53990,0
53991,0
53992,0
53993,0
53994,0
53995,0
53996,0
53997,0
53998,0
53999,0
54000,0
54001,0
54002,0
54003,0
54004,0
54005,1
54006,0
54007,0
54008,0
54009,0
54010,0
54011,0
54012,0
54013,0
54014,0
54015,0
54016,0
54017,0
54018,0
54019,1
54020,1
54021,0
54022,1
54023,0
54024,0
54025,0
54026,0
54027,1
54028,0
54029,0
54030,0
54031,0
54032,0
54033,0
54034,1
54035,0
54036,1
54037,0
54038,0
54039,1
54040,1
54041,0
54042,0
54043,0
54044,0
54045,0
54046,0
54047,0
54048,0
54049,0
54050,0
54051,0
54052,0
54053,0
54054,0
54055,1
54056,0
54057,0
54058,0
54059,0
54060,0
54061,0
54062,0
54063,0
54064,0
54065,1
54066,0
54067,0
54068,0
54069,0
54070,0
54071,0
54072,0
54073,1
54074,0
54075,0
54076,0
54077,0
54078,0
54079,0
54080,0
54081,0
54082,0
54083,0
54084,0
54085,1
54086,0
54087,0
54088,0
54089,1
54090,0
54091,0
54092,0
54093,0
54094,0
54095,0
54096,1
54097,0
54098,1
54099,0
54100,0
54101,0
54102,0
54103,0
54104,0
54105,0
54106,0
54107,1
54108,0
54109,0
54110,0
54111,0
54112,0
54113,0
54114,0
54115,0
54116,0
54117,0
54118,0
54119,0
54120,0
54121,0
54122,0
54123,0
54124,0
54125,0
54126,0
54127,1
54128,0
54129,0
54130,0
54131,0
54132,0
54133,0
54134,0
54135,0
54136,0
54137,0
54138,0
54139,0
54140,1
54141,0
54142,1
54143,0
54144,0
54145,0
54146,0
54147,0
54148,0
54149,0
54150,0
54151,0
54152,0
54153,0
54154,1
54155,0
54156,1
54157,0
54158,0
54159,0
54160,0
54161,0
54162,0
54163,0
54164,0
54165,0
54166,0
54167,0
54168,0
54169,0
54170,1
54171,0
54172,0
54173,0
54174,0
54175,0
54176,0
54177,1
54178,0
54179,0
54180,0
54181,0
54182,0
54183,0
54184,0
54185,0
54186,0
54187,0
54188,0
54189,0
54190,0
54191,0
54192,0
54193,0
54194,0
54195,0
54196,0
54197,0
54198,0
54199,1
54200,0
54201,0
54202,0
54203,0
54204,0
54205,0
54206,0
54207,1
54208,0
54209,0
54210,0
54211,0
54212,0
54213,0
54214,0
54215,1
54216,0
54217,0
54218,0
54219,0
54220,0
54221,0
54222,1
54223,0
54224,0
54225,0
54226,1
54227,0
54228,0
54229,0
54230,0
54231,0
54232,0
54233,0
54234,0
54235,0
54236,0
54237,0
54238,0
54239,0
54240,0
54241,0
54242,0
54243,0
54244,0
54245,0
54246,0
54247,0
54248,0
54249,0
54250,0
54251,0
54252,1
54253,0
54254,0
54255,0
54256,0
54257,0
54258,0
54259,0
54260,0
54261,0
54262,0
54263,0
54264,0
54265,0
54266,0
54267,0
54268,0
54269,0
54270,0
54271,0
54272,0
54273,0
54274,0
54275,0
54276,0
54277,0
54278,0
54279,0
54280,1
54281,0
54282,0
54283,0
54284,0
54285,0
54286,0
54287,0
54288,0
54289,0
54290,0
54291,0
54292,0
54293,0
54294,0
54295,0
54296,0
54297,0
54298,0
54299,0
54300,0
54301,0
54302,0
54303,0
54304,1
54305,0
54306,0
54307,0
54308,0
54309,0
54310,0
54311,0
54312,0
54313,0
54314,0
54315,0
54316,1
54317,0
54318,0
54319,1
54320,0
54321,0
54322,0
54323,0
54324,1
54325,0
54326,0
54327,0
54328,0
54329,0
54330,0
54331,0
54332,0
54333,0
54334,0
54335,0
54336,1
54337,1
54338,0
54339,0
54340,1
54341,0
54342,1
54343,0
54344,0
54345,0
54346,0
54347,0
54348,0
54349,0
54350,0
54351,0
54352,0
54353,1
54354,0
54355,1
54356,0
54357,0
54358,0
54359,0
54360,0
54361,0
54362,0
54363,1
54364,0
54365,0
54366,0
54367,0
54368,0
54369,0
54370,0
54371,0
54372,0
54373,0
54374,0
54375,0
54376,0
54377,0
54378,0
54379,0
54380,0
54381,0
54382,0
54383,0
54384,0
54385,0
54386,0
54387,1
54388,0
54389,0
54390,0
54391,0
54392,0
54393,0
54394,1
54395,1
54396,0
54397,0
54398,0
54399,0
54400,0
54401,0
54402,0
54403,0
54404,0
54405,0
54406,0
54407,0
54408,1
54409,0
54410,0
54411,0
54412,1
54413,0
54414,0
54415,0
54416,0
54417,0
54418,0
54419,0
54420,0
54421,0
54422,1
54423,0
54424,1
54425,0
54426,0
54427,0
54428,0
54429,1
54430,0
54431,0
54432,0
54433,1
54434,0
54435,0
54436,0
54437,1
54438,0
54439,0
54440,0
54441,0
54442,0
54443,1
54444,0
54445,0
54446,0
54447,0
54448,0
54449,0
54450,1
54451,0
54452,0
54453,0
54454,0
54455,0
54456,0
54457,0
54458,0
54459,0
54460,0
54461,1
54462,0
54463,0
54464,0
54465,0
54466,0
54467,0
54468,0
54469,1
54470,0
54471,1
54472,0
54473,0
54474,1
54475,0
54476,0
54477,0
54478,0
54479,0
54480,0
54481,0
54482,0
54483,1
54484,0
54485,0
54486,0
54487,0
54488,0
54489,0
54490,0
54491,0
54492,0
54493,0
54494,0
54495,0
54496,1
54497,0
54498,1
54499,0
54500,1
54501,0
54502,0
54503,0
54504,0
54505,0
54506,0
54507,1
54508,0
54509,0
54510,0
54511,1
54512,0
54513,0
54514,0
54515,1
54516,1
54517,0
54518,0
54519,0
54520,0
54521,0
54522,0
54523,0
54524,0
54525,0
54526,0
54527,0
54528,0
54529,0
54530,0
54531,1
54532,0
54533,0
54534,0
54535,0
54536,0
54537,0
54538,0
54539,0
54540,0
54541,1
54542,0
54543,0
54544,0
54545,0
54546,0
54547,0
54548,0
54549,0
54550,0
54551,1
54552,0
54553,0
54554,0
54555,0
54556,0
54557,0
54558,0
54559,0
54560,0
54561,1
54562,0
54563,0
54564,0
54565,0
54566,0
54567,0
54568,1
54569,0
54570,0
54571,0
54572,0
54573,0
54574,1
54575,0
54576,0
54577,0
54578,0
54579,0
54580,0
54581,0
54582,0
54583,0
54584,0
54585,0
54586,0
54587,0
54588,1
54589,0
54590,0
54591,0
54592,0
54593,0
54594,0
54595,1
54596,0
54597,0
54598,0
54599,0
54600,0
54601,0
54602,0
54603,0
54604,0
54605,0
54606,0
54607,0
54608,0
54609,0
54610,0
54611,0
54612,0
54613,0
54614,0
54615,0
54616,0
54617,0
54618,0
54619,0
54620,0
54621,0
54622,0
54623,0
54624,0
54625,0
54626,0
54627,0
54628,1
54629,1
54630,0
54631,0
54632,0
54633,0
54634,0
54635,0
54636,0
54637,0
54638,0
54639,0
54640,0
54641,1
54642,0
54643,0
54644,0
54645,0
54646,0
54647,0
54648,0
54649,0
54650,0
54651,0
54652,0
54653,0
54654,0
54655,1
54656,0
54657,0
54658,0
54659,0
54660,0
54661,0
54662,0
54663,1
54664,1
54665,0
54666,1
54667,0
54668,0
54669,0
54670,0
54671,0
54672,1
54673,0
54674,0
54675,0
54676,0
54677,0
54678,0
54679,0
54680,0
54681,0
54682,1
54683,0
54684,1
54685,1
54686,0
54687,0
54688,0
54689,0
54690,0
54691,0
54692,0
54693,0
54694,0
54695,0
54696,1
54697,0
54698,1
54699,0
54700,0
54701,1
54702,0
54703,0
54704,0
54705,0
54706,0
54707,0
54708,0
54709,0
54710,0
54711,0
54712,0
54713,0
54714,0
54715,0
54716,1
54717,0
54718,0
54719,0
54720,0
54721,0
54722,0
54723,0
54724,0
54725,0
54726,0
54727,0
54728,0
54729,0
54730,0
54731,0
54732,0
54733,0
54734,0
54735,0
54736,0
54737,0
54738,0
54739,0
54740,0
54741,0
54742,0
54743,0
54744,0
54745,0
54746,0
54747,1
54748,0
54749,0
54750,0
54751,0
54752,0
54753,0
54754,0
54755,0
54756,0
54757,0
54758,0
54759,0
54760,0
54761,0
54762,0
54763,0
54764,0
54765,0
54766,0
54767,0
54768,1
54769,0
54770,0
54771,0
54772,0
54773,0
54774,0
54775,0
54776,1
54777,0
54778,1
54779,0
54780,1
54781,0
54782,0
54783,1
54784,0
54785,0
54786,0
54787,0
54788,0
54789,0
54790,0
54791,0
54792,0
54793,0
54794,0
54795,0
54796,0
54797,0
54798,0
54799,0
54800,1
54801,1
54802,1
54803,1
54804,1
54805,0
54806,0
54807,0
54808,0
54809,0
54810,0
54811,0
54812,0
54813,1
54814,0
54815,0
54816,0
54817,1
54818,0
54819,0
54820,0
54821,0
54822,0
54823,1
54824,0
54825,0
54826,0
54827,1
54828,0
54829,0
54830,0
54831,0
54832,0
54833,0
54834,1
54835,0
54836,0
54837,0
54838,0
54839,0
54840,0
54841,0
54842,1
54843,0
54844,0
54845,0
54846,0
54847,0
54848,0
54849,0
54850,0
54851,0
54852,0
54853,0
54854,0
54855,0
54856,0
54857,0
54858,0
54859,0
54860,0
54861,0
54862,1
54863,0
54864,0
54865,0
54866,0
54867,0
54868,0
54869,0
54870,0
54871,0
54872,0
54873,0
54874,1
54875,1
54876,0
54877,1
54878,0
54879,0
54880,0
54881,0
54882,0
54883,0
54884,0
54885,0
54886,0
54887,0
54888,0
54889,0
54890,0
54891,0
54892,0
54893,0
54894,0
54895,0
54896,0
54897,0
54898,0
54899,1
54900,0
54901,0
54902,0
54903,0
54904,0
54905,1
54906,0
54907,1
54908,1
54909,0
54910,0
54911,0
54912,0
54913,1
54914,0
54915,0
54916,0
54917,0
54918,0
54919,0
54920,0
54921,0
54922,1
54923,0
54924,0
54925,0
54926,0
54927,0
54928,0
54929,0
54930,0
54931,0
54932,0
54933,0
54934,0
54935,0
54936,0
54937,0
54938,0
54939,0
54940,0
54941,0
54942,0
54943,0
54944,0
54945,1
54946,0
54947,1
54948,0
54949,0
54950,1
54951,0
54952,0
54953,0
54954,0
54955,0
54956,0
54957,0
54958,0
54959,0
54960,0
54961,0
54962,0
54963,0
54964,0
54965,0
54966,1
54967,1
54968,0
54969,0
54970,0
54971,1
54972,0
54973,0
54974,0
54975,0
54976,0
54977,0
54978,0
54979,1
54980,0
54981,0
54982,1
54983,0
54984,0
54985,0
54986,0
54987,0
54988,0
54989,0
54990,0
54991,0
54992,0
54993,0
54994,1
54995,0
54996,0
54997,1
54998,0
54999,0
55000,0
55001,0
55002,0
55003,0
55004,0
55005,1
55006,0
55007,0
55008,0
55009,0
55010,0
55011,0
55012,1
55013,1
55014,0
55015,0
55016,0
55017,1
55018,0
55019,0
55020,0
55021,0
55022,0
55023,0
55024,0
55025,1
55026,0
55027,0
55028,0
55029,0
55030,0
55031,0
55032,0
55033,0
55034,0
55035,0
55036,1
55037,0
55038,0
55039,0
55040,0
55041,0
55042,0
55043,0
55044,1
55045,0
55046,0
55047,0
55048,1
55049,1
55050,0
55051,0
55052,0
55053,0
55054,0
55055,1
55056,0
55057,0
55058,0
55059,0
55060,0
55061,0
55062,0
55063,0
55064,0
55065,0
55066,1
55067,0
55068,0
55069,1
55070,0
55071,0
55072,0
55073,0
55074,0
55075,0
55076,0
55077,1
55078,0
55079,0
55080,0
55081,0
55082,0
55083,0
55084,0
55085,0
55086,0
55087,0
55088,0
55089,0
55090,0
55091,0
55092,1
55093,0
55094,0
55095,0
55096,0
55097,1
55098,0
55099,0
55100,0
55101,0
55102,0
55103,0
55104,0
55105,0
55106,0
55107,0
55108,0
55109,1
55110,0
55111,0
55112,0
55113,0
55114,0
55115,0
55116,1
55117,1
55118,0
55119,1
55120,1
55121,0
55122,0
55123,1
55124,1
55125,1
55126,0
55127,0
55128,0
55129,0
55130,0
55131,0
55132,0
55133,0
55134,1
55135,0
55136,0
55137,1
55138,0
55139,0
55140,0
55141,0
55142,0
55143,0
55144,1
55145,0
55146,0
55147,0
55148,0
55149,0
55150,0
55151,0
55152,1
55153,1
55154,1
55155,0
55156,0
55157,0
55158,1
55159,0
55160,0
55161,0
55162,0
55163,0
55164,1
55165,0
55166,0
55167,0
55168,0
55169,0
55170,0
55171,0
55172,0
55173,0
55174,0
55175,0
55176,0
55177,0
55178,0
55179,0
55180,1
55181,0
55182,0
55183,0
55184,0
55185,0
55186,1
55187,1
55188,0
55189,0
55190,0
55191,0
55192,0
55193,1
55194,0
55195,0
55196,0
55197,0
55198,0
55199,1
55200,0
55201,0
55202,0
55203,0
55204,0
55205,0
55206,0
55207,0
55208,0
55209,0
55210,0
55211,1
55212,0
55213,0
55214,0
55215,0
55216,0
55217,0
55218,0
55219,0
55220,0
55221,0
55222,0
55223,0
55224,0
55225,0
55226,0
55227,0
55228,0
55229,1
55230,1
55231,0
55232,0
55233,0
55234,0
55235,0
55236,0
55237,0
55238,0
55239,0
55240,0
55241,1
55242,0
55243,0
55244,0
55245,0
55246,0
55247,0
55248,0
55249,0
55250,0
55251,0
55252,0
55253,0
55254,0
55255,0
55256,0
55257,0
55258,1
55259,0
55260,0
55261,0
55262,0
55263,0
55264,0
55265,0
55266,0
55267,0
55268,0
55269,0
55270,0
55271,0
55272,0
55273,0
55274,0
55275,1
55276,0
55277,1
55278,0
55279,0
55280,1
55281,1
55282,0
55283,0
55284,0
55285,1
55286,0
55287,0
55288,0
55289,0
55290,0
55291,0
55292,0
55293,0
55294,0
55295,1
55296,0
55297,0
55298,1
55299,1
55300,0
55301,0
55302,0
55303,0
55304,0
55305,0
55306,0
55307,0
55308,0
55309,0
55310,0
55311,0
55312,0
55313,0
55314,1
55315,0
55316,0
55317,0
55318,0
55319,0
55320,0
55321,0
55322,0
55323,0
55324,0
55325,0
55326,1
55327,0
55328,0
55329,0
55330,0
55331,0
55332,0
55333,0
55334,0
55335,0
55336,0
55337,0
55338,0
55339,0
55340,0
55341,0
55342,0
55343,0
55344,0
55345,0
55346,0
55347,0
55348,0
55349,0
55350,0
55351,0
55352,0
55353,0
55354,0
55355,0
55356,0
55357,1
55358,0
55359,1
55360,1
55361,0
55362,0
55363,0
55364,0
55365,0
55366,0
55367,1
55368,0
55369,0
55370,1
55371,0
55372,0
55373,0
55374,0
55375,0
55376,0
55377,0
55378,0
55379,0
55380,0
55381,0
55382,1
55383,0
55384,0
55385,0
55386,0
55387,0
55388,0
55389,0
55390,0
55391,0
55392,0
55393,0
55394,0
55395,0
55396,0
55397,0
55398,0
55399,0
55400,0
55401,0
55402,0
55403,0
55404,0
55405,0
55406,0
55407,0
55408,0
55409,0
55410,1
55411,0
55412,0
55413,0
55414,0
55415,0
55416,0
55417,0
55418,0
55419,0
55420,0
55421,0
55422,1
55423,0
55424,0
55425,0
55426,0
55427,0
55428,1
55429,0
55430,1
55431,0
55432,0
55433,0
55434,0
55435,0
55436,0
55437,0
55438,0
55439,0
55440,0
55441,0
55442,0
55443,0
55444,1
55445,1
55446,0
55447,0
55448,0
55449,0
55450,0
55451,0
55452,0
55453,0
55454,0
55455,0
55456,0
55457,0
55458,0
55459,0
55460,0
55461,0
55462,0
55463,0
55464,0
55465,0
55466,0
55467,0
55468,0
55469,0
55470,0
55471,0
55472,0
55473,0
55474,0
55475,0
55476,0
55477,0
55478,0
55479,0
55480,0
55481,0
55482,0
55483,0
55484,0
55485,0
55486,0
55487,0
55488,0
55489,0
55490,0
55491,0
55492,0
55493,0
55494,0
55495,1
55496,1
55497,0
55498,1
55499,0
55500,0
55501,0
55502,0
55503,0
55504,0
55505,0
55506,0
55507,0
55508,0
55509,0
55510,0
55511,1
55512,0
55513,0
55514,0
55515,0
55516,0
55517,0
55518,0
55519,0
55520,0
55521,0
55522,0
55523,0
55524,0
55525,0
55526,0
55527,0
55528,0
55529,0
55530,0
55531,0
55532,0
55533,0
55534,0
55535,0
55536,0
55537,0
55538,0
55539,0
55540,0
55541,0
55542,0
55543,0
55544,0
55545,0
55546,0
55547,0
55548,0
55549,0
55550,0
55551,0
55552,1
55553,0
55554,0
55555,0
55556,0
55557,1
55558,0
55559,0
55560,0
55561,0
55562,0
55563,0
55564,0
55565,0
55566,0
55567,1
55568,0
55569,0
55570,0
55571,0
55572,0
55573,0
55574,0
55575,0
55576,0
55577,0
55578,0
55579,1
55580,0
55581,0
55582,0
55583,0
55584,0
55585,0
55586,0
55587,1
55588,0
55589,0
55590,0
55591,0
55592,0
55593,1
55594,0
55595,0
55596,0
55597,0
55598,0
55599,0
55600,0
55601,0
55602,0
55603,0
55604,0
55605,0
55606,0
55607,0
55608,1
55609,0
55610,0
55611,0
55612,0
55613,0
55614,0
55615,0
55616,0
55617,0
55618,0
55619,0
55620,0
55621,0
55622,0
55623,0
55624,0
55625,0
55626,0
55627,0
55628,0
55629,1
55630,0
55631,0
55632,0
55633,0
55634,1
55635,1
55636,0
55637,1
55638,0
55639,0
55640,0
55641,0
55642,0
55643,0
55644,0
55645,0
55646,0
55647,0
55648,0
55649,0
55650,0
55651,0
55652,1
55653,0
55654,1
55655,0
55656,0
55657,0
55658,0
55659,0
55660,0
55661,0
55662,1
55663,0
55664,0
55665,0
55666,1
55667,0
55668,0
55669,0
55670,0
55671,0
55672,0
55673,0
55674,0
55675,0
55676,0
55677,0
55678,0
55679,0
55680,0
55681,0
55682,0
55683,0
55684,0
55685,0
55686,0
55687,0
55688,1
55689,0
55690,0
55691,0
55692,0
55693,0
55694,0
55695,1
55696,0
55697,0
55698,0
55699,0
55700,0
55701,1
55702,0
55703,1
55704,0
55705,0
55706,0
55707,0
55708,0
55709,0
55710,0
55711,0
55712,0
55713,0
55714,0
55715,0
55716,0
55717,0
55718,0
55719,0
55720,0
55721,0
55722,0
55723,0
55724,0
55725,0
55726,0
55727,0
55728,0
55729,0
55730,0
55731,0
55732,0
55733,1
55734,0
55735,0
55736,0
55737,0
55738,0
55739,0
55740,0
55741,0
55742,0
55743,0
55744,0
55745,0
55746,0
55747,0
55748,0
55749,0
55750,0
55751,0
55752,1
55753,1
55754,0
55755,0
55756,0
55757,0
55758,1
55759,0
55760,0
55761,0
55762,0
55763,0
55764,0
55765,0
55766,0
55767,1
55768,0
55769,0
55770,0
55771,0
55772,0
55773,0
55774,0
55775,0
55776,0
55777,0
55778,0
55779,0
55780,0
55781,0
55782,0
55783,1
55784,0
55785,0
55786,0
55787,0
55788,1
55789,0
55790,0
55791,0
55792,0
55793,1
55794,1
55795,0
55796,0
55797,0
55798,0
55799,0
55800,0
55801,0
55802,0
55803,0
55804,0
55805,0
55806,0
55807,0
55808,0
55809,0
55810,0
55811,0
55812,0
55813,0
55814,0
55815,0
55816,0
55817,0
55818,0
55819,0
55820,0
55821,0
55822,0
55823,0
55824,0
55825,0
55826,0
55827,0
55828,0
55829,0
55830,1
55831,0
55832,0
55833,0
55834,0
55835,0
55836,1
55837,1
55838,0
55839,1
55840,0
55841,0
55842,1
55843,1
55844,0
55845,0
55846,1
55847,0
55848,0
55849,1
55850,0
55851,0
55852,0
55853,0
55854,0
55855,0
55856,0
55857,0
55858,0
55859,0
55860,0
55861,0
55862,0
55863,0
55864,0
55865,0
55866,0
55867,0
55868,0
55869,0
55870,0
55871,1
55872,0
55873,0
55874,0
55875,0
55876,0
55877,0
55878,0
55879,0
55880,0
55881,0
55882,0
55883,0
55884,0
55885,0
55886,0
55887,0
55888,0
55889,1
55890,0
55891,0
55892,0
55893,0
55894,0
55895,0
55896,0
55897,0
55898,0
55899,0
55900,0
55901,0
55902,0
55903,0
55904,0
55905,0
55906,0
55907,0
55908,0
55909,1
55910,0
55911,0
55912,0
55913,0
55914,0
55915,0
55916,0
55917,0
55918,0
55919,1
55920,0
55921,1
55922,0
55923,0
55924,1
55925,0
55926,1
55927,0
55928,0
55929,1
55930,0
55931,0
55932,0
55933,0
55934,0
55935,0
55936,0
55937,0
55938,0
55939,0
55940,0
55941,0
55942,1
55943,0
55944,0
55945,0
55946,1
55947,0
55948,0
55949,0
55950,0
55951,0
55952,0
55953,0
55954,0
55955,0
55956,0
55957,0
55958,0
55959,0
55960,0
55961,0
55962,0
55963,0
55964,0
55965,0
55966,0
55967,0
55968,0
55969,0
55970,0
55971,0
55972,0
55973,0
55974,0
55975,0
55976,0
55977,0
55978,0
55979,0
55980,1
55981,0
55982,0
55983,1
55984,0
55985,0
55986,0
55987,0
55988,0
55989,1
55990,0
55991,0
55992,1
55993,0
55994,0
55995,0
55996,1
55997,0
55998,0
55999,0
56000,0
56001,0
56002,0
56003,0
56004,0
56005,0
56006,0
56007,1
56008,0
56009,0
56010,0
56011,0
56012,0
56013,1
56014,0
56015,0
56016,0
56017,0
56018,0
56019,0
56020,0
56021,0
56022,0
56023,0
56024,1
56025,0
56026,0
56027,0
56028,0
56029,1
56030,0
56031,0
56032,0
56033,0
56034,1
56035,1
56036,1
56037,0
56038,0
56039,0
56040,0
56041,0
56042,0
56043,0
56044,0
56045,0
56046,0
56047,1
56048,0
56049,1
56050,0
56051,0
56052,0
56053,0
56054,0
56055,0
56056,0
56057,0
56058,0
56059,0
56060,0
56061,0
56062,0
56063,0
56064,0
56065,0
56066,0
56067,0
56068,0
56069,0
56070,0
56071,0
56072,1
56073,0
56074,0
56075,1
56076,1
56077,0
56078,0
56079,0
56080,0
56081,0
56082,0
56083,1
56084,0
56085,0
56086,0
56087,0
56088,0
56089,0
56090,0
56091,0
56092,0
56093,0
56094,0
56095,0
56096,0
56097,0
56098,0
56099,0
56100,0
56101,0
56102,0
56103,0
56104,1
56105,0
56106,0
56107,0
56108,1
56109,0
56110,0
56111,0
56112,0
56113,0
56114,0
56115,0
56116,0
56117,0
56118,0
56119,0
56120,0
56121,0
56122,0
56123,0
56124,0
56125,1
56126,0
56127,1
56128,0
56129,0
56130,1
56131,0
56132,0
56133,0
56134,0
56135,0
56136,0
56137,0
56138,0
56139,0
56140,1
56141,0
56142,0
56143,0
56144,0
56145,0
56146,0
56147,0
56148,0
56149,0
56150,0
56151,0
56152,0
56153,0
56154,0
56155,0
56156,0
56157,0
56158,0
56159,0
56160,0
56161,1
56162,0
56163,0
56164,0
56165,0
56166,0
56167,0
56168,0
56169,0
56170,1
56171,0
56172,1
56173,0
56174,0
56175,1
56176,0
56177,0
56178,1
56179,0
56180,0
56181,0
56182,0
56183,0
56184,0
56185,0
56186,0
56187,0
56188,0
56189,1
56190,0
56191,0
56192,0
56193,0
56194,0
56195,0
56196,1
56197,0
56198,0
56199,0
56200,0
56201,0
56202,0
56203,0
56204,0
56205,0
56206,0
56207,0
56208,0
56209,1
56210,0
56211,0
56212,0
56213,0
56214,0
56215,0
56216,0
56217,1
56218,0
56219,0
56220,0
56221,0
56222,0
56223,0
56224,0
56225,0
56226,0
56227,0
56228,0
56229,1
56230,1
56231,0
56232,1
56233,0
56234,0
56235,0
56236,0
56237,0
56238,0
56239,0
56240,0
56241,0
56242,1
56243,0
56244,0
56245,0
56246,0
56247,1
56248,0
56249,0
56250,0
56251,0
56252,0
56253,0
56254,0
56255,0
56256,0
56257,0
56258,0
56259,0
56260,0
56261,0
56262,0
56263,0
56264,0
56265,0
56266,0
56267,1
56268,0
56269,1
56270,0
56271,0
56272,0
56273,0
56274,0
56275,0
56276,0
56277,0
56278,0
56279,0
56280,1
56281,0
56282,0
56283,0
56284,0
56285,0
56286,1
56287,0
56288,0
56289,0
56290,1
56291,0
56292,0
56293,0
56294,0
56295,0
56296,0
56297,0
56298,1
56299,0
56300,0
56301,1
56302,0
56303,0
56304,0
56305,0
56306,0
56307,0
56308,0
56309,0
56310,1
56311,0
56312,0
56313,0
56314,0
56315,1
56316,0
56317,1
56318,1
56319,0
56320,0
56321,0
56322,0
56323,0
56324,1
56325,0
56326,0
56327,1
56328,0
56329,1
56330,0
56331,0
56332,0
56333,0
56334,0
56335,0
56336,0
56337,1
56338,0
56339,1
56340,0
56341,0
56342,0
56343,0
56344,0
56345,0
56346,0
56347,0
56348,0
56349,0
56350,0
56351,0
56352,1
56353,0
56354,0
56355,0
56356,0
56357,0
56358,0
56359,0
56360,0
56361,0
56362,0
56363,0
56364,0
56365,0
56366,0
56367,0
56368,0
56369,1
56370,0
56371,0
56372,1
56373,0
56374,0
56375,0
56376,0
56377,0
56378,1
56379,0
56380,0
56381,1
56382,1
56383,1
56384,0
56385,0
56386,0
56387,0
56388,0
56389,0
56390,0
56391,0
56392,0
56393,0
56394,0
56395,0
56396,0
56397,0
56398,0
56399,0
56400,1
56401,0
56402,0
56403,0
56404,0
56405,0
56406,0
56407,0
56408,0
56409,0
56410,0
56411,0
56412,0
56413,0
56414,0
56415,0
56416,0
56417,0
56418,0
56419,0
56420,0
56421,0
56422,0
56423,0
56424,0
56425,0
56426,0
56427,0
56428,0
56429,0
56430,0
56431,1
56432,0
56433,0
56434,0
56435,0
56436,0
56437,0
56438,0
56439,0
56440,1
56441,1
56442,0
56443,0
56444,0
56445,0
56446,0
56447,0
56448,0
56449,0
56450,0
56451,0
56452,0
56453,0
56454,0
56455,0
56456,0
56457,0
56458,0
56459,0
56460,1
56461,0
56462,0
56463,0
56464,1
56465,0
56466,0
56467,0
56468,0
56469,1
56470,0
56471,0
56472,0
56473,0
56474,0
56475,0
56476,0
56477,0
56478,0
56479,0
56480,0
56481,0
56482,0
56483,0
56484,0
56485,0
56486,0
56487,0
56488,0
56489,0
56490,0
56491,0
56492,0
56493,0
56494,0
56495,0
56496,0
56497,0
56498,0
56499,0
56500,0
56501,0
56502,0
56503,1
56504,0
56505,0
56506,0
56507,0
56508,0
56509,0
56510,0
56511,0
56512,0
56513,0
56514,0
56515,0
56516,0
56517,0
56518,0
56519,0
56520,0
56521,0
56522,0
56523,0
56524,0
56525,0
56526,0
56527,0
56528,0
56529,0
56530,0
56531,0
56532,1
56533,0
56534,0
56535,0
56536,0
56537,0
56538,0
56539,1
56540,0
56541,0
56542,0
56543,0
56544,0
56545,1
56546,0
56547,0
56548,0
56549,0
56550,0
56551,0
56552,0
56553,0
56554,0
56555,0
56556,0
56557,0
56558,0
56559,0
56560,1
56561,0
56562,0
56563,0
56564,0
56565,1
56566,0
56567,1
56568,1
56569,0
56570,0
56571,0
56572,0
56573,0
56574,0
56575,0
56576,0
56577,0
56578,0
56579,1
56580,0
56581,1
56582,0
56583,0
56584,0
56585,1
56586,0
56587,0
56588,0
56589,1
56590,0
56591,0
56592,0
56593,0
56594,0
56595,0
56596,0
56597,0
56598,0
56599,1
56600,1
56601,0
56602,0
56603,0
56604,0
56605,1
56606,0
56607,0
56608,0
56609,0
56610,0
56611,0
56612,1
56613,0
56614,0
56615,0
56616,1
56617,0
56618,0
56619,0
56620,0
56621,0
56622,0
56623,0
56624,0
56625,0
56626,0
56627,0
56628,1
56629,1
56630,0
56631,0
56632,0
56633,0
56634,0
56635,0
56636,0
56637,0
56638,0
56639,0
56640,0
56641,0
56642,0
56643,0
56644,0
56645,0
56646,0
56647,1
56648,1
56649,0
56650,0
56651,0
56652,0
56653,1
56654,1
56655,0
56656,0
56657,0
56658,1
56659,0
56660,0
56661,0
56662,0
56663,0
56664,0
56665,1
56666,0
56667,1
56668,1
56669,0
56670,1
56671,0
56672,0
56673,1
56674,0
56675,1
56676,0
56677,0
56678,0
56679,0
56680,0
56681,0
56682,0
56683,0
56684,0
56685,0
56686,0
56687,0
56688,0
56689,0
56690,0
56691,0
56692,0
56693,0
56694,0
56695,0
56696,0
56697,0
56698,0
56699,0
56700,1
56701,0
56702,0
56703,0
56704,0
56705,0
56706,0
56707,0
56708,0
56709,0
56710,0
56711,0
56712,1
56713,0
56714,0
56715,0
56716,0
56717,0
56718,0
56719,0
56720,0
56721,0
56722,0
56723,0
56724,0
56725,1
56726,0
56727,0
56728,1
56729,0
56730,0
56731,0
56732,1
56733,1
56734,0
56735,0
56736,0
56737,0
56738,0
56739,0
56740,0
56741,0
56742,0
56743,0
56744,0
56745,0
56746,0
56747,0
56748,0
56749,0
56750,0
56751,0
56752,0
56753,0
56754,0
56755,0
56756,0
56757,0
56758,0
56759,0
56760,0
56761,0
56762,0
56763,0
56764,0
56765,1
56766,0
56767,0
56768,0
56769,1
56770,1
56771,0
56772,0
56773,0
56774,0
56775,0
56776,0
56777,0
56778,0
56779,0
56780,0
56781,0
56782,0
56783,0
56784,0
56785,0
56786,1
56787,0
56788,0
56789,0
56790,0
56791,0
56792,0
56793,0
56794,0
56795,0
56796,0
56797,0
56798,0
56799,0
56800,0
56801,0
56802,0
56803,0
56804,0
56805,0
56806,0
56807,0
56808,0
56809,0
56810,0
56811,0
56812,0
56813,0
56814,0
56815,0
56816,0
56817,0
56818,0
56819,0
56820,1
56821,0
56822,1
56823,0
56824,0
56825,0
56826,0
56827,1
56828,0
56829,0
56830,0
56831,1
56832,0
56833,0
56834,1
56835,0
56836,0
56837,0
56838,0
56839,0
56840,0
56841,0
56842,0
56843,0
56844,0
56845,0
56846,0
56847,1
56848,0
56849,0
56850,0
56851,0
56852,0
56853,0
56854,0
56855,1
56856,0
56857,0
56858,0
56859,0
56860,0
56861,0
56862,0
56863,0
56864,0
56865,0
56866,1
56867,0
56868,0
56869,0
56870,0
56871,1
56872,0
56873,1
56874,0
56875,0
56876,0
56877,0
56878,0
56879,0
56880,0
56881,0
56882,0
56883,0
56884,0
56885,0
56886,1
56887,0
56888,1
56889,0
56890,0
56891,0
56892,0
56893,1
56894,0
56895,0
56896,0
56897,0
56898,0
56899,0
56900,0
56901,0
56902,0
56903,0
56904,0
56905,1
56906,0
56907,0
56908,0
56909,0
56910,0
56911,0
56912,0
56913,0
56914,0
56915,1
56916,0
56917,0
56918,0
56919,0
56920,0
56921,0
56922,0
56923,0
56924,0
56925,0
56926,0
56927,0
56928,0
56929,0
56930,0
56931,1
56932,0
56933,0
56934,0
56935,0
56936,0
56937,0
56938,0
56939,0
56940,0
56941,0
56942,0
56943,0
56944,0
56945,0
56946,0
56947,0
56948,0
56949,0
56950,0
56951,0
56952,1
56953,0
56954,0
56955,0
56956,0
56957,0
56958,0
56959,1
56960,0
56961,0
56962,0
56963,0
56964,0
56965,0
56966,0
56967,0
56968,1
56969,1
56970,0
56971,0
56972,0
56973,0
56974,1
56975,0
56976,0
56977,1
56978,0
56979,0
56980,0
56981,0
56982,0
56983,0
56984,1
56985,0
56986,1
56987,0
56988,0
56989,0
56990,0
56991,0
56992,0
56993,0
56994,0
56995,0
56996,0
56997,0
56998,0
56999,1
57000,0
57001,0
57002,0
57003,0
57004,0
57005,0
57006,0
57007,0
57008,0
57009,0
57010,0
57011,0
57012,1
57013,1
57014,0
57015,1
57016,0
57017,0
57018,0
57019,0
57020,0
57021,0
57022,0
57023,0
57024,0
57025,0
57026,0
57027,0
57028,0
57029,0
57030,0
57031,0
57032,0
57033,0
57034,0
57035,0
57036,0
57037,0
57038,0
57039,0
57040,0
57041,0
57042,1
57043,0
57044,0
57045,0
57046,0
57047,0
57048,0
57049,0
57050,0
57051,1
57052,0
57053,0
57054,0
57055,0
57056,1
57057,0
57058,1
57059,0
57060,0
57061,0
57062,0
57063,0
57064,0
57065,0
57066,0
57067,1
57068,0
57069,0
57070,0
57071,0
57072,0
57073,0
57074,0
57075,0
57076,1
57077,0
57078,0
57079,0
57080,0
57081,0
57082,0
57083,0
57084,1
57085,0
57086,0
57087,0
57088,0
57089,0
57090,0
57091,0
57092,0
57093,1
57094,0
57095,0
57096,0
57097,0
57098,0
57099,1
57100,0
57101,0
57102,0
57103,0
57104,0
57105,0
57106,0
57107,0
57108,0
57109,0
57110,1
57111,0
57112,0
57113,0
57114,0
57115,0
57116,0
57117,0
57118,0
57119,0
57120,0
57121,0
57122,0
57123,0
57124,0
57125,1
57126,0
57127,0
57128,1
57129,0
57130,0
57131,0
57132,0
57133,0
57134,0
57135,0
57136,0
57137,0
57138,0
57139,0
57140,0
57141,0
57142,0
57143,0
57144,1
57145,0
57146,0
57147,1
57148,1
57149,0
57150,0
57151,0
57152,0
57153,1
57154,0
57155,1
57156,0
57157,0
57158,0
57159,0
57160,0
57161,1
57162,0
57163,1
57164,0
57165,0
57166,0
57167,0
57168,0
57169,0
57170,0
57171,0
57172,0
57173,0
57174,0
57175,0
57176,0
57177,0
57178,0
57179,1
57180,0
57181,0
57182,0
57183,0
57184,0
57185,0
57186,0
57187,0
57188,0
57189,1
57190,0
57191,0
57192,0
57193,0
57194,0
57195,0
57196,0
57197,0
57198,0
57199,0
57200,0
57201,0
57202,0
57203,1
57204,0
57205,0
57206,1
57207,0
57208,0
57209,0
57210,1
57211,1
57212,0
57213,1
57214,0
57215,0
57216,0
57217,0
57218,0
57219,0
57220,0
57221,0
57222,0
57223,0
57224,0
57225,1
57226,0
57227,0
57228,0
57229,1
57230,0
57231,0
57232,0
57233,0
57234,0
57235,0
57236,0
57237,0
57238,0
57239,0
57240,0
57241,0
57242,0
57243,0
57244,1
57245,0
57246,0
57247,0
57248,0
57249,0
57250,0
57251,0
57252,0
57253,0
57254,0
57255,0
57256,0
57257,0
57258,0
57259,0
57260,0
57261,1
57262,0
57263,0
57264,0
57265,0
57266,0
57267,0
57268,0
57269,0
57270,0
57271,0
57272,0
57273,0
57274,0
57275,0
57276,1
57277,0
57278,0
57279,0
57280,0
57281,0
57282,1
57283,0
57284,0
57285,0
57286,0
57287,0
57288,0
57289,0
57290,0
57291,0
57292,0
57293,0
57294,0
57295,1
57296,0
57297,1
57298,0
57299,0
57300,0
57301,0
57302,0
57303,1
57304,0
57305,0
57306,0
57307,0
57308,0
57309,1
57310,0
57311,0
57312,0
57313,0
57314,0
57315,0
57316,0
57317,1
57318,0
57319,0
57320,0
57321,0
57322,0
57323,0
57324,0
57325,0
57326,1
57327,0
57328,0
57329,0
57330,0
57331,1
57332,0
57333,0
57334,0
57335,0
57336,0
57337,0
57338,0
57339,0
57340,0
57341,0
57342,1
57343,0
57344,1
57345,0
57346,0
57347,0
57348,0
57349,0
57350,0
57351,0
57352,0
57353,0
57354,0
57355,0
57356,0
57357,0
57358,1
57359,0
57360,0
57361,1
57362,0
57363,0
57364,1
57365,0
57366,0
57367,0
57368,1
57369,0
57370,0
57371,0
57372,0
57373,0
57374,0
57375,0
57376,0
57377,0
57378,1
57379,1
57380,0
57381,0
57382,0
57383,0
57384,0
57385,0
57386,0
57387,1
57388,0
57389,0
57390,1
57391,0
57392,0
57393,0
57394,0
57395,1
57396,0
57397,0
57398,0
57399,0
57400,1
57401,0
57402,0
57403,0
57404,0
57405,0
57406,0
57407,0
57408,0
57409,0
57410,0
57411,0
57412,0
57413,0
57414,0
57415,0
57416,0
57417,0
57418,0
57419,0
57420,1
57421,1
57422,0
57423,0
57424,0
57425,0
57426,0
57427,0
57428,0
57429,0
57430,0
57431,0
57432,0
57433,0
57434,0
57435,0
57436,1
57437,0
57438,0
57439,0
57440,1
57441,0
57442,0
57443,0
57444,0
57445,0
57446,0
57447,0
57448,1
57449,0
57450,0
57451,0
57452,0
57453,0
57454,0
57455,0
57456,0
57457,0
57458,0
57459,0
57460,0
57461,0
57462,0
57463,0
57464,0
57465,0
57466,0
57467,1
57468,0
57469,0
57470,0
57471,0
57472,0
57473,0
57474,0
57475,0
57476,0
57477,0
57478,0
57479,0
57480,0
57481,0
57482,0
57483,0
57484,0
57485,0
57486,0
57487,0
57488,0
57489,0
57490,0
57491,0
57492,0
57493,0
57494,0
57495,0
57496,1
57497,1
57498,0
57499,0
57500,0
57501,0
57502,0
57503,1
57504,0
57505,0
57506,0
57507,0
57508,0
57509,0
57510,0
57511,0
57512,0
57513,0
57514,0
57515,0
57516,0
57517,0
57518,0
57519,0
57520,0
57521,0
57522,0
57523,0
57524,0
57525,1
57526,1
57527,0
57528,0
57529,0
57530,0
57531,0
57532,0
57533,0
57534,1
57535,0
57536,1
57537,0
57538,0
57539,0
57540,0
57541,0
57542,0
57543,0
57544,0
57545,0
57546,0
57547,0
57548,0
57549,0
57550,0
57551,0
57552,1
57553,1
57554,0
57555,1
57556,0
57557,0
57558,1
57559,0
57560,0
57561,0
57562,0
57563,0
57564,0
57565,0
57566,0
57567,0
57568,0
57569,0
57570,0
57571,0
57572,0
57573,1
57574,0
57575,0
57576,0
57577,0
57578,0
57579,0
57580,0
57581,0
57582,0
57583,0
57584,0
57585,0
57586,0
57587,0
57588,0
57589,1
57590,0
57591,0
57592,0
57593,0
57594,0
57595,0
57596,1
57597,1
57598,0
57599,0
57600,0
57601,0
57602,0
57603,0
57604,0
57605,0
57606,0
57607,0
57608,0
57609,0
57610,0
57611,0
57612,0
57613,0
57614,0
57615,0
57616,0
57617,0
57618,0
57619,0
57620,0
57621,0
57622,0
57623,0
57624,0
57625,0
57626,0
57627,0
57628,0
57629,0
57630,0
57631,0
57632,0
57633,0
57634,0
57635,0
57636,0
57637,0
57638,0
57639,0
57640,0
57641,1
57642,0
57643,0
57644,0
57645,0
57646,1
57647,0
57648,1
57649,0
57650,0
57651,1
57652,0
57653,0
57654,0
57655,0
57656,1
57657,0
57658,0
57659,0
57660,0
57661,1
57662,0
57663,0
57664,0
57665,0
57666,0
57667,0
57668,0
57669,0
57670,0
57671,0
57672,0
57673,0
57674,0
57675,0
57676,0
57677,1
57678,0
57679,0
57680,0
57681,0
57682,0
57683,0
57684,1
57685,0
57686,0
57687,0
57688,0
57689,0
57690,1
57691,0
57692,0
57693,0
57694,0
57695,1
57696,0
57697,0
57698,0
57699,0
57700,0
57701,0
57702,0
57703,0
57704,0
57705,0
57706,0
57707,0
57708,0
57709,0
57710,0
57711,0
57712,0
57713,0
57714,0
57715,0
57716,0
57717,0
57718,0
57719,0
57720,0
57721,0
57722,0
57723,0
57724,0
57725,0
57726,0
57727,0
57728,0
57729,0
57730,1
57731,0
57732,0
57733,0
57734,0
57735,0
57736,0
57737,0
57738,0
57739,0
57740,1
57741,0
57742,1
57743,1
57744,0
57745,1
57746,0
57747,0
57748,0
57749,0
57750,0
57751,0
57752,0
57753,0
57754,0
57755,0
57756,0
57757,0
57758,0
57759,0
57760,0
57761,0
57762,0
57763,0
57764,0
57765,0
57766,0
57767,0
57768,1
57769,0
57770,0
57771,0
57772,0
57773,0
57774,0
57775,0
57776,1
57777,0
57778,0
57779,0
57780,0
57781,0
57782,0
57783,1
57784,0
57785,1
57786,0
57787,0
57788,0
57789,0
57790,0
57791,0
57792,0
57793,1
57794,0
57795,0
57796,0
57797,0
57798,0
57799,0
57800,0
57801,0
57802,1
57803,0
57804,0
57805,0
57806,0
57807,1
57808,0
57809,0
57810,0
57811,0
57812,0
57813,0
57814,1
57815,0
57816,1
57817,0
57818,0
57819,0
57820,0
57821,0
57822,0
57823,0
57824,0
57825,0
57826,0
57827,1
57828,0
57829,0
57830,0
57831,0
57832,0
57833,0
57834,0
57835,0
57836,0
57837,0
57838,0
57839,0
57840,0
57841,0
57842,0
57843,0
57844,0
57845,0
57846,0
57847,0
57848,0
57849,0
57850,0
57851,0
57852,1
57853,0
57854,0
57855,0
57856,1
57857,0
57858,0
57859,0
57860,0
57861,0
57862,0
57863,0
57864,0
57865,0
57866,0
57867,0
57868,0
57869,0
57870,0
57871,0
57872,0
57873,0
57874,0
57875,0
57876,0
57877,0
57878,1
57879,0
57880,0
57881,0
57882,0
57883,0
57884,1
57885,0
57886,0
57887,0
57888,0
57889,0
57890,0
57891,0
57892,0
57893,0
57894,0
57895,1
57896,0
57897,0
57898,0
57899,0
57900,0
57901,0
57902,1
57903,0
57904,0
57905,1
57906,0
57907,0
57908,0
57909,1
57910,0
57911,0
57912,0
57913,0
57914,0
57915,1
57916,0
57917,0
57918,0
57919,1
57920,0
57921,0
57922,0
57923,0
57924,1
57925,0
57926,0
57927,1
57928,1
57929,0
57930,0
57931,0
57932,1
57933,0
57934,1
57935,0
57936,0
57937,0
57938,0
57939,0
57940,0
57941,0
57942,0
57943,0
57944,1
57945,0
57946,1
57947,0
57948,0
57949,0
57950,0
57951,0
57952,0
57953,0
57954,1
57955,1
57956,0
57957,0
57958,0
57959,0
57960,0
57961,0
57962,0
57963,1
57964,0
57965,0
57966,0
57967,0
57968,0
57969,0
57970,0
57971,1
57972,0
57973,0
57974,0
57975,0
57976,1
57977,0
57978,0
57979,0
57980,0
57981,0
57982,0
57983,0
57984,0
57985,0
57986,0
57987,0
57988,0
57989,0
57990,0
57991,0
57992,0
57993,0
57994,0
57995,0
57996,0
57997,0
57998,0
57999,0
58000,0
58001,0
58002,1
58003,0
58004,0
58005,0
58006,0
58007,0
58008,0
58009,0
58010,0
58011,0
58012,0
58013,0
58014,0
58015,1
58016,0
58017,0
58018,0
58019,0
58020,0
58021,0
58022,0
58023,0
58024,0
58025,0
58026,0
58027,0
58028,0
58029,0
58030,0
58031,0
58032,0
58033,1
58034,0
58035,0
58036,0
58037,1
58038,0
58039,0
58040,0
58041,0
58042,0
58043,0
58044,0
58045,0
58046,0
58047,0
58048,0
58049,0
58050,0
58051,0
58052,0
58053,0
58054,0
58055,0
58056,0
58057,0
58058,0
58059,0
58060,0
58061,0
58062,0
58063,0
58064,0
58065,0
58066,0
58067,0
58068,1
58069,0
58070,0
58071,0
58072,0
58073,0
58074,0
58075,0
58076,0
58077,0
58078,0
58079,0
58080,0
58081,0
58082,0
58083,0
58084,1
58085,0
58086,0
58087,0
58088,0
58089,0
58090,1
58091,0
58092,0
58093,0
58094,0
58095,1
58096,0
58097,0
58098,0
58099,0
58100,0
58101,0
58102,0
58103,0
58104,0
58105,0
58106,1
58107,0
58108,0
58109,0
58110,0
58111,0
58112,0
58113,0
58114,0
58115,1
58116,0
58117,0
58118,0
58119,1
58120,1
58121,1
58122,0
58123,0
58124,0
58125,0
58126,0
58127,1
58128,0
58129,0
58130,0
58131,0
58132,0
58133,0
58134,0
58135,0
58136,0
58137,0
58138,0
58139,0
58140,1
58141,1
58142,0
58143,0
58144,0
58145,0
58146,1
58147,0
58148,0
58149,0
58150,0
58151,0
58152,0
58153,0
58154,0
58155,0
58156,0
58157,0
58158,1
58159,0
58160,0
58161,0
58162,0
58163,0
58164,1
58165,0
58166,0
58167,0
58168,0
58169,0
58170,0
58171,0
58172,0
58173,0
58174,0
58175,0
58176,0
58177,0
58178,0
58179,0
58180,1
58181,1
58182,0
58183,0
58184,1
58185,0
58186,0
58187,1
58188,0
58189,0
58190,0
58191,0
58192,0
58193,0
58194,0
58195,0
58196,0
58197,0
58198,1
58199,1
58200,0
58201,0
58202,0
58203,0
58204,0
58205,0
58206,0
58207,0
58208,0
58209,1
58210,0
58211,0
58212,0
58213,0
58214,0
58215,0
58216,0
58217,0
58218,0
58219,0
58220,1
58221,0
58222,0
58223,0
58224,0
58225,0
58226,0
58227,0
58228,0
58229,0
58230,0
58231,0
58232,0
58233,0
58234,0
58235,0
58236,0
58237,0
58238,1
58239,0
58240,0
58241,0
58242,0
58243,0
58244,0
58245,0
58246,0
58247,1
58248,0
58249,0
58250,0
58251,0
58252,0
58253,0
58254,0
58255,0
58256,0
58257,0
58258,0
58259,1
58260,1
58261,0
58262,1
58263,0
58264,0
58265,0
58266,0
58267,0
58268,0
58269,0
58270,0
58271,0
58272,0
58273,0
58274,0
58275,0
58276,0
58277,0
58278,0
58279,0
58280,1
58281,0
58282,0
58283,0
58284,0
58285,0
58286,0
58287,0
58288,1
58289,0
58290,0
58291,0
58292,0
58293,0
58294,0
58295,0
58296,0
58297,0
58298,0
58299,0
58300,0
58301,0
58302,0
58303,0
58304,0
58305,0
58306,0
58307,0
58308,0
58309,0
58310,0
58311,0
58312,0
58313,0
58314,0
58315,0
58316,0
58317,0
58318,0
58319,0
58320,0
58321,1
58322,0
58323,0
58324,0
58325,0
58326,0
58327,0
58328,0
58329,0
58330,0
58331,1
58332,0
58333,0
58334,0
58335,0
58336,0
58337,0
58338,0
58339,0
58340,0
58341,0
58342,0
58343,0
58344,0
58345,0
58346,0
58347,0
58348,0
58349,0
58350,0
58351,0
58352,0
58353,0
58354,1
58355,0
58356,0
58357,0
58358,0
58359,0
58360,0
58361,0
58362,1
58363,0
58364,0
58365,0
58366,0
58367,0
58368,0
58369,0
58370,0
58371,0
58372,0
58373,0
58374,0
58375,0
58376,0
58377,0
58378,0
58379,0
58380,0
58381,0
58382,0
58383,0
58384,0
58385,0
58386,0
58387,0
58388,0
58389,0
58390,0
58391,0
58392,0
58393,0
58394,1
58395,0
58396,1
58397,0
58398,1
58399,0
58400,0
58401,1
58402,0
58403,0
58404,1
58405,0
58406,0
58407,0
58408,0
58409,0
58410,0
58411,0
58412,1
58413,0
58414,0
58415,0
58416,0
58417,0
58418,0
58419,0
58420,0
58421,1
58422,0
58423,1
58424,0
58425,0
58426,1
58427,0
58428,0
58429,0
58430,0
58431,0
58432,0
58433,0
58434,0
58435,0
58436,0
58437,0
58438,0
58439,0
58440,0
58441,0
58442,0
58443,0
58444,0
58445,0
58446,0
58447,0
58448,0
58449,0
58450,1
58451,0
58452,0
58453,0
58454,0
58455,1
58456,1
58457,0
58458,0
58459,0
58460,1
58461,0
58462,0
58463,0
58464,1
58465,1
58466,0
58467,0
58468,0
58469,0
58470,0
58471,0
58472,1
58473,0
58474,0
58475,0
58476,0
58477,0
58478,0
58479,1
58480,0
58481,0
58482,0
58483,0
58484,0
58485,0
58486,0
58487,0
58488,0
58489,0
58490,0
58491,0
58492,0
58493,0
58494,0
58495,0
58496,1
58497,1
58498,0
58499,0
58500,1
58501,0
58502,0
58503,0
58504,0
58505,0
58506,0
58507,0
58508,0
58509,0
58510,0
58511,0
58512,0
58513,0
58514,0
58515,0
58516,0
58517,0
58518,0
58519,0
58520,0
58521,0
58522,1
58523,1
58524,0
58525,0
58526,0
58527,0
58528,0
58529,0
58530,0
58531,0
58532,0
58533,1
58534,0
58535,0
58536,0
58537,1
58538,0
58539,0
58540,0
58541,0
58542,0
58543,0
58544,0
58545,1
58546,0
58547,0
58548,0
58549,0
58550,0
58551,0
58552,0
58553,0
58554,0
58555,0
58556,0
58557,0
58558,0
58559,0
58560,0
58561,0
58562,0
58563,0
58564,0
58565,0
58566,1
58567,0
58568,0
58569,1
58570,0
58571,0
58572,0
58573,0
58574,0
58575,0
58576,0
58577,0
58578,0
58579,0
58580,0
58581,0
58582,0
58583,0
58584,1
58585,0
58586,0
58587,0
58588,0
58589,0
58590,1
58591,0
58592,0
58593,0
58594,0
58595,0
58596,0
58597,0
58598,0
58599,0
58600,0
58601,0
58602,0
58603,0
58604,1
58605,0
58606,0
58607,0
58608,0
58609,0
58610,1
58611,0
58612,0
58613,0
58614,0
58615,0
58616,0
58617,0
58618,0
58619,0
58620,0
58621,0
58622,0
58623,1
58624,0
58625,0
58626,0
58627,0
58628,0
58629,1
58630,0
58631,0
58632,0
58633,0
58634,0
58635,1
58636,1
58637,0
58638,1
58639,0
58640,0
58641,1
58642,1
58643,0
58644,0
58645,0
58646,0
58647,0
58648,0
58649,0
58650,1
58651,0
58652,0
58653,0
58654,1
58655,0
58656,1
58657,0
58658,0
58659,0
58660,0
58661,1
58662,0
58663,0
58664,0
58665,0
58666,0
58667,0
58668,0
58669,0
58670,0
58671,0
58672,0
58673,0
58674,0
58675,0
58676,0
58677,0
58678,0
58679,0
58680,0
58681,0
58682,0
58683,0
58684,0
58685,0
58686,0
58687,0
58688,0
58689,1
58690,0
58691,0
58692,0
58693,0
58694,1
58695,0
58696,0
58697,0
58698,1
58699,0
58700,0
58701,1
58702,0
58703,0
58704,0
58705,0
58706,0
58707,0
58708,0
58709,0
58710,0
58711,0
58712,0
58713,0
58714,0
58715,0
58716,0
58717,0
58718,0
58719,0
58720,0
58721,0
58722,0
58723,0
58724,0
58725,1
58726,0
58727,0
58728,1
58729,1
58730,0
58731,1
58732,0
58733,1
58734,0
58735,1
58736,0
58737,0
58738,0
58739,0
58740,0
58741,0
58742,0
58743,0
58744,0
58745,0
58746,0
58747,0
58748,0
58749,1
58750,0
58751,0
58752,0
58753,0
58754,1
58755,0
58756,0
58757,0
58758,0
58759,0
58760,0
58761,0
58762,0
58763,0
58764,0
58765,0
58766,0
58767,1
58768,0
58769,0
58770,0
58771,0
58772,0
58773,0
58774,0
58775,0
58776,0
58777,0
58778,0
58779,0
58780,0
58781,0
58782,0
58783,0
58784,0
58785,0
58786,0
58787,1
58788,0
58789,0
58790,0
58791,0
58792,0
58793,0
58794,0
58795,0
58796,0
58797,0
58798,0
58799,0
58800,1
58801,0
58802,1
58803,0
58804,1
58805,0
58806,0
58807,0
58808,0
58809,0
58810,0
58811,0
58812,0
58813,0
58814,0
58815,0
58816,0
58817,0
58818,0
58819,0
58820,1
58821,0
58822,0
58823,0
58824,1
58825,0
58826,1
58827,0
58828,1
58829,0
58830,0
58831,0
58832,0
58833,0
58834,0
58835,0
58836,0
58837,0
58838,0
58839,1
58840,0
58841,0
58842,0
58843,0
58844,0
58845,0
58846,0
58847,0
58848,0
58849,0
58850,0
58851,0
58852,0
58853,1
58854,0
58855,0
58856,0
58857,0
58858,1
58859,0
58860,0
58861,1
58862,0
58863,0
58864,0
58865,0
58866,0
58867,0
58868,0
58869,0
58870,0
58871,0
58872,0
58873,1
58874,0
58875,0
58876,0
58877,1
58878,0
58879,0
58880,0
58881,0
58882,0
58883,1
58884,0
58885,0
58886,0
58887,0
58888,0
58889,0
58890,0
58891,0
58892,0
58893,0
58894,0
58895,1
58896,1
58897,0
58898,0
58899,0
58900,0
58901,0
58902,0
58903,0
58904,0
58905,0
58906,0
58907,0
58908,0
58909,0
58910,0
58911,0
58912,0
58913,0
58914,0
58915,0
58916,1
58917,0
58918,0
58919,0
58920,0
58921,0
58922,1
58923,0
58924,0
58925,0
58926,0
58927,0
58928,0
58929,0
58930,0
58931,0
58932,0
58933,0
58934,0
58935,1
58936,0
58937,0
58938,0
58939,0
58940,0
58941,0
58942,0
58943,0
58944,0
58945,0
58946,0
58947,0
58948,1
58949,0
58950,0
58951,0
58952,0
58953,0
58954,0
58955,0
58956,0
58957,0
58958,0
58959,0
58960,0
58961,0
58962,0
58963,0
58964,0
58965,0
58966,0
58967,0
58968,0
58969,0
58970,0
58971,0
58972,0
58973,0
58974,1
58975,0
58976,1
58977,0
58978,0
58979,0
58980,0
58981,0
58982,1
58983,0
58984,0
58985,1
58986,0
58987,0
58988,0
58989,0
58990,0
58991,0
58992,0
58993,0
58994,0
58995,0
58996,0
58997,0
58998,0
58999,0
59000,0
59001,0
59002,0
59003,1
59004,0
59005,0
59006,0
59007,0
59008,1
59009,0
59010,0
59011,0
59012,1
59013,0
59014,0
59015,0
59016,0
59017,0
59018,0
59019,0
59020,0
59021,0
59022,0
59023,0
59024,0
59025,0
59026,1
59027,0
59028,0
59029,0
59030,0
59031,0
59032,0
59033,0
59034,0
59035,0
59036,0
59037,0
59038,0
59039,0
59040,0
59041,0
59042,0
59043,0
59044,0
59045,0
59046,0
59047,0
59048,0
59049,0
59050,0
59051,0
59052,0
59053,0
59054,0
59055,1
59056,0
59057,0
59058,1
59059,0
59060,0
59061,0
59062,1
59063,0
59064,0
59065,0
59066,0
59067,0
59068,0
59069,0
59070,0
59071,0
59072,1
59073,0
59074,0
59075,0
59076,0
59077,0
59078,0
59079,0
59080,0
59081,0
59082,0
59083,1
59084,0
59085,0
59086,0
59087,0
59088,0
59089,0
59090,1
59091,0
59092,1
59093,0
59094,0
59095,0
59096,0
59097,0
59098,0
59099,0
59100,0
59101,0
59102,0
59103,0
59104,0
59105,0
59106,0
59107,0
59108,0
59109,0
59110,0
59111,0
59112,0
59113,0
59114,0
59115,0
59116,1
59117,0
59118,0
59119,1
59120,0
59121,0
59122,0
59123,1
59124,0
59125,0
59126,0
59127,1
59128,0
59129,1
59130,0
59131,0
59132,0
59133,0
59134,0
59135,0
59136,0
59137,0
59138,0
59139,0
59140,0
59141,0
59142,0
59143,0
59144,0
59145,0
59146,0
59147,0
59148,0
59149,1
59150,1
59151,0
59152,0
59153,0
59154,0
59155,0
59156,0
59157,0
59158,0
59159,0
59160,0
59161,0
59162,0
59163,0
59164,0
59165,1
59166,0
59167,0
59168,0
59169,0
59170,0
59171,1
59172,0
59173,0
59174,0
59175,0
59176,1
59177,1
59178,0
59179,0
59180,0
59181,0
59182,0
59183,0
59184,0
59185,0
59186,0
59187,0
59188,0
59189,0
59190,0
59191,0
59192,0
59193,0
59194,0
59195,0
59196,0
59197,0
59198,0
59199,1
59200,0
59201,0
59202,0
59203,0
59204,0
59205,0
59206,0
59207,0
59208,0
59209,0
59210,1
59211,1
59212,0
59213,1
59214,0
59215,0
59216,1
59217,0
59218,0
59219,0
59220,0
59221,0
59222,0
59223,0
59224,0
59225,0
59226,0
59227,0
59228,1
59229,0
59230,0
59231,0
59232,0
59233,0
59234,0
59235,0
59236,0
59237,0
59238,0
59239,0
59240,0
59241,0
59242,0
59243,0
59244,0
59245,0
59246,0
59247,0
59248,0
59249,0
59250,1
59251,1
59252,0
59253,1
59254,0
59255,0
59256,0
59257,0
59258,0
59259,0
59260,0
59261,0
59262,0
59263,0
59264,0
59265,0
59266,1
59267,0
59268,0
59269,0
59270,0
59271,0
59272,0
59273,0
59274,0
59275,0
59276,0
59277,0
59278,0
59279,0
59280,0
59281,0
59282,0
59283,0
59284,0
59285,0
59286,0
59287,0
59288,0
59289,0
59290,0
59291,0
59292,0
59293,0
59294,0
59295,0
59296,0
59297,0
59298,0
59299,0
59300,0
59301,1
59302,0
59303,1
59304,0
59305,0
59306,0
59307,0
59308,1
59309,0
59310,0
59311,0
59312,1
59313,0
59314,0
59315,0
59316,0
59317,0
59318,0
59319,0
59320,0
59321,0
59322,1
59323,0
59324,0
59325,0
59326,0
59327,0
59328,0
59329,0
59330,1
59331,0
59332,0
59333,0
59334,0
59335,0
59336,0
59337,0
59338,0
59339,0
59340,0
59341,0
59342,0
59343,0
59344,0
59345,1
59346,0
59347,0
59348,0
59349,0
59350,0
59351,1
59352,0
59353,0
59354,0
59355,0
59356,0
59357,0
59358,0
59359,0
59360,0
59361,0
59362,0
59363,0
59364,0
59365,0
59366,0
59367,1
59368,0
59369,0
59370,0
59371,0
59372,1
59373,0
59374,0
59375,0
59376,0
59377,0
59378,0
59379,0
59380,0
59381,0
59382,0
59383,0
59384,0
59385,0
59386,0
59387,0
59388,0
59389,0
59390,0
59391,0
59392,1
59393,1
59394,0
59395,0
59396,1
59397,0
59398,1
59399,0
59400,0
59401,0
59402,0
59403,0
59404,0
59405,1
59406,0
59407,0
59408,0
59409,0
59410,0
59411,0
59412,0
59413,0
59414,0
59415,0
59416,0
59417,0
59418,0
59419,0
59420,0
59421,0
59422,0
59423,0
59424,0
59425,0
59426,0
59427,1
59428,0
59429,0
59430,0
59431,0
59432,0
59433,0
59434,0
59435,0
59436,0
59437,0
59438,0
59439,0
59440,0
59441,0
59442,0
59443,0
59444,1
59445,0
59446,1
59447,0
59448,0
59449,1
59450,0
59451,0
59452,0
59453,0
59454,0
59455,0
59456,1
59457,0
59458,0
59459,0
59460,0
59461,0
59462,0
59463,0
59464,0
59465,0
59466,1
59467,0
59468,0
59469,1
59470,0
59471,1
59472,0
59473,0
59474,0
59475,0
59476,0
59477,0
59478,0
59479,1
59480,0
59481,0
59482,0
59483,1
59484,0
59485,0
59486,0
59487,0
59488,0
59489,0
59490,0
59491,0
59492,1
59493,0
59494,0
59495,0
59496,0
59497,0
59498,0
59499,1
59500,0
59501,0
59502,0
59503,0
59504,0
59505,0
59506,0
59507,0
59508,0
59509,1
59510,0
59511,0
59512,0
59513,0
59514,0
59515,0
59516,0
59517,0
59518,0
59519,1
59520,0
59521,0
59522,0
59523,0
59524,0
59525,0
59526,0
59527,0
59528,0
59529,0
59530,0
59531,0
59532,0
59533,0
59534,1
59535,0
59536,0
59537,0
59538,0
59539,0
59540,1
59541,0
59542,0
59543,0
59544,1
59545,0
59546,0
59547,0
59548,0
59549,1
59550,0
59551,0
59552,1
59553,0
59554,0
59555,1
59556,0
59557,1
59558,0
59559,0
59560,0
59561,0
59562,0
59563,0
59564,0
59565,0
59566,0
59567,0
59568,0
59569,0
59570,0
59571,0
59572,0
59573,0
59574,1
59575,1
59576,0
59577,0
59578,0
59579,1
59580,0
59581,0
59582,0
59583,0
59584,0
59585,0
59586,0
59587,0
59588,0
59589,0
59590,0
59591,0
59592,0
59593,0
59594,0
59595,0
59596,0
59597,0
59598,0
59599,0
59600,0
59601,1
59602,0
59603,1
59604,1
59605,1
59606,0
59607,0
59608,0
59609,0
59610,0
59611,0
59612,0
59613,0
59614,0
59615,0
59616,1
59617,0
59618,0
59619,0
59620,0
59621,0
59622,0
59623,0
59624,0
59625,0
59626,0
59627,0
59628,0
59629,0
59630,0
59631,0
59632,1
59633,1
59634,0
59635,0
59636,0
59637,0
59638,1
59639,0
59640,0
59641,0
59642,0
59643,1
59644,0
59645,0
59646,1
59647,0
59648,0
59649,0
59650,0
59651,0
59652,1
59653,1
59654,1
59655,0
59656,0
59657,0
59658,0
59659,0
59660,0
59661,0
59662,0
59663,0
59664,0
59665,0
59666,0
59667,0
59668,0
59669,0
59670,0
59671,0
59672,0
59673,0
59674,0
59675,1
59676,0
59677,0
59678,0
59679,0
59680,0
59681,0
59682,1
59683,0
59684,0
59685,0
59686,1
59687,0
59688,0
59689,0
59690,0
59691,0
59692,0
59693,0
59694,0
59695,0
59696,0
59697,0
59698,0
59699,0
59700,0
59701,1
59702,0
59703,0
59704,0
59705,0
59706,0
59707,0
59708,0
59709,0
59710,0
59711,0
59712,0
59713,0
59714,0
59715,0
59716,0
59717,0
59718,0
59719,0
59720,0
59721,0
59722,0
59723,0
59724,1
59725,0
59726,0
59727,0
59728,0
59729,0
59730,0
59731,0
59732,0
59733,1
59734,0
59735,0
59736,0
59737,0
59738,0
59739,0
59740,0
59741,0
59742,0
59743,0
59744,0
59745,0
59746,0
59747,0
59748,1
59749,0
59750,0
59751,0
59752,0
59753,0
59754,0
59755,0
59756,0
59757,0
59758,1
59759,0
59760,1
59761,0
59762,1
59763,0
59764,0
59765,0
59766,0
59767,0
59768,0
59769,0
59770,1
59771,1
59772,0
59773,1
59774,0
59775,0
59776,0
59777,1
59778,0
59779,0
59780,0
59781,0
59782,0
59783,0
59784,1
59785,0
59786,0
59787,0
59788,0
59789,0
59790,0
59791,0
59792,1
59793,0
59794,0
59795,0
59796,0
59797,0
59798,0
59799,0
59800,0
59801,0
59802,0
59803,0
59804,0
59805,1
59806,0
59807,0
59808,0
59809,0
59810,0
59811,1
59812,0
59813,0
59814,0
59815,0
59816,0
59817,0
59818,0
59819,1
59820,0
59821,0
59822,0
59823,0
59824,0
59825,0
59826,0
59827,0
59828,0
59829,0
59830,0
59831,0
59832,0
59833,1
59834,0
59835,0
59836,0
59837,0
59838,0
59839,0
59840,0
59841,1
59842,0
59843,0
59844,0
59845,0
59846,1
59847,0
59848,0
59849,0
59850,1
59851,0
59852,0
59853,0
59854,0
59855,0
59856,0
59857,0
59858,0
59859,1
59860,0
59861,0
59862,1
59863,0
59864,0
59865,0
59866,0
59867,0
59868,0
59869,0
59870,1
59871,0
59872,0
59873,1
59874,0
59875,1
59876,0
59877,0
59878,0
59879,0
59880,0
59881,0
59882,1
59883,0
59884,0
59885,0
59886,0
59887,0
59888,0
59889,0
59890,0
59891,0
59892,0
59893,0
59894,0
59895,0
59896,0
59897,0
59898,0
59899,0
59900,0
59901,0
59902,0
59903,0
59904,0
59905,0
59906,0
59907,0
59908,0
59909,0
59910,0
59911,0
59912,1
59913,0
59914,0
59915,0
59916,0
59917,0
59918,0
59919,0
59920,1
59921,0
59922,0
59923,1
59924,1
59925,0
59926,0
59927,1
59928,0
59929,0
59930,0
59931,0
59932,0
59933,0
59934,0
59935,0
59936,0
59937,0
59938,1
59939,0
59940,0
59941,0
59942,0
59943,0
59944,0
59945,0
59946,0
59947,0
59948,0
59949,0
59950,0
59951,0
59952,0
59953,0
59954,0
59955,0
59956,0
59957,0
59958,0
59959,0
59960,0
59961,0
59962,0
59963,0
59964,1
59965,0
59966,0
59967,0
59968,0
59969,0
59970,0
59971,0
59972,1
59973,0
59974,0
59975,0
59976,0
59977,1
59978,0
59979,1
59980,0
59981,1
59982,0
59983,1
59984,0
59985,0
59986,0
59987,0
59988,0
59989,0
59990,0
59991,0
59992,0
59993,1
59994,0
59995,0
59996,0
59997,0
59998,0
59999,0
60000,0
60001,0
60002,0
60003,0
60004,0
60005,0
60006,0
60007,0
60008,0
60009,0
60010,0
60011,0
60012,1
60013,1
60014,0
60015,0
60016,1
60017,0
60018,1
60019,0
60020,0
60021,0
60022,0
60023,0
60024,0
60025,0
60026,0
60027,0
60028,0
60029,0
60030,0
60031,0
60032,0
60033,0
60034,0
60035,0
60036,0
60037,0
60038,0
60039,0
60040,0
60041,0
60042,0
60043,0
60044,0
60045,1
60046,1
60047,0
60048,0
60049,0
60050,0
60051,0
60052,0
60053,0
60054,0
60055,0
60056,0
60057,0
60058,0
60059,0
60060,0
60061,0
60062,0
60063,0
60064,0
60065,0
60066,0
60067,0
60068,0
60069,0
60070,0
60071,0
60072,0
60073,0
60074,0
60075,0
60076,0
60077,0
60078,0
60079,0
60080,0
60081,0
60082,0
60083,0
60084,0
60085,0
60086,0
60087,0
60088,0
60089,0
60090,0
60091,0
60092,0
60093,0
60094,0
60095,0
60096,1
60097,0
60098,0
60099,0
60100,0
60101,0
60102,0
60103,0
60104,0
60105,0
60106,0
60107,0
60108,0
60109,0
60110,1
60111,0
60112,0
60113,0
60114,0
60115,0
60116,0
60117,0
60118,0
60119,1
60120,0
60121,0
60122,0
60123,0
60124,0
60125,1
60126,0
60127,0
60128,0
60129,1
60130,0
60131,0
60132,0
60133,0
60134,0
60135,0
60136,1
60137,0
60138,0
60139,0
60140,0
60141,1
60142,0
60143,1
60144,0
60145,0
60146,0
60147,0
60148,0
60149,0
60150,0
60151,0
60152,0
60153,0
60154,0
60155,0
60156,0
60157,0
60158,0
60159,0
60160,0
60161,0
60162,0
60163,0
60164,0
60165,0
60166,0
60167,0
60168,0
60169,0
60170,0
60171,0
60172,0
60173,1
60174,0
60175,1
60176,0
60177,0
60178,0
60179,0
60180,0
60181,0
60182,0
60183,0
60184,0
60185,0
60186,0
60187,0
60188,0
60189,0
60190,0
60191,0
60192,1
60193,0
60194,0
60195,0
60196,0
60197,1
60198,0
60199,0
60200,1
60201,0
60202,0
60203,0
60204,0
60205,0
60206,0
60207,0
60208,0
60209,0
60210,0
60211,1
60212,0
60213,0
60214,0
60215,0
60216,1
60217,0
60218,0
60219,0
60220,0
60221,0
60222,0
60223,0
60224,0
60225,0
60226,1
60227,1
60228,0
60229,1
60230,0
60231,0
60232,0
60233,0
60234,0
60235,0
60236,0
60237,0
60238,0
60239,0
60240,0
60241,0
60242,1
60243,0
60244,0
60245,1
60246,0
60247,0
60248,0
60249,0
60250,0
60251,0
60252,0
60253,0
60254,0
60255,1
60256,0
60257,0
60258,0
60259,0
60260,0
60261,0
60262,0
60263,0
60264,1
60265,0
60266,0
60267,0
60268,0
60269,0
60270,0
60271,0
60272,0
60273,0
60274,0
60275,0
60276,0
60277,1
60278,0
60279,0
60280,0
60281,0
60282,0
60283,0
60284,0
60285,0
60286,0
60287,0
60288,0
60289,0
60290,0
60291,0
60292,0
60293,0
60294,0
60295,0
60296,0
60297,0
60298,0
60299,0
60300,0
60301,0
60302,0
60303,0
60304,1
60305,0
60306,1
60307,0
60308,0
60309,0
60310,0
60311,0
60312,1
60313,0
60314,0
60315,0
60316,0
60317,0
60318,0
60319,0
60320,0
60321,0
60322,0
60323,0
60324,0
60325,0
60326,0
60327,0
60328,0
60329,0
60330,1
60331,0
60332,0
60333,0
60334,0
60335,0
60336,0
60337,0
60338,0
60339,0
60340,0
60341,0
60342,0
60343,0
60344,0
60345,0
60346,0
60347,0
60348,0
60349,0
60350,0
60351,0
60352,0
60353,0
60354,1
60355,0
60356,0
60357,0
60358,0
60359,0
60360,0
60361,1
60362,0
60363,0
60364,0
60365,0
60366,0
60367,0
60368,1
60369,0
60370,0
60371,0
60372,1
60373,0
60374,0
60375,0
60376,0
60377,0
60378,1
60379,1
60380,0
60381,1
60382,0
60383,0
60384,1
60385,0
60386,0
60387,0
60388,0
60389,0
60390,0
60391,0
60392,0
60393,0
60394,0
60395,0
60396,0
60397,0
60398,0
60399,0
60400,0
60401,0
60402,0
60403,0
60404,0
60405,0
60406,0
60407,1
60408,0
60409,0
60410,0
60411,0
60412,0
60413,0
60414,0
60415,1
60416,0
60417,0
60418,0
60419,0
60420,1
60421,1
60422,0
60423,0
60424,0
60425,0
60426,0
60427,0
60428,0
60429,0
60430,0
60431,0
60432,0
60433,0
60434,0
60435,0
60436,0
60437,0
60438,0
60439,0
60440,0
60441,0
60442,1
60443,0
60444,0
60445,0
60446,0
60447,0
60448,0
60449,0
60450,0
60451,0
60452,1
60453,0
60454,0
60455,0
60456,0
60457,0
60458,1
60459,0
60460,0
60461,0
60462,1
60463,0
60464,0
60465,0
60466,0
60467,0
60468,0
60469,0
60470,0
60471,0
60472,0
60473,0
60474,1
60475,0
60476,0
60477,0
60478,0
60479,0
60480,0
60481,0
60482,0
60483,0
60484,1
60485,0
60486,0
60487,0
60488,0
60489,0
60490,0
60491,0
60492,0
60493,0
60494,0
60495,0
60496,0
60497,1
60498,0
60499,0
60500,0
60501,0
60502,1
60503,0
60504,0
60505,0
60506,0
60507,0
60508,0
60509,0
60510,0
60511,0
60512,0
60513,0
60514,0
60515,0
60516,1
60517,0
60518,0
60519,0
60520,0
60521,0
60522,0
60523,0
60524,0
60525,0
60526,0
60527,0
60528,0
60529,0
60530,0
60531,0
60532,1
60533,0
60534,0
60535,1
60536,0
60537,0
60538,1
60539,0
60540,0
60541,0
60542,0
60543,0
60544,0
60545,0
60546,0
60547,0
60548,0
60549,1
60550,0
60551,0
60552,0
60553,1
60554,0
60555,0
60556,0
60557,0
60558,0
60559,1
60560,0
60561,0
60562,0
60563,0
60564,0
60565,0
60566,0
60567,0
60568,0
60569,1
60570,0
60571,0
60572,0
60573,0
60574,0
60575,0
60576,0
60577,1
60578,0
60579,0
60580,0
60581,0
60582,0
60583,0
60584,0
60585,1
60586,1
60587,1
60588,0
60589,0
60590,0
60591,0
60592,0
60593,0
60594,1
60595,0
60596,0
60597,0
60598,0
60599,1
60600,0
60601,0
60602,0
60603,0
60604,0
60605,0
60606,0
60607,0
60608,0
60609,0
60610,0
60611,1
60612,0
60613,0
60614,1
60615,0
60616,0
60617,0
60618,0
60619,0
60620,0
60621,1
60622,0
60623,0
60624,0
60625,1
60626,0
60627,0
60628,0
60629,1
60630,0
60631,0
60632,0
60633,0
60634,1
60635,0
60636,0
60637,0
60638,0
60639,0
60640,0
60641,0
60642,0
60643,0
60644,0
60645,0
60646,0
60647,0
60648,1
60649,0
60650,0
60651,0
60652,0
60653,0
60654,0
60655,0
60656,0
60657,0
60658,0
60659,0
60660,0
60661,1
60662,0
60663,0
60664,0
60665,0
60666,0
60667,0
60668,0
60669,0
60670,0
60671,1
60672,0
60673,0
60674,0
60675,0
60676,1
60677,1
60678,0
60679,0
60680,0
60681,0
60682,0
60683,1
60684,0
60685,1
60686,0
60687,0
60688,0
60689,1
60690,0
60691,0
60692,0
60693,0
60694,1
60695,0
60696,0
60697,0
60698,0
60699,0
60700,0
60701,0
60702,0
60703,0
60704,0
60705,0
60706,0
60707,0
60708,0
60709,0
60710,0
60711,0
60712,1
60713,0
60714,0
60715,0
60716,0
60717,0
60718,0
60719,0
60720,0
60721,0
60722,0
60723,0
60724,0
60725,0
60726,0
60727,0
60728,0
60729,0
60730,0
60731,0
60732,0
60733,0
60734,0
60735,0
60736,0
60737,0
60738,0
60739,0
60740,0
60741,0
60742,0
60743,0
60744,0
60745,0
60746,0
60747,0
60748,0
60749,0
60750,0
60751,0
60752,0
60753,0
60754,0
60755,0
60756,1
60757,0
60758,0
60759,0
60760,0
60761,0
60762,0
60763,0
60764,0
60765,0
60766,0
60767,0
60768,0
60769,0
60770,0
60771,0
60772,0
60773,1
60774,0
60775,0
60776,0
60777,1
60778,0
60779,0
60780,0
60781,0
60782,0
60783,0
60784,0
60785,0
60786,0
60787,0
60788,0
60789,0
60790,0
60791,0
60792,0
60793,1
60794,0
60795,0
60796,0
60797,1
60798,0
60799,0
60800,0
60801,1
60802,0
60803,1
60804,0
60805,0
60806,0
60807,0
60808,0
60809,0
60810,0
60811,0
60812,0
60813,0
60814,0
60815,1
60816,1
60817,0
60818,0
60819,0
60820,1
60821,0
60822,0
60823,0
60824,0
60825,1
60826,0
60827,0
60828,0
60829,0
60830,0
60831,1
60832,0
60833,0
60834,0
60835,0
60836,1
60837,0
60838,0
60839,0
60840,0
60841,0
60842,0
60843,0
60844,0
60845,1
60846,0
60847,0
60848,0
60849,0
60850,0
60851,0
60852,0
60853,0
60854,0
60855,0
60856,0
60857,0
60858,0
60859,0
60860,0
60861,0
60862,0
60863,0
60864,0
60865,0
60866,0
60867,0
60868,0
60869,0
60870,0
60871,0
60872,0
60873,0
60874,1
60875,0
60876,0
60877,0
60878,0
60879,0
60880,0
60881,0
60882,0
60883,0
60884,0
60885,0
60886,0
60887,0
60888,0
60889,0
60890,0
60891,0
60892,0
60893,0
60894,0
60895,1
60896,1
60897,1
60898,1
60899,0
60900,0
60901,0
60902,0
60903,1
60904,0
60905,1
60906,0
60907,0
60908,0
60909,0
60910,0
60911,0
60912,0
60913,0
60914,0
60915,0
60916,0
60917,0
60918,0
60919,0
60920,0
60921,0
60922,0
60923,0
60924,0
60925,0
60926,0
60927,0
60928,0
60929,0
60930,0
60931,0
60932,0
60933,0
60934,0
60935,0
60936,0
60937,0
60938,1
60939,0
60940,0
60941,0
60942,0
60943,0
60944,0
60945,0
60946,0
60947,0
60948,0
60949,0
60950,0
60951,1
60952,1
60953,0
60954,0
60955,1
60956,0
60957,0
60958,0
60959,0
60960,0
60961,0
60962,0
60963,0
60964,0
60965,1
60966,1
60967,0
60968,0
60969,0
60970,0
60971,0
60972,1
60973,0
60974,0
60975,0
60976,0
60977,0
60978,0
60979,1
60980,0
60981,0
60982,0
60983,0
60984,0
60985,0
60986,0
60987,0
60988,0
60989,0
60990,0
60991,0
60992,1
60993,0
60994,0
60995,0
60996,0
60997,0
60998,1
60999,0
61000,0
61001,0
61002,0
61003,0
61004,0
61005,0
61006,0
61007,0
61008,0
61009,0
61010,0
61011,1
61012,0
61013,0
61014,0
61015,0
61016,0
61017,1
61018,0
61019,0
61020,0
61021,0
61022,0
61023,0
61024,1
61025,1
61026,0
61027,0
61028,0
61029,0
61030,0
61031,0
61032,0
61033,0
61034,0
61035,0
61036,0
61037,0
61038,0
61039,0
61040,1
61041,0
61042,0
61043,0
61044,0
61045,0
61046,0
61047,0
61048,0
61049,0
61050,0
61051,0
61052,0
61053,0
61054,0
61055,0
61056,0
61057,0
61058,0
61059,0
61060,0
61061,0
61062,0
61063,0
61064,0
61065,0
61066,0
61067,0
61068,0
61069,0
61070,0
61071,0
61072,0
61073,0
61074,0
61075,0
61076,0
61077,0
61078,0
61079,0
61080,0
61081,0
61082,0
61083,0
61084,0
61085,0
61086,0
61087,0
61088,0
61089,0
61090,0
61091,1
61092,0
61093,0
61094,0
61095,0
61096,0
61097,0
61098,0
61099,1
61100,0
61101,0
61102,0
61103,0
61104,0
61105,0
61106,0
61107,0
61108,0
61109,1
61110,0
61111,0
61112,0
61113,0
61114,0
61115,0
61116,0
61117,0
61118,0
61119,0
61120,0
61121,1
61122,0
61123,0
61124,0
61125,0
61126,0
61127,0
61128,0
61129,0
61130,0
61131,0
61132,0
61133,0
61134,0
61135,0
61136,0
61137,1
61138,1
61139,0
61140,0
61141,0
61142,0
61143,0
61144,0
61145,0
61146,0
61147,0
61148,0
61149,0
61150,0
61151,0
61152,0
61153,1
61154,0
61155,0
61156,0
61157,0
61158,0
61159,0
61160,0
61161,0
61162,0
61163,0
61164,0
61165,0
61166,0
61167,1
61168,0
61169,0
61170,0
61171,0
61172,1
61173,0
61174,0
61175,0
61176,0
61177,0
61178,0
61179,0
61180,0
61181,0
61182,0
61183,0
61184,0
61185,0
61186,0
61187,0
61188,0
61189,0
61190,0
61191,0
61192,0
61193,0
61194,1
61195,0
61196,1
61197,0
61198,0
61199,0
61200,0
61201,0
61202,0
61203,0
61204,0
61205,0
61206,0
61207,0
61208,0
61209,1
61210,0
61211,1
61212,1
61213,0
61214,1
61215,0
61216,0
61217,0
61218,0
61219,0
61220,1
61221,0
61222,0
61223,0
61224,0
61225,0
61226,1
61227,0
61228,0
61229,0
61230,0
61231,0
61232,0
61233,0
61234,0
61235,0
61236,0
61237,0
61238,0
61239,0
61240,0
61241,1
61242,0
61243,0
61244,0
61245,0
61246,0
61247,0
61248,0
61249,0
61250,0
61251,0
61252,0
61253,0
61254,0
61255,0
61256,0
61257,0
61258,0
61259,0
61260,0
61261,0
61262,1
61263,0
61264,0
61265,0
61266,0
61267,0
61268,0
61269,0
61270,0
61271,1
61272,0
61273,0
61274,0
61275,0
61276,0
61277,0
61278,0
61279,1
61280,0
61281,0
61282,0
61283,0
61284,0
61285,0
61286,1
61287,0
61288,0
61289,0
61290,0
61291,0
61292,0
61293,0
61294,0
61295,0
61296,0
61297,0
61298,0
61299,0
61300,0
61301,0
61302,0
61303,1
61304,0
61305,0
61306,0
61307,1
61308,1
61309,0
61310,0
61311,0
61312,1
61313,1
61314,0
61315,0
61316,0
61317,0
61318,0
61319,0
61320,0
61321,0
61322,0
61323,0
61324,0
61325,0
61326,0
61327,0
61328,0
61329,0
61330,1
61331,0
61332,0
61333,0
61334,0
61335,0
61336,0
61337,0
61338,0
61339,1
61340,0
61341,0
61342,1
61343,0
61344,0
61345,0
61346,0
61347,0
61348,0
61349,0
61350,1
61351,0
61352,0
61353,0
61354,0
61355,0
61356,0
61357,1
61358,0
61359,0
61360,0
61361,1
61362,0
61363,0
61364,1
61365,0
61366,0
61367,0
61368,0
61369,0
61370,0
61371,0
61372,0
61373,0
61374,1
61375,0
61376,0
61377,0
61378,0
61379,0
61380,0
61381,0
61382,0
61383,0
61384,0
61385,0
61386,0
61387,0
61388,0
61389,1
61390,0
61391,0
61392,0
61393,0
61394,0
61395,0
61396,0
61397,0
61398,0
61399,0
61400,0
61401,0
61402,0
61403,0
61404,1
61405,1
61406,0
61407,0
61408,0
61409,0
61410,0
61411,0
61412,0
61413,0
61414,0
61415,0
61416,0
61417,0
61418,0
61419,0
61420,0
61421,0
61422,0
61423,0
61424,1
61425,0
61426,0
61427,1
61428,0
61429,1
61430,0
61431,0
61432,0
61433,0
61434,0
61435,0
61436,0
61437,0
61438,0
61439,0
61440,0
61441,0
61442,0
61443,0
61444,1
61445,1
61446,0
61447,0
61448,0
61449,0
61450,0
61451,0
61452,0
61453,0
61454,1
61455,1
61456,0
61457,0
61458,0
61459,0
61460,0
61461,0
61462,0
61463,0
61464,0
61465,0
61466,0
61467,0
61468,0
61469,0
61470,0
61471,0
61472,0
61473,0
61474,0
61475,0
61476,0
61477,0
61478,0
61479,0
61480,0
61481,0
61482,0
61483,0
61484,0
61485,0
61486,0
61487,1
61488,0
61489,0
61490,0
61491,0
61492,0
61493,0
61494,0
61495,0
61496,0
61497,0
61498,0
61499,0
61500,0
61501,0
61502,0
61503,0
61504,0
61505,0
61506,0
61507,0
61508,1
61509,0
61510,0
61511,0
61512,0
61513,0
61514,0
61515,0
61516,0
61517,0
61518,0
61519,0
61520,0
61521,0
61522,0
61523,1
61524,0
61525,0
61526,0
61527,0
61528,0
61529,0
61530,0
61531,0
61532,0
61533,0
61534,0
61535,0
61536,0
61537,0
61538,0
61539,0
61540,0
61541,0
61542,0
61543,0
61544,1
61545,0
61546,1
61547,0
61548,0
61549,0
61550,0
61551,0
61552,0
61553,0
61554,0
61555,1
61556,0
61557,0
61558,1
61559,0
61560,0
61561,0
61562,1
61563,0
61564,1
61565,1
61566,0
61567,0
61568,0
61569,0
61570,1
61571,0
61572,0
61573,0
61574,1
61575,0
61576,0
61577,0
61578,1
61579,0
61580,0
61581,0
61582,0
61583,0
61584,0
61585,1
61586,0
61587,0
61588,0
61589,0
61590,1
61591,0
61592,1
61593,0
61594,0
61595,1
61596,1
61597,0
61598,1
61599,0
61600,0
61601,0
61602,0
61603,0
61604,0
61605,0
61606,0
61607,0
61608,0
61609,0
61610,0
61611,0
61612,0
61613,0
61614,0
61615,1
61616,0
61617,0
61618,0
61619,0
61620,0
61621,0
61622,0
61623,1
61624,0
61625,0
61626,0
61627,0
61628,0
61629,0
61630,0
61631,0
61632,1
61633,0
61634,0
61635,0
61636,0
61637,0
61638,0
61639,0
61640,0
61641,0
61642,0
61643,0
61644,0
61645,0
61646,0
61647,0
61648,1
61649,0
61650,1
61651,1
61652,0
61653,0
61654,0
61655,0
61656,0
61657,0
61658,0
61659,0
61660,0
61661,1
61662,0
61663,0
61664,1
61665,0
61666,1
61667,1
61668,0
61669,0
61670,0
61671,0
61672,0
61673,0
61674,0
61675,0
61676,0
61677,0
61678,0
61679,0
61680,0
61681,1
61682,0
61683,0
61684,0
61685,0
61686,0
61687,0
61688,0
61689,0
61690,0
61691,0
61692,0
61693,0
61694,0
61695,0
61696,0
61697,0
61698,0
61699,0
61700,0
61701,0
61702,1
61703,1
61704,0
61705,0
61706,0
61707,0
61708,0
61709,0
61710,0
61711,1
61712,1
61713,0
61714,0
61715,0
61716,0
61717,0
61718,0
61719,0
61720,0
61721,0
61722,0
61723,1
61724,0
61725,1
61726,0
61727,0
61728,0
61729,0
61730,0
61731,0
61732,0
61733,0
61734,0
61735,0
61736,0
61737,0
61738,0
61739,0
61740,0
61741,1
61742,0
61743,0
61744,0
61745,0
61746,0
61747,0
61748,0
61749,0
61750,0
61751,0
61752,0
61753,0
61754,0
61755,0
61756,0
61757,0
61758,0
61759,0
61760,0
61761,0
61762,0
61763,0
61764,0
61765,0
61766,1
61767,1
61768,0
61769,0
61770,0
61771,0
61772,0
61773,0
61774,0
61775,0
61776,0
61777,0
61778,0
61779,0
61780,0
61781,0
61782,0
61783,0
61784,0
61785,1
61786,0
61787,0
61788,0
61789,0
61790,1
61791,1
61792,0
61793,0
61794,0
61795,0
61796,0
61797,0
61798,0
61799,1
61800,0
61801,0
61802,0
61803,1
61804,0
61805,1
61806,0
61807,0
61808,0
61809,0
61810,0
61811,0
61812,0
61813,0
61814,0
61815,0
61816,0
61817,0
61818,1
61819,0
61820,0
61821,0
61822,0
61823,0
61824,0
61825,0
61826,1
61827,0
61828,0
61829,0
61830,0
61831,0
61832,0
61833,0
61834,0
61835,0
61836,0
61837,0
61838,0
61839,0
61840,0
61841,0
61842,0
61843,0
61844,0
61845,0
61846,0
61847,0
61848,0
61849,0
61850,0
61851,0
61852,0
61853,0
61854,0
61855,0
61856,0
61857,0
61858,0
61859,0
61860,0
61861,1
61862,0
61863,0
61864,0
61865,0
61866,0
61867,0
61868,0
61869,0
61870,0
61871,0
61872,0
61873,0
61874,0
61875,0
61876,0
61877,0
61878,0
61879,1
61880,0
61881,0
61882,0
61883,0
61884,0
61885,0
61886,0
61887,0
61888,0
61889,0
61890,0
61891,0
61892,0
61893,0
61894,0
61895,0
61896,1
61897,0
61898,0
61899,0
61900,1
61901,0
61902,0
61903,0
61904,0
61905,0
61906,0
61907,1
61908,0
61909,1
61910,0
61911,0
61912,0
61913,0
61914,0
61915,0
61916,0
61917,0
61918,1
61919,0
61920,0
61921,0
61922,0
61923,0
61924,0
61925,0
61926,0
61927,0
61928,1
61929,1
61930,0
61931,0
61932,0
61933,0
61934,0
61935,0
61936,1
61937,0
61938,0
61939,0
61940,1
61941,0
61942,0
61943,0
61944,0
61945,0
61946,0
61947,1
61948,0
61949,0
61950,0
61951,1
61952,0
61953,0
61954,0
61955,0
61956,0
61957,0
61958,0
61959,0
61960,0
61961,0
61962,1
61963,0
61964,0
61965,0
61966,0
61967,0
61968,0
61969,0
61970,0
61971,0
61972,1
61973,1
61974,0
61975,0
61976,0
61977,0
61978,0
61979,0
61980,0
61981,0
61982,0
61983,0
61984,1
61985,0
61986,0
61987,0
61988,0
61989,0
61990,0
61991,0
61992,0
61993,0
61994,0
61995,0
61996,1
61997,0
61998,0
61999,1
62000,0
62001,0
62002,0
62003,0
62004,1
62005,0
62006,0
62007,0
62008,0
62009,0
62010,0
62011,0
62012,0
62013,0
62014,0
62015,0
62016,0
62017,0
62018,0
62019,0
62020,0
62021,0
62022,0
62023,0
62024,0
62025,1
62026,0
62027,0
62028,0
62029,0
62030,0
62031,0
62032,1
62033,0
62034,0
62035,0
62036,0
62037,1
62038,0
62039,0
62040,0
62041,0
62042,0
62043,1
62044,0
62045,1
62046,0
62047,0
62048,0
62049,0
62050,0
62051,0
62052,0
62053,0
62054,0
62055,1
62056,0
62057,0
62058,0
62059,0
62060,0
62061,0
62062,0
62063,0
62064,0
62065,0
62066,1
62067,0
62068,0
62069,0
62070,0
62071,0
62072,0
62073,0
62074,0
62075,0
62076,0
62077,0
62078,0
62079,1
62080,0
62081,0
62082,0
62083,0
62084,0
62085,0
62086,0
62087,0
62088,0
62089,0
62090,0
62091,0
62092,0
62093,0
62094,1
62095,1
62096,0
62097,0
62098,0
62099,0
62100,0
62101,0
62102,0
62103,1
62104,0
62105,0
62106,0
62107,0
62108,0
62109,0
62110,0
62111,0
62112,0
62113,0
62114,0
62115,0
62116,0
62117,0
62118,0
62119,0
62120,0
62121,0
62122,0
62123,0
62124,0
62125,0
62126,0
62127,1
62128,0
62129,0
62130,0
62131,0
62132,1
62133,0
62134,0
62135,1
62136,0
62137,0
62138,1
62139,0
62140,1
62141,0
62142,0
62143,0
62144,0
62145,0
62146,0
62147,1
62148,0
62149,0
62150,0
62151,0
62152,0
62153,0
62154,0
62155,0
62156,0
62157,0
62158,0
62159,0
62160,0
62161,0
62162,0
62163,0
62164,0
62165,0
62166,0
62167,0
62168,0
62169,0
62170,1
62171,1
62172,0
62173,0
62174,0
62175,0
62176,0
62177,0
62178,0
62179,0
62180,0
62181,0
62182,1
62183,0
62184,0
62185,0
62186,0
62187,0
62188,0
62189,0
62190,0
62191,0
62192,0
62193,0
62194,0
62195,0
62196,0
62197,0
62198,0
62199,0
62200,0
62201,0
62202,0
62203,0
62204,0
62205,1
62206,0
62207,0
62208,1
62209,0
62210,0
62211,0
62212,0
62213,0
62214,0
62215,0
62216,0
62217,0
62218,0
62219,0
62220,0
62221,0
62222,1
62223,0
62224,0
62225,1
62226,0
62227,0
62228,0
62229,0
62230,0
62231,0
62232,0
62233,0
62234,0
62235,0
62236,0
62237,0
62238,0
62239,0
62240,0
62241,0
62242,1
62243,0
62244,0
62245,0
62246,0
62247,0
62248,0
62249,0
62250,0
62251,0
62252,0
62253,0
62254,0
62255,0
62256,0
62257,0
62258,0
62259,0
62260,0
62261,0
62262,0
62263,0
62264,0
62265,1
62266,0
62267,1
62268,0
62269,0
62270,0
62271,0
62272,0
62273,0
62274,0
62275,1
62276,1
62277,0
62278,0
62279,0
62280,0
62281,0
62282,0
62283,0
62284,0
62285,0
62286,1
62287,1
62288,0
62289,0
62290,0
62291,0
62292,0
62293,0
62294,0
62295,0
62296,0
62297,0
62298,0
62299,0
62300,0
62301,0
62302,1
62303,0
62304,1
62305,0
62306,0
62307,0
62308,0
62309,0
62310,0
62311,0
62312,0
62313,0
62314,0
62315,0
62316,0
62317,0
62318,0
62319,0
62320,0
62321,0
62322,1
62323,0
62324,0
62325,0
62326,0
62327,0
62328,0
62329,0
62330,0
62331,0
62332,0
62333,0
62334,0
62335,1
62336,0
62337,0
62338,0
62339,0
62340,0
62341,0
62342,0
62343,0
62344,0
62345,0
62346,0
62347,0
62348,0
62349,0
62350,0
62351,0
62352,0
62353,0
62354,0
62355,0
62356,1
62357,0
62358,0
62359,0
62360,0
62361,0
62362,0
62363,0
62364,0
62365,0
62366,0
62367,0
62368,0
62369,0
62370,0
62371,0
62372,0
62373,0
62374,0
62375,0
62376,0
62377,0
62378,0
62379,0
62380,0
62381,0
62382,0
62383,0
62384,0
62385,0
62386,1
62387,0
62388,0
62389,0
62390,0
62391,0
62392,0
62393,0
62394,0
62395,0
62396,0
62397,0
62398,0
62399,0
62400,0
62401,0
62402,0
62403,0
62404,0
62405,0
62406,0
62407,1
62408,0
62409,0
62410,0
62411,0
62412,0
62413,0
62414,0
62415,0
62416,0
62417,0
62418,0
62419,0
62420,0
62421,0
62422,1
62423,0
62424,0
62425,0
62426,0
62427,1
62428,0
62429,0
62430,0
62431,0
62432,0
62433,0
62434,0
62435,0
62436,0
62437,0
62438,0
62439,0
62440,0
62441,0
62442,0
62443,0
62444,0
62445,0
62446,0
62447,0
62448,0
62449,0
62450,0
62451,0
62452,0
62453,0
62454,0
62455,0
62456,0
62457,0
62458,0
62459,0
62460,0
62461,0
62462,0
62463,0
62464,0
62465,1
62466,0
62467,0
62468,0
62469,0
62470,0
62471,0
62472,0
62473,0
62474,0
62475,0
62476,0
62477,0
62478,0
62479,0
62480,0
62481,0
62482,0
62483,0
62484,0
62485,0
62486,0
62487,0
62488,0
62489,0
62490,0
62491,0
62492,0
62493,0
62494,0
62495,0
62496,0
62497,0
62498,0
62499,0
62500,0
62501,0
62502,0
62503,0
62504,0
62505,0
62506,0
62507,0
62508,0
62509,1
62510,0
62511,0
62512,0
62513,0
62514,0
62515,0
62516,0
62517,0
62518,0
62519,0
62520,1
62521,0
62522,0
62523,0
62524,0
62525,0
62526,0
62527,0
62528,0
62529,0
62530,0
62531,0
62532,0
62533,0
62534,0
62535,0
62536,0
62537,0
62538,0
62539,0
62540,0
62541,0
62542,0
62543,0
62544,1
62545,0
62546,0
62547,0
62548,0
62549,1
62550,0
62551,0
62552,0
62553,0
62554,0
62555,0
62556,0
62557,0
62558,0
62559,0
62560,0
62561,0
62562,1
62563,0
62564,0
62565,0
62566,0
62567,0
62568,0
62569,0
62570,0
62571,0
62572,0
62573,0
62574,0
62575,0
62576,0
62577,0
62578,0
62579,0
62580,1
62581,0
62582,0
62583,0
62584,0
62585,0
62586,0
62587,0
62588,0
62589,0
62590,0
62591,0
62592,0
62593,0
62594,0
62595,0
62596,0
62597,0
62598,1
62599,0
62600,0
62601,0
62602,0
62603,0
62604,0
62605,0
62606,1
62607,0
62608,0
62609,0
62610,0
62611,1
62612,0
62613,0
62614,0
62615,1
62616,0
62617,1
62618,0
62619,0
62620,0
62621,0
62622,1
62623,0
62624,0
62625,0
62626,0
62627,0
62628,0
62629,0
62630,1
62631,0
62632,0
62633,0
62634,0
62635,0
62636,0
62637,0
62638,0
62639,0
62640,0
62641,0
62642,0
62643,1
62644,0
62645,0
62646,0
62647,0
62648,0
62649,0
62650,0
62651,0
62652,0
62653,1
62654,0
62655,1
62656,0
62657,0
62658,1
62659,0
62660,0
62661,0
62662,0
62663,0
62664,0
62665,0
62666,0
62667,0
62668,0
62669,0
62670,0
62671,0
62672,0
62673,0
62674,1
62675,0
62676,0
62677,0
62678,0
62679,0
62680,0
62681,0
62682,1
62683,0
62684,0
62685,1
62686,0
62687,0
62688,0
62689,0
62690,0
62691,0
62692,0
62693,1
62694,1
62695,0
62696,0
62697,0
62698,0
62699,0
62700,0
62701,0
62702,0
62703,0
62704,0
62705,0
62706,0
62707,0
62708,0
62709,0
62710,0
62711,0
62712,0
62713,0
62714,0
62715,1
62716,0
62717,0
62718,0
62719,0
62720,0
62721,0
62722,0
62723,0
62724,0
62725,0
62726,0
62727,0
62728,0
62729,0
62730,0
62731,0
62732,0
62733,0
62734,0
62735,0
62736,0
62737,0
62738,0
62739,1
62740,0
62741,0
62742,0
62743,0
62744,0
62745,0
62746,0
62747,0
62748,0
62749,0
62750,0
62751,0
62752,0
62753,1
62754,0
62755,0
62756,0
62757,0
62758,0
62759,0
62760,0
62761,0
62762,1
62763,0
62764,0
62765,0
62766,0
62767,0
62768,1
62769,0
62770,0
62771,0
62772,0
62773,1
62774,0
62775,0
62776,1
62777,0
62778,0
62779,0
62780,0
62781,0
62782,0
62783,0
62784,0
62785,0
62786,0
62787,0
62788,1
62789,0
62790,0
62791,0
62792,0
62793,0
62794,0
62795,0
62796,0
62797,0
62798,0
62799,0
62800,0
62801,0
62802,1
62803,0
62804,0
62805,0
62806,0
62807,0
62808,0
62809,0
62810,0
62811,0
62812,0
62813,0
62814,0
62815,0
62816,0
62817,0
62818,0
62819,0
62820,0
62821,0
62822,1
62823,0
62824,0
62825,0
62826,0
62827,0
62828,0
62829,0
62830,0
62831,0
62832,0
62833,0
62834,0
62835,0
62836,0
62837,0
62838,0
62839,0
62840,0
62841,0
62842,0
62843,0
62844,0
62845,0
62846,0
62847,0
62848,0
62849,0
62850,0
62851,0
62852,0
62853,0
62854,0
62855,0
62856,1
62857,0
62858,0
62859,0
62860,0
62861,0
62862,0
62863,0
62864,0
62865,0
62866,0
62867,0
62868,0
62869,0
62870,0
62871,0
62872,0
62873,0
62874,0
62875,0
62876,0
62877,0
62878,0
62879,1
62880,0
62881,0
62882,0
62883,0
62884,0
62885,0
62886,0
62887,0
62888,0
62889,0
62890,0
62891,1
62892,1
62893,0
62894,0
62895,0
62896,1
62897,0
62898,1
62899,1
62900,0
62901,0
62902,0
62903,0
62904,0
62905,0
62906,0
62907,0
62908,0
62909,0
62910,0
62911,0
62912,1
62913,0
62914,0
62915,0
62916,0
62917,0
62918,0
62919,0
62920,0
62921,0
62922,0
62923,0
62924,0
62925,0
62926,0
62927,0
62928,0
62929,0
62930,0
62931,0
62932,1
62933,1
62934,0
62935,0
62936,0
62937,1
62938,0
62939,0
62940,0
62941,0
62942,0
62943,0
62944,1
62945,1
62946,1
62947,0
62948,1
62949,0
62950,0
62951,0
62952,0
62953,0
62954,0
62955,0
62956,0
62957,0
62958,0
62959,0
62960,0
62961,0
62962,0
62963,0
62964,0
62965,0
62966,1
62967,0
62968,1
62969,0
62970,0
62971,0
62972,0
62973,0
62974,1
62975,0
62976,0
62977,0
62978,0
62979,0
62980,0
62981,0
62982,0
62983,0
62984,0
62985,0
62986,0
62987,0
62988,1
62989,0
62990,0
62991,0
62992,0
62993,0
62994,0
62995,1
62996,0
62997,0
62998,0
62999,0
63000,0
63001,0
63002,0
63003,0
63004,0
63005,0
63006,0
63007,0
63008,0
63009,0
63010,0
63011,0
63012,0
63013,0
63014,0
63015,0
63016,0
63017,0
63018,0
63019,0
63020,0
63021,0
63022,0
63023,0
63024,0
63025,0
63026,0
63027,0
63028,1
63029,0
63030,0
63031,0
63032,1
63033,1
63034,0
63035,0
63036,0
63037,0
63038,0
63039,0
63040,1
63041,0
63042,0
63043,0
63044,0
63045,1
63046,0
63047,0
63048,1
63049,0
63050,0
63051,0
63052,0
63053,0
63054,0
63055,0
63056,1
63057,0
63058,1
63059,0
63060,1
63061,0
63062,1
63063,0
63064,0
63065,0
63066,0
63067,0
63068,0
63069,0
63070,0
63071,0
63072,0
63073,0
63074,0
63075,0
63076,0
63077,0
63078,0
63079,0
63080,0
63081,0
63082,0
63083,0
63084,1
63085,0
63086,0
63087,0
63088,0
63089,0
63090,1
63091,0
63092,0
63093,0
63094,0
63095,0
63096,0
63097,0
63098,0
63099,0
63100,1
63101,0
63102,1
63103,0
63104,0
63105,0
63106,0
63107,0
63108,0
63109,0
63110,0
63111,0
63112,0
63113,0
63114,0
63115,0
63116,1
63117,0
63118,0
63119,0
63120,0
63121,0
63122,0
63123,0
63124,0
63125,0
63126,0
63127,0
63128,1
63129,0
63130,0
63131,0
63132,0
63133,1
63134,0
63135,0
63136,0
63137,0
63138,0
63139,1
63140,0
63141,0
63142,0
63143,0
63144,1
63145,0
63146,0
63147,0
63148,0
63149,0
63150,1
63151,1
63152,0
63153,0
63154,1
63155,0
63156,1
63157,0
63158,0
63159,0
63160,0
63161,0
63162,0
63163,0
63164,0
63165,0
63166,0
63167,0
63168,0
63169,0
63170,0
63171,0
63172,0
63173,0
63174,0
63175,0
63176,0
63177,0
63178,1
63179,0
63180,0
63181,1
63182,1
63183,0
63184,0
63185,0
63186,0
63187,0
63188,0
63189,0
63190,0
63191,0
63192,0
63193,0
63194,0
63195,1
63196,0
63197,0
63198,0
63199,0
63200,0
63201,0
63202,0
63203,0
63204,0
63205,0
63206,0
63207,0
63208,0
63209,0
63210,0
63211,0
63212,0
63213,1
63214,0
63215,0
63216,0
63217,1
63218,0
63219,0
63220,0
63221,0
63222,0
63223,0
63224,0
63225,0
63226,0
63227,0
63228,1
63229,0
63230,0
63231,0
63232,0
63233,0
63234,1
63235,0
63236,0
63237,0
63238,0
63239,0
63240,0
63241,0
63242,0
63243,0
63244,0
63245,0
63246,0
63247,0
63248,1
63249,0
63250,0
63251,0
63252,0
63253,0
63254,1
63255,0
63256,0
63257,0
63258,0
63259,1
63260,0
63261,0
63262,0
63263,1
63264,0
63265,0
63266,0
63267,0
63268,0
63269,1
63270,0
63271,1
63272,0
63273,1
63274,0
63275,0
63276,0
63277,0
63278,1
63279,0
63280,0
63281,1
63282,0
63283,0
63284,1
63285,0
63286,0
63287,0
63288,0
63289,1
63290,0
63291,0
63292,0
63293,0
63294,0
63295,0
63296,0
63297,0
63298,0
63299,0
63300,0
63301,0
63302,0
63303,0
63304,0
63305,1
63306,0
63307,0
63308,0
63309,1
63310,0
63311,0
63312,1
63313,0
63314,0
63315,0
63316,0
63317,0
63318,0
63319,0
63320,0
63321,0
63322,1
63323,0
63324,0
63325,1
63326,1
63327,0
63328,0
63329,0
63330,0
63331,1
63332,0
63333,0
63334,0
63335,0
63336,0
63337,0
63338,0
63339,0
63340,0
63341,0
63342,0
63343,0
63344,1
63345,0
63346,0
63347,1
63348,0
63349,0
63350,0
63351,0
63352,0
63353,1
63354,0
63355,0
63356,0
63357,0
63358,0
63359,0
63360,0
63361,1
63362,0
63363,0
63364,0
63365,0
63366,0
63367,0
63368,0
63369,1
63370,0
63371,0
63372,0
63373,0
63374,0
63375,0
63376,0
63377,0
63378,0
63379,0
63380,0
63381,0
63382,0
63383,0
63384,0
63385,0
63386,0
63387,0
63388,0
63389,0
63390,0
63391,0
63392,0
63393,0
63394,0
63395,1
63396,0
63397,0
63398,0
63399,0
63400,0
63401,0
63402,1
63403,0
63404,0
63405,0
63406,0
63407,0
63408,0
63409,0
63410,1
63411,0
63412,0
63413,0
63414,0
63415,0
63416,0
63417,0
63418,0
63419,0
63420,0
63421,1
63422,0
63423,0
63424,0
63425,0
63426,0
63427,0
63428,1
63429,0
63430,0
63431,0
63432,0
63433,0
63434,0
63435,0
63436,0
63437,0
63438,0
63439,0
63440,0
63441,0
63442,0
63443,0
63444,0
63445,0
63446,0
63447,0
63448,0
63449,1
63450,0
63451,0
63452,0
63453,0
63454,0
63455,0
63456,0
63457,1
63458,0
63459,0
63460,0
63461,0
63462,0
63463,0
63464,0
63465,0
63466,0
63467,0
63468,0
63469,0
63470,0
63471,0
63472,0
63473,1
63474,0
63475,0
63476,0
63477,0
63478,0
63479,0
63480,0
63481,0
63482,0
63483,0
63484,0
63485,0
63486,0
63487,0
63488,0
63489,0
63490,0
63491,0
63492,1
63493,0
63494,0
63495,0
63496,0
63497,0
63498,0
63499,0
63500,0
63501,0
63502,0
63503,1
63504,0
63505,0
63506,0
63507,0
63508,1
63509,0
63510,0
63511,0
63512,0
63513,0
63514,0
63515,0
63516,1
63517,0
63518,1
63519,1
63520,1
63521,0
63522,0
63523,1
63524,0
63525,1
63526,0
63527,1
63528,0
63529,0
63530,0
63531,0
63532,0
63533,0
63534,0
63535,0
63536,0
63537,0
63538,0
63539,0
63540,1
63541,0
63542,0
63543,0
63544,0
63545,0
63546,0
63547,0
63548,0
63549,1
63550,0
63551,1
63552,1
63553,0
63554,0
63555,0
63556,0
63557,0
63558,0
63559,0
63560,0
63561,0
63562,1
63563,1
63564,0
63565,0
63566,0
63567,0
63568,0
63569,0
63570,0
63571,0
63572,1
63573,0
63574,0
63575,0
63576,0
63577,0
63578,0
63579,0
63580,0
63581,0
63582,0
63583,0
63584,1
63585,1
63586,0
63587,0
63588,0
63589,0
63590,0
63591,0
63592,0
63593,1
63594,0
63595,0
63596,0
63597,0
63598,0
63599,0
63600,0
63601,0
63602,0
63603,0
63604,0
63605,0
63606,0
63607,0
63608,0
63609,0
63610,1
63611,0
63612,0
63613,0
63614,0
63615,0
63616,0
63617,0
63618,0
63619,0
63620,0
63621,0
63622,0
63623,0
63624,0
63625,0
63626,0
63627,0
63628,0
63629,0
63630,0
63631,0
63632,0
63633,0
63634,0
63635,0
63636,0
63637,1
63638,0
63639,0
63640,0
63641,0
63642,1
63643,0
63644,0
63645,0
63646,0
63647,0
63648,1
63649,0
63650,0
63651,0
63652,0
63653,0
63654,0
63655,1
63656,0
63657,0
63658,0
63659,0
63660,0
63661,0
63662,0
63663,0
63664,0
63665,0
63666,0
63667,0
63668,1
63669,0
63670,0
63671,0
63672,0
63673,0
63674,0
63675,0
63676,0
63677,0
63678,0
63679,0
63680,1
63681,0
63682,0
63683,0
63684,0
63685,0
63686,0
63687,0
63688,0
63689,0
63690,0
63691,0
63692,0
63693,0
63694,0
63695,0
63696,0
63697,0
63698,1
63699,0
63700,0
63701,0
63702,0
63703,0
63704,0
63705,0
63706,0
63707,0
63708,0
63709,0
63710,0
63711,0
63712,0
63713,0
63714,0
63715,0
63716,0
63717,1
63718,0
63719,0
63720,0
63721,0
63722,0
63723,0
63724,0
63725,1
63726,0
63727,0
63728,0
63729,0
63730,0
63731,0
63732,0
63733,0
63734,0
63735,0
63736,0
63737,0
63738,0
63739,1
63740,0
63741,0
63742,0
63743,0
63744,0
63745,0
63746,1
63747,0
63748,0
63749,0
63750,0
63751,1
63752,0
63753,1
63754,0
63755,1
63756,1
63757,0
63758,0
63759,0
63760,0
63761,0
63762,1
63763,1
63764,0
63765,0
63766,0
63767,0
63768,0
63769,0
63770,0
63771,0
63772,0
63773,0
63774,0
63775,0
63776,0
63777,0
63778,0
63779,0
63780,0
63781,0
63782,0
63783,0
63784,0
63785,0
63786,0
63787,0
63788,0
63789,0
63790,0
63791,0
63792,1
63793,0
63794,0
63795,0
63796,0
63797,0
63798,0
63799,0
63800,0
63801,0
63802,0
63803,0
63804,1
63805,0
63806,0
63807,0
63808,0
63809,0
63810,0
63811,0
63812,0
63813,0
63814,1
63815,0
63816,0
63817,0
63818,0
63819,0
63820,1
63821,0
63822,1
63823,1
63824,0
63825,0
63826,1
63827,0
63828,0
63829,0
63830,0
63831,0
63832,0
63833,0
63834,0
63835,0
63836,0
63837,0
63838,0
63839,0
63840,0
63841,0
63842,0
63843,0
63844,1
63845,0
63846,0
63847,0
63848,0
63849,0
63850,0
63851,0
63852,0
63853,0
63854,0
63855,0
63856,0
63857,0
63858,0
63859,0
63860,0
63861,1
63862,0
63863,0
63864,0
63865,1
63866,0
63867,0
63868,0
63869,0
63870,0
63871,0
63872,1
63873,0
63874,0
63875,0
63876,0
63877,0
63878,0
63879,0
63880,0
63881,0
63882,0
63883,0
63884,0
63885,0
63886,0
63887,1
63888,0
63889,0
63890,0
63891,0
63892,0
63893,0
63894,0
63895,0
63896,0
63897,0
63898,0
63899,0
63900,0
63901,1
63902,0
63903,1
63904,0
63905,0
63906,0
63907,0
63908,0
63909,0
63910,0
63911,0
63912,0
63913,0
63914,0
63915,0
63916,0
63917,0
63918,0
63919,0
63920,0
63921,0
63922,0
63923,0
63924,1
63925,0
63926,0
63927,0
63928,0
63929,0
63930,0
63931,0
63932,0
63933,0
63934,0
63935,0
63936,0
63937,0
63938,0
63939,1
63940,0
63941,0
63942,0
63943,0
63944,1
63945,0
63946,0
63947,0
63948,0
63949,1
63950,0
63951,0
63952,0
63953,0
63954,0
63955,1
63956,0
63957,0
63958,0
63959,0
63960,0
63961,0
63962,0
63963,0
63964,0
63965,0
63966,0
63967,0
63968,1
63969,0
63970,0
63971,0
63972,0
63973,0
63974,0
63975,1
63976,0
63977,0
63978,1
63979,0
63980,0
63981,0
63982,0
63983,0
63984,0
63985,0
63986,0
63987,0
63988,0
63989,0
63990,0
63991,0
63992,1
63993,0
63994,0
63995,0
63996,0
63997,0
63998,0
63999,0
64000,0
64001,0
64002,0
64003,0
64004,0
64005,0
64006,0
64007,0
64008,0
64009,0
64010,0
64011,0
64012,0
64013,0
64014,0
64015,0
64016,0
64017,0
64018,0
64019,0
64020,0
64021,0
64022,0
64023,0
64024,0
64025,0
64026,1
64027,0
64028,0
64029,0
64030,0
64031,0
64032,0
64033,0
64034,0
64035,0
64036,0
64037,0
64038,0
64039,0
64040,0
64041,0
64042,0
64043,0
64044,1
64045,1
64046,0
64047,0
64048,0
64049,0
64050,1
64051,0
64052,1
64053,0
64054,1
64055,0
64056,0
64057,1
64058,1
64059,0
64060,0
64061,0
64062,0
64063,0
64064,0
64065,1
64066,0
64067,0
64068,0
64069,0
64070,1
64071,0
64072,0
64073,0
64074,0
64075,0
64076,0
64077,0
64078,0
64079,0
64080,0
64081,1
64082,0
64083,0
64084,0
64085,0
64086,0
64087,0
64088,0
64089,0
64090,0
64091,0
64092,0
64093,1
64094,0
64095,0
64096,1
64097,0
64098,0
64099,0
64100,0
64101,0
64102,0
64103,0
64104,0
64105,0
64106,0
64107,0
64108,0
64109,0
64110,1
64111,0
64112,0
64113,0
64114,0
64115,1
64116,0
64117,0
64118,0
64119,1
64120,0
64121,0
64122,0
64123,0
64124,0
64125,0
64126,0
64127,0
64128,0
64129,0
64130,0
64131,0
64132,0
64133,0
64134,0
64135,0
64136,0
64137,0
64138,0
64139,0
64140,0
64141,0
64142,0
64143,0
64144,0
64145,1
64146,0
64147,0
64148,0
64149,1
64150,0
64151,0
64152,0
64153,0
64154,0
64155,0
64156,0
64157,1
64158,1
64159,0
64160,0
64161,0
64162,0
64163,0
64164,0
64165,0
64166,0
64167,0
64168,0
64169,0
64170,0
64171,0
64172,0
64173,0
64174,1
64175,0
64176,0
64177,0
64178,0
64179,0
64180,1
64181,0
64182,0
64183,0
64184,1
64185,0
64186,0
64187,1
64188,0
64189,0
64190,0
64191,0
64192,0
64193,0
64194,0
64195,0
64196,0
64197,0
64198,0
64199,0
64200,1
64201,0
64202,0
64203,0
64204,0
64205,0
64206,0
64207,0
64208,0
64209,0
64210,0
64211,0
64212,1
64213,1
64214,0
64215,0
64216,0
64217,0
64218,0
64219,1
64220,0
64221,1
64222,0
64223,0
64224,1
64225,1
64226,0
64227,0
64228,0
64229,0
64230,0
64231,0
64232,0
64233,0
64234,0
64235,0
64236,0
64237,0
64238,0
64239,1
64240,0
64241,0
64242,0
64243,0
64244,0
64245,0
64246,0
64247,1
64248,0
64249,0
64250,1
64251,0
64252,0
64253,0
64254,0
64255,0
64256,1
64257,0
64258,0
64259,0
64260,0
64261,0
64262,1
64263,0
64264,0
64265,0
64266,0
64267,0
64268,0
64269,0
64270,0
64271,0
64272,0
64273,0
64274,0
64275,0
64276,0
64277,1
64278,0
64279,0
64280,0
64281,0
64282,0
64283,0
64284,0
64285,0
64286,0
64287,0
64288,0
64289,0
64290,1
64291,0
64292,0
64293,0
64294,1
64295,0
64296,0
64297,0
64298,0
64299,0
64300,0
64301,0
64302,0
64303,0
64304,0
64305,0
64306,0
64307,0
64308,0
64309,0
64310,0
64311,0
64312,0
64313,0
64314,1
64315,0
64316,0
64317,0
64318,0
64319,0
64320,0
64321,1
64322,0
64323,0
64324,0
64325,0
64326,0
64327,0
64328,0
64329,0
64330,0
64331,0
64332,0
64333,0
64334,0
64335,0
64336,0
64337,0
64338,0
64339,0
64340,0
64341,0
64342,0
64343,0
64344,0
64345,0
64346,0
64347,0
64348,1
64349,0
64350,0
64351,0
64352,0
64353,1
64354,0
64355,0
64356,0
64357,0
64358,0
64359,1
64360,0
64361,0
64362,0
64363,0
64364,0
64365,0
64366,0
64367,0
64368,0
64369,1
64370,0
64371,0
64372,0
64373,0
64374,1
64375,0
64376,0
64377,1
64378,0
64379,0
64380,0
64381,0
64382,0
64383,0
64384,1
64385,0
64386,0
64387,1
64388,1
64389,0
64390,0
64391,0
64392,0
64393,0
64394,0
64395,0
64396,0
64397,0
64398,0
64399,0
64400,0
64401,1
64402,0
64403,0
64404,1
64405,0
64406,0
64407,0
64408,0
64409,0
64410,0
64411,0
64412,0
64413,1
64414,1
64415,0
64416,0
64417,0
64418,1
64419,0
64420,0
64421,0
64422,0
64423,0
64424,1
64425,0
64426,0
64427,1
64428,0
64429,0
64430,0
64431,0
64432,0
64433,0
64434,0
64435,0
64436,0
64437,0
64438,0
64439,0
64440,1
64441,0
64442,0
64443,0
64444,0
64445,0
64446,0
64447,0
64448,0
64449,0
64450,0
64451,0
64452,1
64453,0
64454,0
64455,0
64456,0
64457,0
64458,1
64459,0
64460,0
64461,0
64462,0
64463,0
64464,0
64465,0
64466,1
64467,0
64468,0
64469,0
64470,0
64471,0
64472,0
64473,0
64474,0
64475,0
64476,0
64477,0
64478,0
64479,0
64480,0
64481,0
64482,0
64483,0
64484,0
64485,0
64486,0
64487,0
64488,0
64489,0
64490,0
64491,0
64492,0
64493,0
64494,0
64495,0
64496,0
64497,0
64498,0
64499,0
64500,0
64501,0
64502,0
64503,0
64504,0
64505,0
64506,1
64507,0
64508,0
64509,0
64510,0
64511,0
64512,0
64513,0
64514,0
64515,0
64516,0
64517,0
64518,1
64519,0
64520,0
64521,0
64522,0
64523,0
64524,1
64525,0
64526,0
64527,0
64528,0
64529,0
64530,0
64531,0
64532,0
64533,0
64534,0
64535,0
64536,0
64537,0
64538,0
64539,0
64540,1
64541,0
64542,0
64543,0
64544,0
64545,0
64546,0
64547,0
64548,0
64549,0
64550,0
64551,0
64552,0
64553,0
64554,0
64555,0
64556,0
64557,0
64558,0
64559,0
64560,0
64561,0
64562,0
64563,0
64564,0
64565,0
64566,0
64567,0
64568,1
64569,0
64570,1
64571,0
64572,0
64573,0
64574,0
64575,0
64576,0
64577,0
64578,0
64579,0
64580,0
64581,0
64582,0
64583,0
64584,0
64585,0
64586,0
64587,0
64588,0
64589,0
64590,0
64591,0
64592,0
64593,0
64594,0
64595,0
64596,0
64597,0
64598,0
64599,0
64600,0
64601,1
64602,0
64603,0
64604,0
64605,0
64606,0
64607,0
64608,0
64609,0
64610,1
64611,0
64612,0
64613,1
64614,0
64615,0
64616,1
64617,0
64618,0
64619,0
64620,0
64621,0
64622,0
64623,0
64624,0
64625,0
64626,0
64627,0
64628,1
64629,0
64630,0
64631,0
64632,0
64633,0
64634,0
64635,0
64636,1
64637,0
64638,0
64639,0
64640,0
64641,0
64642,0
64643,0
64644,0
64645,0
64646,0
64647,0
64648,0
64649,0
64650,0
64651,0
64652,0
64653,0
64654,0
64655,0
64656,1
64657,0
64658,0
64659,0
64660,1
64661,0
64662,0
64663,0
64664,0
64665,0
64666,0
64667,0
64668,0
64669,0
64670,0
64671,0
64672,0
64673,0
64674,0
64675,1
64676,1
64677,0
64678,0
64679,0
64680,0
64681,0
64682,0
64683,0
64684,0
64685,0
64686,0
64687,0
64688,0
64689,0
64690,0
64691,0
64692,0
64693,0
64694,0
64695,1
64696,0
64697,1
64698,1
64699,0
64700,0
64701,0
64702,0
64703,0
64704,0
64705,0
64706,0
64707,0
64708,0
64709,1
64710,0
64711,0
64712,0
64713,0
64714,0
64715,0
64716,0
64717,0
64718,1
64719,0
64720,0
64721,0
64722,0
64723,0
64724,0
64725,1
64726,0
64727,0
64728,0
64729,0
64730,0
64731,0
64732,0
64733,0
64734,0
64735,0
64736,0
64737,0
64738,0
64739,1
64740,0
64741,0
64742,0
64743,0
64744,0
64745,0
64746,0
64747,0
64748,1
64749,0
64750,0
64751,0
64752,0
64753,0
64754,1
64755,0
64756,0
64757,0
64758,0
64759,0
64760,1
64761,0
64762,0
64763,0
64764,1
64765,1
64766,0
64767,0
64768,0
64769,0
64770,1
64771,0
64772,0
64773,0
64774,0
64775,0
64776,1
64777,0
64778,0
64779,0
64780,0
64781,0
64782,0
64783,0
64784,0
64785,0
64786,0
64787,0
64788,0
64789,0
64790,1
64791,0
64792,0
64793,0
64794,0
64795,0
64796,0
64797,0
64798,0
64799,0
64800,0
64801,0
64802,1
64803,1
64804,1
64805,0
64806,0
64807,1
64808,0
64809,1
64810,0
64811,0
64812,0
64813,0
64814,0
64815,0
64816,0
64817,0
64818,0
64819,0
64820,0
64821,0
64822,0
64823,0
64824,0
64825,0
64826,0
64827,0
64828,0
64829,0
64830,0
64831,0
64832,0
64833,0
64834,0
64835,0
64836,0
64837,0
64838,0
64839,0
64840,0
64841,1
64842,0
64843,0
64844,0
64845,0
64846,0
64847,0
64848,0
64849,0
64850,0
64851,1
64852,1
64853,1
64854,0
64855,0
64856,0
64857,0
64858,0
64859,0
64860,0
64861,0
64862,0
64863,0
64864,0
64865,1
64866,0
64867,0
64868,0
64869,0
64870,0
64871,0
64872,0
64873,0
64874,0
64875,0
64876,0
64877,0
64878,0
64879,0
64880,0
64881,1
64882,0
64883,0
64884,0
64885,0
64886,0
64887,0
64888,1
64889,0
64890,0
64891,0
64892,0
64893,0
64894,0
64895,0
64896,0
64897,0
64898,1
64899,0
64900,0
64901,0
64902,0
64903,0
64904,0
64905,0
64906,0
64907,0
64908,1
64909,0
64910,0
64911,0
64912,1
64913,0
64914,0
64915,0
64916,1
64917,0
64918,0
64919,0
64920,0
64921,0
64922,0
64923,0
64924,0
64925,0
64926,0
64927,0
64928,0
64929,0
64930,1
64931,0
64932,0
64933,0
64934,0
64935,0
64936,1
64937,1
64938,0
64939,0
64940,0
64941,0
64942,0
64943,0
64944,0
64945,0
64946,0
64947,0
64948,0
64949,0
64950,0
64951,1
64952,0
64953,0
64954,1
64955,0
64956,0
64957,0
64958,0
64959,1
64960,0
64961,1
64962,0
64963,0
64964,0
64965,0
64966,1
64967,0
64968,0
64969,0
64970,0
64971,0
64972,1
64973,0
64974,0
64975,0
64976,0
64977,0
64978,1
64979,0
64980,0
64981,0
64982,0
64983,0
64984,0
64985,0
64986,0
64987,0
64988,0
64989,0
64990,0
64991,0
64992,0
64993,0
64994,0
64995,0
64996,0
64997,0
64998,0
64999,0
65000,0
65001,1
65002,0
65003,0
65004,0
65005,0
65006,0
65007,1
65008,0
65009,0
65010,0
65011,0
65012,0
65013,0
65014,0
65015,0
65016,0
65017,0
65018,0
65019,0
65020,0
65021,0
65022,0
65023,0
65024,0
65025,0
65026,1
65027,1
65028,0
65029,0
65030,0
65031,0
65032,0
65033,0
65034,1
65035,0
65036,0
65037,1
65038,0
65039,0
65040,0
65041,1
65042,0
65043,0
65044,0
65045,0
65046,0
65047,0
65048,0
65049,1
65050,0
65051,0
65052,0
65053,0
65054,1
65055,0
65056,0
65057,0
65058,1
65059,0
65060,0
65061,1
65062,0
65063,0
65064,0
65065,0
65066,0
65067,0
65068,0
65069,1
65070,0
65071,0
65072,0
65073,0
65074,0
65075,0
65076,0
65077,0
65078,0
65079,0
65080,0
65081,0
65082,0
65083,0
65084,0
65085,0
65086,0
65087,0
65088,0
65089,0
65090,0
65091,1
65092,0
65093,0
65094,0
65095,1
65096,0
65097,0
65098,0
65099,1
65100,0
65101,0
65102,0
65103,0
65104,0
65105,0
65106,1
65107,0
65108,0
65109,1
65110,0
65111,0
65112,0
65113,0
65114,0
65115,0
65116,0
65117,0
65118,0
65119,0
65120,0
65121,0
65122,0
65123,0
65124,0
65125,0
65126,0
65127,0
65128,0
65129,0
65130,0
65131,0
65132,1
65133,0
65134,0
65135,0
65136,0
65137,0
65138,0
65139,0
65140,0
65141,0
65142,0
65143,0
65144,0
65145,0
65146,0
65147,1
65148,0
65149,0
65150,0
65151,0
65152,0
65153,0
65154,0
65155,0
65156,0
65157,0
65158,0
65159,0
65160,0
65161,0
65162,1
65163,0
65164,0
65165,1
65166,0
65167,0
65168,0
65169,0
65170,0
65171,0
65172,0
65173,0
65174,0
65175,0
65176,0
65177,1
65178,1
65179,0
65180,0
65181,1
65182,0
65183,0
65184,0
65185,0
65186,0
65187,0
65188,0
65189,0
65190,0
65191,0
65192,1
65193,0
65194,0
65195,0
65196,0
65197,0
65198,0
65199,0
65200,0
65201,0
65202,0
65203,0
65204,0
65205,0
65206,0
65207,0
65208,0
65209,0
65210,0
65211,0
65212,0
65213,0
65214,0
65215,0
65216,0
65217,0
65218,0
65219,0
65220,0
65221,0
65222,0
65223,0
65224,0
65225,0
65226,0
65227,0
65228,0
65229,0
65230,0
65231,0
65232,0
65233,1
65234,0
65235,0
65236,0
65237,0
65238,0
65239,0
65240,1
65241,0
65242,0
65243,1
65244,0
65245,0
65246,0
65247,0
65248,0
65249,0
65250,0
65251,0
65252,0
65253,0
65254,0
65255,0
65256,0
65257,1
65258,0
65259,0
65260,0
65261,0
65262,1
65263,0
65264,0
65265,0
65266,0
65267,0
65268,0
65269,0
65270,0
65271,0
65272,0
65273,0
65274,0
65275,1
65276,0
65277,0
65278,1
65279,0
65280,0
65281,0
65282,0
65283,0
65284,0
65285,0
65286,0
65287,0
65288,0
65289,0
65290,0
65291,0
65292,0
65293,0
65294,0
65295,0
65296,0
65297,0
65298,1
65299,0
65300,0
65301,0
65302,0
65303,0
65304,0
65305,0
65306,0
65307,0
65308,1
65309,0
65310,0
65311,0
65312,0
65313,0
65314,0
65315,0
65316,0
65317,0
65318,0
65319,0
65320,1
65321,0
65322,0
65323,0
65324,0
65325,1
65326,0
65327,0
65328,0
65329,0
65330,0
65331,0
65332,0
65333,0
65334,0
65335,0
65336,0
65337,0
65338,0
65339,0
65340,0
65341,0
65342,0
65343,0
65344,0
65345,0
65346,0
65347,0
65348,0
65349,0
65350,0
65351,1
65352,0
65353,0
65354,0
65355,0
65356,0
65357,0
65358,0
65359,0
65360,0
65361,0
65362,0
65363,0
65364,0
65365,0
65366,0
65367,0
65368,0
65369,0
65370,0
65371,0
65372,0
65373,0
65374,1
65375,0
65376,1
65377,0
65378,1
65379,0
65380,0
65381,0
65382,0
65383,0
65384,0
65385,0
65386,0
65387,0
65388,0
65389,0
65390,0
65391,1
65392,0
65393,0
65394,0
65395,1
65396,0
65397,0
65398,0
65399,0
65400,0
65401,0
65402,0
65403,0
65404,0
65405,0
65406,0
65407,0
65408,1
65409,0
65410,0
65411,0
65412,0
65413,0
65414,0
65415,0
65416,0
65417,0
65418,0
65419,1
65420,0
65421,0
65422,0
65423,0
65424,0
65425,0
65426,0
65427,0
65428,0
65429,0
65430,0
65431,0
65432,0
65433,0
65434,0
65435,0
65436,1
65437,0
65438,0
65439,0
65440,0
65441,0
65442,0
65443,0
65444,0
65445,0
65446,0
65447,0
65448,0
65449,0
65450,0
65451,0
65452,0
65453,0
65454,0
65455,0
65456,0
65457,0
65458,0
65459,0
65460,0
65461,0
65462,0
65463,0
65464,1
65465,0
65466,0
65467,0
65468,0
65469,0
65470,1
65471,0
65472,0
65473,0
65474,0
65475,0
65476,0
65477,0
65478,0
65479,0
65480,0
65481,0
65482,0
65483,0
65484,0
65485,0
65486,0
65487,0
65488,0
65489,0
65490,0
65491,0
65492,0
65493,0
65494,1
65495,0
65496,0
65497,0
65498,0
65499,0
65500,0
65501,1
65502,0
65503,0
65504,0
65505,0
65506,0
65507,0
65508,0
65509,0
65510,0
65511,1
65512,0
65513,0
65514,0
65515,0
65516,0
65517,0
65518,0
65519,0
65520,0
65521,0
65522,0
65523,0
65524,0
65525,0
65526,1
65527,0
65528,0
65529,0
65530,1
65531,1
65532,0
65533,0
65534,0
65535,0
65536,0
65537,1
65538,0
65539,0
65540,0
65541,1
65542,0
65543,1
65544,1
65545,0
65546,0
65547,0
65548,0
65549,0
65550,0
65551,0
65552,0
65553,0
65554,0
65555,0
65556,0
65557,0
65558,1
65559,0
65560,0
65561,0
65562,0
65563,0
65564,0
65565,1
65566,0
65567,0
65568,0
65569,0
65570,0
65571,0
65572,0
65573,0
65574,0
65575,0
65576,0
65577,0
65578,0
65579,0
65580,0
65581,0
65582,0
65583,0
65584,0
65585,0
65586,0
65587,0
65588,0
65589,0
65590,0
65591,0
65592,0
65593,0
65594,0
65595,0
65596,0
65597,0
65598,0
65599,0
65600,0
65601,0
65602,0
65603,1
65604,0
65605,0
65606,0
65607,0
65608,0
65609,0
65610,0
65611,1
65612,0
65613,0
65614,0
65615,0
65616,0
65617,0
65618,0
65619,0
65620,1
65621,1
65622,0
65623,0
65624,1
65625,0
65626,0
65627,0
65628,0
65629,1
65630,1
65631,0
65632,0
65633,0
65634,0
65635,0
65636,0
65637,0
65638,0
65639,0
65640,0
65641,0
65642,0
65643,0
65644,1
65645,0
65646,0
65647,1
65648,0
65649,0
65650,1
65651,0
65652,0
65653,0
65654,0
65655,0
65656,0
65657,0
65658,0
65659,0
65660,0
65661,0
65662,0
65663,0
65664,0
65665,0
65666,0
65667,0
65668,0
65669,0
65670,0
65671,1
65672,1
65673,0
65674,1
65675,0
65676,0
65677,0
65678,0
65679,0
65680,0
65681,0
65682,0
65683,0
65684,0
65685,0
65686,0
65687,0
65688,0
65689,0
65690,0
65691,0
65692,0
65693,1
65694,0
65695,0
65696,0
65697,0
65698,0
65699,0
65700,0
65701,0
65702,1
65703,0
65704,0
65705,1
65706,0
65707,0
65708,0
65709,0
65710,0
65711,1
65712,0
65713,0
65714,0
65715,0
65716,0
65717,0
65718,0
65719,1
65720,0
65721,0
65722,0
65723,0
65724,0
65725,0
65726,0
65727,0
65728,0
65729,0
65730,0
65731,0
65732,0
65733,0
65734,0
65735,0
65736,0
65737,0
65738,0
65739,1
65740,1
65741,0
65742,0
65743,0
65744,1
65745,0
65746,0
65747,0
65748,0
65749,0
65750,0
65751,0
65752,0
65753,0
65754,0
65755,0
65756,0
65757,0
65758,0
65759,0
65760,0
65761,0
65762,1
65763,0
65764,0
65765,0
65766,0
65767,0
65768,0
65769,0
65770,0
65771,0
65772,0
65773,0
65774,0
65775,0
65776,0
65777,0
65778,1
65779,0
65780,0
65781,0
65782,0
65783,0
65784,0
65785,0
65786,0
65787,0
65788,1
65789,0
65790,0
65791,1
65792,0
65793,0
65794,0
65795,0
65796,0
65797,1
65798,0
65799,0
65800,1
65801,1
65802,0
65803,0
65804,0
65805,0
65806,0
65807,0
65808,1
65809,0
65810,1
65811,0
65812,0
65813,0
65814,0
65815,0
65816,0
65817,1
65818,0
65819,0
65820,0
65821,1
65822,1
65823,0
65824,0
65825,0
65826,0
65827,0
65828,0
65829,0
65830,0
65831,0
65832,0
65833,0
65834,0
65835,0
65836,0
65837,0
65838,0
65839,0
65840,0
65841,0
65842,0
65843,1
65844,0
65845,1
65846,0
65847,0
65848,0
65849,1
65850,0
65851,1
65852,0
65853,0
65854,0
65855,0
65856,0
65857,0
65858,0
65859,0
65860,0
65861,1
65862,0
65863,0
65864,0
65865,0
65866,0
65867,0
65868,0
65869,0
65870,0
65871,0
65872,0
65873,1
65874,1
65875,0
65876,0
65877,0
65878,0
65879,0
65880,0
65881,0
65882,0
65883,0
65884,0
65885,0
65886,0
65887,0
65888,0
65889,0
65890,0
65891,0
65892,0
65893,0
65894,0
65895,0
65896,0
65897,1
65898,0
65899,0
65900,0
65901,0
65902,0
65903,0
65904,0
65905,0
65906,0
65907,0
65908,0
65909,0
65910,0
65911,0
65912,1
65913,0
65914,0
65915,0
65916,0
65917,0
65918,0
65919,0
65920,0
65921,0
65922,0
65923,1
65924,0
65925,0
65926,0
65927,0
65928,0
65929,1
65930,0
65931,0
65932,1
65933,0
65934,0
65935,0
65936,1
65937,0
65938,0
65939,0
65940,0
65941,0
65942,0
65943,0
65944,0
65945,1
65946,0
65947,1
65948,0
65949,0
65950,0
65951,1
65952,0
65953,0
65954,0
65955,0
65956,0
65957,0
65958,0
65959,0
65960,1
65961,0
65962,0
65963,0
65964,1
65965,0
65966,0
65967,0
65968,0
65969,0
65970,0
65971,0
65972,0
65973,0
65974,0
65975,0
65976,1
65977,0
65978,0
65979,0
65980,0
65981,0
65982,0
65983,0
65984,0
65985,0
65986,0
65987,1
65988,0
65989,0
65990,0
65991,0
65992,0
65993,0
65994,1
65995,0
65996,0
65997,1
65998,0
65999,0
66000,0
66001,0
66002,0
66003,0
66004,0
66005,0
66006,0
66007,0
66008,0
66009,0
66010,0
66011,1
66012,0
66013,0
66014,0
66015,0
66016,0
66017,0
66018,0
66019,0
66020,1
66021,1
66022,0
66023,0
66024,0
66025,0
66026,0
66027,0
66028,0
66029,1
66030,0
66031,0
66032,0
66033,0
66034,0
66035,0
66036,0
66037,1
66038,0
66039,0
66040,0
66041,0
66042,0
66043,0
66044,0
66045,0
66046,0
66047,0
66048,0
66049,0
66050,0
66051,0
66052,0
66053,0
66054,0
66055,0
66056,0
66057,0
66058,0
66059,1
66060,0
66061,0
66062,0
66063,0
66064,1
66065,0
66066,0
66067,1
66068,0
66069,0
66070,0
66071,0
66072,0
66073,1
66074,0
66075,0
66076,0
66077,0
66078,0
66079,0
66080,0
66081,1
66082,0
66083,0
66084,0
66085,0
66086,0
66087,0
66088,0
66089,0
66090,0
66091,0
66092,0
66093,0
66094,0
66095,0
66096,0
66097,0
66098,0
66099,0
66100,0
66101,0
66102,0
66103,0
66104,0
66105,0
66106,0
66107,0
66108,1
66109,0
66110,0
66111,0
66112,0
66113,1
66114,0
66115,0
66116,0
66117,0
66118,0
66119,1
66120,1
66121,0
66122,0
66123,1
66124,0
66125,0
66126,0
66127,1
66128,0
66129,1
66130,0
66131,0
66132,0
66133,1
66134,0
66135,1
66136,0
66137,0
66138,0
66139,0
66140,0
66141,0
66142,0
66143,1
66144,0
66145,0
66146,0
66147,0
66148,0
66149,0
66150,0
66151,0
66152,0
66153,0
66154,0
66155,1
66156,0
66157,0
66158,0
66159,0
66160,0
66161,0
66162,0
66163,0
66164,1
66165,0
66166,0
66167,0
66168,0
66169,1
66170,0
66171,0
66172,0
66173,0
66174,0
66175,0
66176,0
66177,0
66178,0
66179,0
66180,1
66181,0
66182,0
66183,0
66184,0
66185,0
66186,0
66187,0
66188,0
66189,0
66190,0
66191,0
66192,1
66193,0
66194,1
66195,0
66196,0
66197,0
66198,0
66199,0
66200,0
66201,0
66202,0
66203,0
66204,1
66205,0
66206,0
66207,0
66208,0
66209,0
66210,0
66211,0
66212,0
66213,0
66214,0
66215,0
66216,0
66217,0
66218,0
66219,0
66220,0
66221,0
66222,1
66223,0
66224,0
66225,0
66226,0
66227,0
66228,0
66229,0
66230,0
66231,0
66232,0
66233,0
66234,0
66235,0
66236,0
66237,0
66238,0
66239,0
66240,1
66241,0
66242,1
66243,1
66244,0
66245,0
66246,1
66247,0
66248,0
66249,0
66250,0
66251,0
66252,0
66253,0
66254,0
66255,1
66256,0
66257,0
66258,0
66259,0
66260,0
66261,0
66262,0
66263,0
66264,0
66265,0
66266,0
66267,1
66268,0
66269,0
66270,0
66271,0
66272,0
66273,0
66274,0
66275,0
66276,0
66277,0
66278,0
66279,0
66280,0
66281,0
66282,0
66283,0
66284,0
66285,0
66286,0
66287,0
66288,0
66289,0
66290,0
66291,0
66292,0
66293,0
66294,0
66295,0
66296,0
66297,0
66298,0
66299,0
66300,0
66301,1
66302,0
66303,1
66304,0
66305,0
66306,0
66307,0
66308,0
66309,0
66310,0
66311,0
66312,0
66313,0
66314,1
66315,0
66316,0
66317,1
66318,1
66319,0
66320,0
66321,0
66322,0
66323,0
66324,0
66325,0
66326,1
66327,0
66328,0
66329,0
66330,0
66331,0
66332,0
66333,0
66334,1
66335,0
66336,0
66337,0
66338,0
66339,0
66340,0
66341,0
66342,0
66343,0
66344,0
66345,1
66346,0
66347,0
66348,0
66349,0
66350,0
66351,0
66352,0
66353,0
66354,0
66355,0
66356,0
66357,0
66358,0
66359,0
66360,0
66361,0
66362,0
66363,0
66364,0
66365,0
66366,0
66367,0
66368,1
66369,0
66370,1
66371,0
66372,0
66373,0
66374,1
66375,0
66376,0
66377,0
66378,0
66379,0
66380,0
66381,1
66382,0
66383,0
66384,0
66385,0
66386,0
66387,0
66388,0
66389,0
66390,0
66391,0
66392,0
66393,0
66394,0
66395,0
66396,1
66397,0
66398,0
66399,0
66400,0
66401,1
66402,0
66403,0
66404,0
66405,0
66406,1
66407,0
66408,0
66409,0
66410,0
66411,0
66412,0
66413,0
66414,0
66415,0
66416,0
66417,0
66418,0
66419,0
66420,0
66421,1
66422,0
66423,0
66424,0
66425,0
66426,1
66427,0
66428,0
66429,0
66430,0
66431,0
66432,0
66433,0
66434,0
66435,1
66436,0
66437,0
66438,0
66439,0
66440,0
66441,0
66442,0
66443,1
66444,0
66445,0
66446,0
66447,0
66448,0
66449,0
66450,0
66451,0
66452,0
66453,0
66454,0
66455,0
66456,0
66457,0
66458,0
66459,0
66460,0
66461,0
66462,1
66463,0
66464,0
66465,0
66466,1
66467,0
66468,1
66469,1
66470,0
66471,0
66472,0
66473,0
66474,0
66475,0
66476,0
66477,1
66478,0
66479,0
66480,0
66481,0
66482,0
66483,0
66484,0
66485,0
66486,0
66487,1
66488,0
66489,1
66490,0
66491,0
66492,0
66493,0
66494,0
66495,0
66496,1
66497,0
66498,0
66499,0
66500,0
66501,0
66502,0
66503,1
66504,0
66505,0
66506,0
66507,0
66508,0
66509,0
66510,1
66511,0
66512,0
66513,1
66514,0
66515,0
66516,0
66517,0
66518,0
66519,0
66520,0
66521,0
66522,0
66523,0
66524,0
66525,0
66526,0
66527,0
66528,0
66529,1
66530,0
66531,0
66532,0
66533,0
66534,0
66535,0
66536,0
66537,0
66538,0
66539,1
66540,0
66541,0
66542,1
66543,0
66544,0
66545,0
66546,0
66547,0
66548,0
66549,1
66550,0
66551,0
66552,0
66553,0
66554,0
66555,0
66556,1
66557,0
66558,0
66559,0
66560,0
66561,0
66562,1
66563,0
66564,0
66565,0
66566,0
66567,0
66568,0
66569,0
66570,0
66571,1
66572,0
66573,0
66574,0
66575,0
66576,1
66577,0
66578,0
66579,0
66580,0
66581,0
66582,0
66583,0
66584,1
66585,0
66586,0
66587,0
66588,0
66589,0
66590,0
66591,0
66592,0
66593,1
66594,0
66595,0
66596,0
66597,1
66598,0
66599,0
66600,0
66601,0
66602,0
66603,0
66604,0
66605,0
66606,0
66607,0
66608,0
66609,0
66610,0
66611,0
66612,0
66613,0
66614,0
66615,0
66616,0
66617,0
66618,0
66619,0
66620,0
66621,0
66622,0
66623,0
66624,0
66625,0
66626,0
66627,0
66628,1
66629,0
66630,0
66631,0
66632,0
66633,0
66634,0
66635,1
66636,0
66637,0
66638,0
66639,0
66640,0
66641,0
66642,0
66643,0
66644,0
66645,0
66646,0
66647,0
66648,0
66649,0
66650,1
66651,0
66652,0
66653,0
66654,0
66655,0
66656,0
66657,1
66658,0
66659,0
66660,0
66661,0
66662,0
66663,0
66664,0
66665,0
66666,0
66667,0
66668,0
66669,0
66670,0
66671,0
66672,0
66673,0
66674,1
66675,0
66676,0
66677,0
66678,0
66679,0
66680,0
66681,0
66682,0
66683,0
66684,1
66685,0
66686,0
66687,0
66688,0
66689,0
66690,0
66691,0
66692,0
66693,0
66694,0
66695,0
66696,0
66697,0
66698,1
66699,0
66700,0
66701,0
66702,0
66703,0
66704,0
66705,0
66706,0
66707,0
66708,0
66709,0
66710,0
66711,0
66712,0
66713,1
66714,0
66715,0
66716,0
66717,0
66718,0
66719,0
66720,0
66721,1
66722,0
66723,0
66724,0
66725,0
66726,0
66727,0
66728,0
66729,0
66730,0
66731,1
66732,0
66733,0
66734,0
66735,0
66736,0
66737,0
66738,0
66739,0
66740,0
66741,0
66742,0
66743,0
66744,0
66745,0
66746,0
66747,1
66748,0
66749,0
66750,0
66751,0
66752,0
66753,0
66754,0
66755,0
66756,0
66757,1
66758,0
66759,0
66760,1
66761,0
66762,0
66763,0
66764,0
66765,0
66766,0
66767,0
66768,0
66769,0
66770,0
66771,0
66772,0
66773,0
66774,1
66775,0
66776,0
66777,0
66778,0
66779,0
66780,0
66781,0
66782,0
66783,0
66784,0
66785,0
66786,0
66787,1
66788,1
66789,0
66790,0
66791,0
66792,0
66793,0
66794,0
66795,0
66796,0
66797,0
66798,0
66799,0
66800,0
66801,0
66802,0
66803,0
66804,0
66805,0
66806,0
66807,1
66808,0
66809,0
66810,0
66811,0
66812,1
66813,0
66814,0
66815,0
66816,0
66817,0
66818,1
66819,0
66820,0
66821,0
66822,0
66823,0
66824,0
66825,0
66826,1
66827,1
66828,0
66829,0
66830,0
66831,0
66832,1
66833,0
66834,0
66835,0
66836,0
66837,0
66838,0
66839,0
66840,0
66841,0
66842,0
66843,1
66844,0
66845,1
66846,0
66847,0
66848,0
66849,0
66850,0
66851,0
66852,0
66853,0
66854,0
66855,0
66856,1
66857,0
66858,1
66859,0
66860,1
66861,0
66862,0
66863,0
66864,0
66865,1
66866,1
66867,0
66868,0
66869,0
66870,0
66871,0
66872,0
66873,1
66874,0
66875,0
66876,0
66877,0
66878,0
66879,1
66880,0
66881,1
66882,0
66883,0
66884,0
66885,0
66886,0
66887,0
66888,0
66889,0
66890,0
66891,0
66892,0
66893,0
66894,1
66895,0
66896,0
66897,0
66898,0
66899,1
66900,0
66901,0
66902,0
66903,0
66904,0
66905,0
66906,0
66907,0
66908,0
66909,0
66910,0
66911,0
66912,0
66913,0
66914,0
66915,0
66916,0
66917,0
66918,0
66919,0
66920,0
66921,1
66922,1
66923,0
66924,0
66925,0
66926,0
66927,0
66928,0
66929,0
66930,0
66931,0
66932,0
66933,0
66934,0
66935,0
66936,0
66937,0
66938,0
66939,1
66940,0
66941,0
66942,0
66943,0
66944,0
66945,0
66946,0
66947,0
66948,1
66949,0
66950,0
66951,1
66952,0
66953,0
66954,0
66955,0
66956,1
66957,0
66958,0
66959,1
66960,0
66961,0
66962,1
66963,0
66964,0
66965,0
66966,0
66967,0
66968,0
66969,0
66970,0
66971,1
66972,0
66973,0
66974,0
66975,0
66976,1
66977,0
66978,0
66979,0
66980,0
66981,0
66982,0
66983,0
66984,0
66985,0
66986,1
66987,0
66988,0
66989,0
66990,0
66991,0
66992,0
66993,0
66994,0
66995,0
66996,0
66997,0
66998,0
66999,0
67000,0
67001,0
67002,0
67003,0
67004,0
67005,0
67006,0
67007,0
67008,0
67009,1
67010,0
67011,1
67012,0
67013,0
67014,0
67015,0
67016,0
67017,0
67018,0
67019,0
67020,1
67021,1
67022,0
67023,0
67024,0
67025,0
67026,1
67027,1
67028,0
67029,0
67030,0
67031,0
67032,0
67033,0
67034,1
67035,0
67036,0
67037,0
67038,0
67039,0
67040,0
67041,0
67042,0
67043,0
67044,0
67045,0
67046,1
67047,0
67048,0
67049,0
67050,0
67051,0
67052,0
67053,0
67054,0
67055,0
67056,0
67057,0
67058,0
67059,0
67060,0
67061,0
67062,0
67063,0
67064,0
67065,0
67066,0
67067,0
67068,0
67069,0
67070,0
67071,0
67072,0
67073,0
67074,0
67075,0
67076,0
67077,0
67078,0
67079,0
67080,0
67081,0
67082,0
67083,1
67084,0
67085,1
67086,1
67087,0
67088,0
67089,0
67090,0
67091,0
67092,0
67093,0
67094,0
67095,1
67096,0
67097,0
67098,0
67099,1
67100,0
67101,0
67102,0
67103,0
67104,0
67105,0
67106,0
67107,0
67108,1
67109,0
67110,0
67111,0
67112,0
67113,0
67114,0
67115,0
67116,0
67117,0
67118,0
67119,1
67120,0
67121,0
67122,0
67123,0
67124,0
67125,0
67126,0
67127,0
67128,0
67129,0
67130,0
67131,0
67132,0
67133,0
67134,0
67135,1
67136,0
67137,0
67138,1
67139,0
67140,0
67141,0
67142,0
67143,1
67144,0
67145,1
67146,0
67147,0
67148,0
67149,0
67150,0
67151,1
67152,0
67153,0
67154,0
67155,0
67156,0
67157,1
67158,0
67159,0
67160,0
67161,0
67162,0
67163,0
67164,0
67165,1
67166,0
67167,0
67168,0
67169,0
67170,0
67171,0
67172,0
67173,0
67174,0
67175,0
67176,0
67177,0
67178,0
67179,0
67180,0
67181,0
67182,0
67183,0
67184,0
67185,0
67186,0
67187,1
67188,0
67189,0
67190,0
67191,0
67192,0
67193,0
67194,0
67195,0
67196,0
67197,0
67198,0
67199,0
67200,0
67201,0
67202,0
67203,0
67204,0
67205,0
67206,0
67207,1
67208,0
67209,1
67210,0
67211,1
67212,0
67213,0
67214,0
67215,0
67216,0
67217,0
67218,0
67219,0
67220,0
67221,0
67222,1
67223,0
67224,0
67225,0
67226,0
67227,0
67228,0
67229,0
67230,0
67231,0
67232,0
67233,0
67234,0
67235,0
67236,0
67237,0
67238,0
67239,0
67240,0
67241,0
67242,0
67243,0
67244,0
67245,0
67246,0
67247,0
67248,0
67249,0
67250,0
67251,0
67252,0
67253,0
67254,0
67255,0
67256,0
67257,0
67258,1
67259,0
67260,0
67261,0
67262,0
67263,0
67264,0
67265,0
67266,0
67267,0
67268,0
67269,0
67270,0
67271,0
67272,0
67273,0
67274,0
67275,0
67276,0
67277,1
67278,0
67279,1
67280,0
67281,0
67282,0
67283,0
67284,0
67285,0
67286,0
67287,0
67288,0
67289,1
67290,1
67291,0
67292,0
67293,0
67294,0
67295,0
67296,0
67297,0
67298,0
67299,1
67300,0
67301,0
67302,0
67303,0
67304,0
67305,0
67306,0
67307,0
67308,0
67309,0
67310,0
67311,0
67312,0
67313,0
67314,0
67315,0
67316,0
67317,0
67318,0
67319,0
67320,0
67321,0
67322,0
67323,0
67324,0
67325,0
67326,0
67327,0
67328,0
67329,0
67330,0
67331,0
67332,0
67333,0
67334,0
67335,0
67336,0
67337,0
67338,0
67339,0
67340,0
67341,0
67342,0
67343,0
67344,0
67345,0
67346,0
67347,0
67348,0
67349,0
67350,0
67351,0
67352,1
67353,0
67354,0
67355,0
67356,0
67357,0
67358,0
67359,0
67360,0
67361,1
67362,0
67363,0
67364,0
67365,0
67366,0
67367,0
67368,0
67369,0
67370,0
67371,0
67372,0
67373,0
67374,0
67375,0
67376,0
67377,0
67378,0
67379,1
67380,0
67381,1
67382,0
67383,0
67384,1
67385,0
67386,0
67387,1
67388,0
67389,0
67390,0
67391,0
67392,0
67393,0
67394,0
67395,0
67396,0
67397,0
67398,1
67399,0
67400,0
67401,0
67402,0
67403,0
67404,0
67405,0
67406,0
67407,0
67408,0
67409,1
67410,0
67411,0
67412,0
67413,1
67414,0
67415,0
67416,1
67417,0
67418,0
67419,1
67420,0
67421,0
67422,0
67423,0
67424,1
67425,0
67426,0
67427,0
67428,0
67429,0
67430,0
67431,0
67432,1
67433,0
67434,1
67435,1
67436,0
67437,0
67438,0
67439,0
67440,0
67441,0
67442,0
67443,0
67444,0
67445,0
67446,0
67447,1
67448,0
67449,0
67450,0
67451,0
67452,0
67453,0
67454,0
67455,1
67456,0
67457,0
67458,0
67459,0
67460,0
67461,1
67462,0
67463,0
67464,0
67465,0
67466,0
67467,0
67468,1
67469,1
67470,0
67471,1
67472,0
67473,0
67474,0
67475,0
67476,0
67477,0
67478,0
67479,0
67480,0
67481,0
67482,0
67483,0
67484,0
67485,1
67486,0
67487,0
67488,1
67489,0
67490,0
67491,0
67492,0
67493,1
67494,0
67495,0
67496,1
67497,0
67498,0
67499,0
67500,0
67501,1
67502,0
67503,0
67504,0
67505,0
67506,0
67507,0
67508,0
67509,0
67510,0
67511,0
67512,0
67513,0
67514,0
67515,0
67516,0
67517,0
67518,1
67519,0
67520,0
67521,0
67522,0
67523,0
67524,0
67525,1
67526,0
67527,0
67528,0
67529,0
67530,0
67531,1
67532,0
67533,0
67534,0
67535,0
67536,0
67537,0
67538,0
67539,0
67540,1
67541,0
67542,0
67543,0
67544,0
67545,0
67546,0
67547,0
67548,0
67549,0
67550,0
67551,0
67552,0
67553,0
67554,0
67555,0
67556,0
67557,0
67558,0
67559,1
67560,0
67561,0
67562,0
67563,0
67564,0
67565,0
67566,0
67567,0
67568,0
67569,0
67570,1
67571,0
67572,1
67573,0
67574,0
67575,0
67576,0
67577,0
67578,0
67579,0
67580,0
67581,0
67582,0
67583,0
67584,0
67585,0
67586,0
67587,0
67588,1
67589,0
67590,0
67591,0
67592,1
67593,0
67594,0
67595,0
67596,0
67597,0
67598,0
67599,0
67600,0
67601,0
67602,0
67603,0
67604,0
67605,0
67606,0
67607,1
67608,0
67609,1
67610,0
67611,0
67612,0
67613,0
67614,0
67615,0
67616,0
67617,0
67618,0
67619,0
67620,0
67621,0
67622,0
67623,0
67624,0
67625,1
67626,0
67627,0
67628,0
67629,1
67630,0
67631,0
67632,0
67633,0
67634,0
67635,0
67636,0
67637,0
67638,0
67639,0
67640,1
67641,0
67642,0
67643,1
67644,0
67645,0
67646,0
67647,0
67648,1
67649,0
67650,0
67651,0
67652,0
67653,0
67654,0
67655,0
67656,0
67657,0
67658,0
67659,0
67660,0
67661,0
67662,0
67663,0
67664,0
67665,0
67666,0
67667,0
67668,1
67669,0
67670,0
67671,0
67672,0
67673,0
67674,0
67675,0
67676,0
67677,0
67678,0
67679,0
67680,0
67681,0
67682,0
67683,0
67684,0
67685,0
67686,1
67687,0
67688,0
67689,0
67690,0
67691,0
67692,0
67693,1
67694,0
67695,0
67696,0
67697,0
67698,0
67699,0
67700,0
67701,1
67702,0
67703,0
67704,1
67705,0
67706,0
67707,0
67708,0
67709,0
67710,0
67711,0
67712,0
67713,0
67714,0
67715,0
67716,0
67717,0
67718,0
67719,0
67720,0
67721,0
67722,0
67723,0
67724,0
67725,0
67726,1
67727,0
67728,0
67729,0
67730,0
67731,0
67732,0
67733,0
67734,0
67735,0
67736,0
67737,0
67738,1
67739,0
67740,0
67741,0
67742,1
67743,0
67744,0
67745,0
67746,0
67747,0
67748,0
67749,0
67750,0
67751,0
67752,0
67753,1
67754,1
67755,0
67756,1
67757,0
67758,0
67759,0
67760,0
67761,0
67762,0
67763,0
67764,0
67765,0
67766,0
67767,0
67768,0
67769,0
67770,1
67771,0
67772,0
67773,0
67774,0
67775,0
67776,1
67777,0
67778,0
67779,0
67780,0
67781,0
67782,0
67783,0
67784,0
67785,0
67786,0
67787,0
67788,0
67789,0
67790,0
67791,0
67792,0
67793,0
67794,0
67795,0
67796,0
67797,0
67798,1
67799,0
67800,0
67801,0
67802,0
67803,0
67804,0
67805,0
67806,0
67807,0
67808,0
67809,0
67810,0
67811,0
67812,0
67813,0
67814,0
67815,0
67816,0
67817,0
67818,0
67819,0
67820,0
67821,0
67822,0
67823,0
67824,0
67825,0
67826,0
67827,1
67828,0
67829,0
67830,0
67831,0
67832,0
67833,0
67834,0
67835,0
67836,1
67837,0
67838,1
67839,0
67840,0
67841,0
67842,0
67843,0
67844,0
67845,0
67846,0
67847,0
67848,0
67849,0
67850,0
67851,0
67852,0
67853,0
67854,0
67855,0
67856,0
67857,0
67858,1
67859,1
67860,0
67861,0
67862,0
67863,0
67864,0
67865,0
67866,0
67867,0
67868,0
67869,0
67870,0
67871,0
67872,0
67873,0
67874,0
67875,0
67876,0
67877,0
67878,0
67879,0
67880,0
67881,0
67882,0
67883,0
67884,0
67885,0
67886,0
67887,0
67888,0
67889,0
67890,0
67891,1
67892,0
67893,1
67894,0
67895,1
67896,0
67897,0
67898,0
67899,0
67900,0
67901,0
67902,0
67903,0
67904,1
67905,1
67906,0
67907,0
67908,0
67909,0
67910,0
67911,0
67912,1
67913,0
67914,0
67915,0
67916,0
67917,0
67918,1
67919,0
67920,0
67921,0
67922,0
67923,0
67924,0
67925,0
67926,0
67927,0
67928,0
67929,0
67930,0
67931,0
67932,0
67933,0
67934,0
67935,0
67936,0
67937,0
67938,0
67939,0
67940,0
67941,1
67942,0
67943,0
67944,0
67945,0
67946,1
67947,0
67948,0
67949,0
67950,0
67951,0
67952,0
67953,0
67954,0
67955,1
67956,0
67957,0
67958,0
67959,0
67960,0
67961,0
67962,0
67963,1
67964,0
67965,0
67966,0
67967,0
67968,0
67969,1
67970,0
67971,1
67972,0
67973,1
67974,0
67975,0
67976,0
67977,0
67978,0
67979,0
67980,0
67981,0
67982,1
67983,0
67984,0
67985,0
67986,0
67987,1
67988,0
67989,0
67990,0
67991,0
67992,0
67993,0
67994,0
67995,0
67996,0
67997,0
67998,1
67999,1
68000,0
68001,1
68002,0
68003,0
68004,0
68005,0
68006,0
68007,0
68008,0
68009,0
68010,0
68011,0
68012,0
68013,0
68014,0
68015,0
68016,0
68017,0
68018,0
68019,1
68020,1
68021,0
68022,0
68023,0
68024,1
68025,0
68026,0
68027,0
68028,0
68029,0
68030,0
68031,0
68032,0
68033,0
68034,0
68035,0
68036,0
68037,0
68038,0
68039,0
68040,0
68041,0
68042,0
68043,0
68044,1
68045,0
68046,1
68047,0
68048,0
68049,0
68050,0
68051,0
68052,0
68053,0
68054,0
68055,0
68056,0
68057,0
68058,1
68059,0
68060,0
68061,0
68062,0
68063,0
68064,1
68065,0
68066,0
68067,0
68068,0
68069,0
68070,0
68071,0
68072,0
68073,0
68074,0
68075,0
68076,0
68077,1
68078,0
68079,0
68080,0
68081,0
68082,0
68083,0
68084,0
68085,0
68086,0
68087,0
68088,0
68089,0
68090,0
68091,0
68092,0
68093,0
68094,1
68095,0
68096,1
68097,0
68098,0
68099,0
68100,0
68101,0
68102,0
68103,0
68104,0
68105,0
68106,0
68107,0
68108,0
68109,0
68110,0
68111,0
68112,0
68113,1
68114,1
68115,0
68116,0
68117,0
68118,0
68119,0
68120,0
68121,0
68122,0
68123,0
68124,0
68125,0
68126,0
68127,0
68128,1
68129,1
68130,1
68131,0
68132,0
68133,0
68134,0
68135,1
68136,0
68137,0
68138,0
68139,0
68140,0
68141,0
68142,0
68143,0
68144,0
68145,0
68146,0
68147,0
68148,1
68149,0
68150,0
68151,0
68152,0
68153,0
68154,0
68155,0
68156,1
68157,0
68158,0
68159,0
68160,0
68161,0
68162,1
68163,0
68164,0
68165,0
68166,0
68167,0
68168,0
68169,0
68170,0
68171,1
68172,1
68173,0
68174,0
68175,0
68176,0
68177,0
68178,0
68179,0
68180,0
68181,0
68182,0
68183,0
68184,0
68185,1
68186,0
68187,1
68188,0
68189,0
68190,0
68191,0
68192,0
68193,0
68194,0
68195,0
68196,0
68197,0
68198,0
68199,0
68200,0
68201,0
68202,0
68203,1
68204,0
68205,0
68206,0
68207,0
68208,0
68209,0
68210,1
68211,0
68212,0
68213,0
68214,0
68215,0
68216,0
68217,1
68218,0
68219,0
68220,0
68221,0
68222,0
68223,0
68224,0
68225,1
68226,0
68227,0
68228,1
68229,0
68230,0
68231,0
68232,0
68233,0
68234,0
68235,0
68236,1
68237,0
68238,0
68239,0
68240,0
68241,0
68242,0
68243,1
68244,1
68245,0
68246,0
68247,0
68248,0
68249,0
68250,0
68251,0
68252,0
68253,0
68254,0
68255,0
68256,0
68257,0
68258,0
68259,0
68260,0
68261,1
68262,0
68263,0
68264,0
68265,0
68266,0
68267,0
68268,0
68269,0
68270,0
68271,0
68272,0
68273,0
68274,0
68275,0
68276,0
68277,0
68278,0
68279,0
68280,0
68281,0
68282,0
68283,0
68284,1
68285,1
68286,0
68287,1
68288,0
68289,0
68290,0
68291,0
68292,0
68293,0
68294,0
68295,0
68296,1
68297,0
68298,0
68299,0
68300,0
68301,0
68302,0
68303,0
68304,0
68305,0
68306,0
68307,0
68308,0
68309,0
68310,0
68311,0
68312,0
68313,0
68314,0
68315,0
68316,0
68317,0
68318,0
68319,0
68320,1
68321,0
68322,0
68323,0
68324,0
68325,1
68326,0
68327,0
68328,0
68329,0
68330,0
68331,0
68332,1
68333,1
68334,0
68335,0
68336,0
68337,1
68338,0
68339,0
68340,0
68341,0
68342,0
68343,0
68344,0
68345,0
68346,0
68347,0
68348,0
68349,0
68350,1
68351,0
68352,0
68353,0
68354,0
68355,0
68356,0
68357,1
68358,0
68359,0
68360,1
68361,0
68362,0
68363,0
68364,0
68365,0
68366,0
68367,0
68368,0
68369,0
68370,0
68371,0
68372,1
68373,0
68374,0
68375,0
68376,0
68377,0
68378,0
68379,0
68380,0
68381,0
68382,1
68383,0
68384,0
68385,1
68386,0
68387,1
68388,0
68389,1
68390,0
68391,0
68392,0
68393,1
68394,0
68395,0
68396,0
68397,0
68398,0
68399,0
68400,0
68401,0
68402,0
68403,0
68404,0
68405,1
68406,0
68407,0
68408,0
68409,0
68410,0
68411,0
68412,0
68413,1
68414,0
68415,0
68416,1
68417,0
68418,0
68419,0
68420,0
68421,0
68422,1
68423,0
68424,0
68425,0
68426,0
68427,0
68428,0
68429,0
68430,0
68431,0
68432,0
68433,0
68434,0
68435,1
68436,0
68437,0
68438,0
68439,0
68440,0
68441,0
68442,0
68443,0
68444,0
68445,0
68446,0
68447,0
68448,0
68449,1
68450,0
68451,1
68452,0
68453,0
68454,0
68455,0
68456,0
68457,0
68458,0
68459,1
68460,0
68461,0
68462,0
68463,0
68464,0
68465,0
68466,0
68467,0
68468,1
68469,0
68470,0
68471,0
68472,0
68473,0
68474,0
68475,0
68476,0
68477,0
68478,0
68479,0
68480,1
68481,0
68482,0
68483,0
68484,0
68485,0
68486,1
68487,0
68488,0
68489,0
68490,0
68491,0
68492,0
68493,0
68494,0
68495,0
68496,0
68497,0
68498,0
68499,0
68500,0
68501,1
68502,0
68503,0
68504,0
68505,0
68506,0
68507,0
68508,0
68509,0
68510,0
68511,0
68512,0
68513,0
68514,0
68515,0
68516,0
68517,0
68518,0
68519,1
68520,0
68521,1
68522,0
68523,0
68524,0
68525,0
68526,1
68527,0
68528,0
68529,0
68530,0
68531,0
68532,0
68533,0
68534,0
68535,0
68536,0
68537,0
68538,0
68539,1
68540,0
68541,0
68542,0
68543,0
68544,0
68545,0
68546,0
68547,0
68548,0
68549,0
68550,0
68551,0
68552,1
68553,0
68554,0
68555,0
68556,0
68557,0
68558,0
68559,0
68560,0
68561,0
68562,1
68563,0
68564,0
68565,0
68566,0
68567,1
68568,0
68569,0
68570,0
68571,1
68572,1
68573,0
68574,0
68575,0
68576,0
68577,0
68578,0
68579,0
68580,0
68581,0
68582,0
68583,0
68584,0
68585,0
68586,0
68587,0
68588,0
68589,0
68590,0
68591,0
68592,0
68593,0
68594,0
68595,0
68596,0
68597,0
68598,0
68599,1
68600,0
68601,0
68602,0
68603,0
68604,0
68605,0
68606,1
68607,0
68608,0
68609,0
68610,0
68611,0
68612,0
68613,0
68614,0
68615,0
68616,0
68617,0
68618,0
68619,0
68620,0
68621,0
68622,0
68623,1
68624,0
68625,0
68626,0
68627,0
68628,0
68629,0
68630,0
68631,0
68632,0
68633,0
68634,0
68635,0
68636,0
68637,0
68638,0
68639,0
68640,0
68641,0
68642,0
68643,0
68644,0
68645,0
68646,0
68647,1
68648,0
68649,0
68650,0
68651,0
68652,0
68653,0
68654,0
68655,0
68656,0
68657,0
68658,0
68659,1
68660,0
68661,0
68662,0
68663,0
68664,0
68665,1
68666,0
68667,0
68668,0
68669,0
68670,0
68671,0
68672,0
68673,0
68674,0
68675,0
68676,0
68677,0
68678,0
68679,0
68680,0
68681,0
68682,0
68683,1
68684,0
68685,0
68686,0
68687,1
68688,1
68689,0
68690,0
68691,0
68692,0
68693,0
68694,0
68695,0
68696,0
68697,0
68698,0
68699,0
68700,0
68701,0
68702,0
68703,0
68704,0
68705,1
68706,0
68707,0
68708,0
68709,0
68710,0
68711,0
68712,0
68713,0
68714,0
68715,0
68716,0
68717,0
68718,0
68719,0
68720,0
68721,0
68722,0
68723,0
68724,0
68725,0
68726,0
68727,0
68728,0
68729,0
68730,0
68731,1
68732,0
68733,1
68734,0
68735,0
68736,0
68737,0
68738,0
68739,0
68740,0
68741,0
68742,0
68743,0
68744,0
68745,0
68746,1
68747,0
68748,0
68749,0
68750,0
68751,0
68752,0
68753,0
68754,0
68755,0
68756,1
68757,0
68758,0
68759,1
68760,0
68761,1
68762,1
68763,0
68764,0
68765,0
68766,0
68767,0
68768,0
68769,0
68770,0
68771,0
68772,0
68773,0
68774,0
68775,0
68776,0
68777,0
68778,0
68779,1
68780,1
68781,0
68782,0
68783,0
68784,0
68785,0
68786,0
68787,0
68788,0
68789,0
68790,0
68791,0
68792,0
68793,0
68794,0
68795,0
68796,0
68797,0
68798,0
68799,1
68800,0
68801,0
68802,0
68803,0
68804,0
68805,0
68806,0
68807,0
68808,0
68809,1
68810,0
68811,0
68812,0
68813,0
68814,0
68815,0
68816,0
68817,0
68818,0
68819,0
68820,0
68821,0
68822,0
68823,0
68824,0
68825,0
68826,0
68827,0
68828,0
68829,0
68830,0
68831,0
68832,0
68833,0
68834,0
68835,0
68836,0
68837,0
68838,0
68839,0
68840,0
68841,0
68842,0
68843,1
68844,0
68845,0
68846,0
68847,1
68848,0
68849,0
68850,0
68851,0
68852,0
68853,0
68854,1
68855,0
68856,0
68857,0
68858,1
68859,0
68860,1
68861,0
68862,0
68863,0
68864,0
68865,0
68866,0
68867,0
68868,0
68869,0
68870,0
68871,0
68872,0
68873,0
68874,0
68875,0
68876,0
68877,0
68878,0
68879,0
68880,0
68881,0
68882,0
68883,1
68884,0
68885,1
68886,0
68887,1
68888,0
68889,0
68890,0
68891,1
68892,0
68893,0
68894,1
68895,0
68896,0
68897,0
68898,0
68899,0
68900,0
68901,0
68902,0
68903,0
68904,0
68905,0
68906,0
68907,0
68908,0
68909,0
68910,0
68911,0
68912,0
68913,0
68914,0
68915,0
68916,0
68917,1
68918,0
68919,0
68920,0
68921,0
68922,0
68923,0
68924,0
68925,0
68926,1
68927,1
68928,0
68929,0
68930,0
68931,0
68932,1
68933,0
68934,0
68935,0
68936,0
68937,0
68938,0
68939,0
68940,0
68941,0
68942,0
68943,0
68944,0
68945,1
68946,0
68947,0
68948,0
68949,0
68950,0
68951,0
68952,0
68953,1
68954,0
68955,0
68956,0
68957,1
68958,0
68959,0
68960,0
68961,0
68962,0
68963,0
68964,0
68965,0
68966,0
68967,1
68968,0
68969,0
68970,0
68971,1
68972,0
68973,0
68974,0
68975,0
68976,0
68977,0
68978,0
68979,0
68980,1
68981,1
68982,1
68983,0
68984,0
68985,1
68986,0
68987,0
68988,0
68989,0
68990,0
68991,0
68992,1
68993,0
68994,0
68995,0
68996,0
68997,1
68998,0
68999,0
69000,0
69001,0
69002,0
69003,0
69004,0
69005,0
69006,0
69007,0
69008,0
69009,0
69010,0
69011,0
69012,1
69013,0
69014,0
69015,0
69016,1
69017,1
69018,1
69019,0
69020,0
69021,0
69022,0
69023,0
69024,0
69025,0
69026,0
69027,0
69028,0
69029,0
69030,1
69031,0
69032,0
69033,0
69034,0
69035,1
69036,0
69037,0
69038,0
69039,0
69040,0
69041,1
69042,0
69043,0
69044,0
69045,0
69046,1
69047,0
69048,0
69049,0
69050,0
69051,0
69052,0
69053,0
69054,1
69055,0
69056,0
69057,0
69058,1
69059,0
69060,0
69061,0
69062,0
69063,0
69064,0
69065,0
69066,0
69067,1
69068,0
69069,0
69070,0
69071,0
69072,0
69073,0
69074,0
69075,0
69076,0
69077,0
69078,0
69079,0
69080,0
69081,0
69082,0
69083,0
69084,0
69085,1
69086,0
69087,0
69088,0
69089,0
69090,0
69091,0
69092,1
69093,0
69094,0
69095,0
69096,0
69097,0
69098,0
69099,0
69100,1
69101,0
69102,0
69103,0
69104,0
69105,0
69106,0
69107,0
69108,0
69109,1
69110,0
69111,0
69112,0
69113,0
69114,1
69115,0
69116,0
69117,0
69118,0
69119,0
69120,0
69121,0
69122,0
69123,0
69124,0
69125,0
69126,1
69127,0
69128,0
69129,0
69130,0
69131,1
69132,0
69133,0
69134,0
69135,0
69136,0
69137,0
69138,0
69139,0
69140,0
69141,0
69142,0
69143,1
69144,0
69145,0
69146,0
69147,0
69148,0
69149,0
69150,0
69151,0
69152,0
69153,0
69154,1
69155,0
69156,0
69157,0
69158,0
69159,0
69160,0
69161,0
69162,0
69163,0
69164,0
69165,0
69166,0
69167,0
69168,0
69169,0
69170,0
69171,0
69172,0
69173,0
69174,1
69175,0
69176,0
69177,1
69178,0
69179,0
69180,0
69181,0
69182,0
69183,0
69184,0
69185,0
69186,0
69187,0
69188,1
69189,0
69190,0
69191,0
69192,0
69193,0
69194,0
69195,0
69196,0
69197,0
69198,0
69199,0
69200,0
69201,0
69202,0
69203,0
69204,0
69205,0
69206,0
69207,0
69208,0
69209,0
69210,1
69211,0
69212,0
69213,0
69214,0
69215,0
69216,0
69217,0
69218,0
69219,0
69220,0
69221,0
69222,0
69223,1
69224,0
69225,0
69226,0
69227,0
69228,0
69229,0
69230,0
69231,0
69232,1
69233,0
69234,0
69235,0
69236,0
69237,0
69238,0
69239,0
69240,0
69241,0
69242,0
69243,0
69244,0
69245,0
69246,0
69247,0
69248,0
69249,0
69250,1
69251,1
69252,0
69253,0
69254,0
69255,0
69256,1
69257,0
69258,0
69259,0
69260,0
69261,0
69262,0
69263,0
69264,1
69265,0
69266,0
69267,0
69268,0
69269,0
69270,0
69271,1
69272,0
69273,0
69274,1
69275,0
69276,1
69277,0
69278,0
69279,0
69280,0
69281,0
69282,0
69283,0
69284,0
69285,0
69286,0
69287,0
69288,0
69289,0
69290,0
69291,0
69292,0
69293,0
69294,0
69295,0
69296,0
69297,0
69298,0
69299,0
69300,0
69301,0
69302,0
69303,0
69304,1
69305,0
69306,0
69307,0
69308,0
69309,0
69310,0
69311,1
69312,0
69313,0
69314,0
69315,0
69316,0
69317,0
69318,0
69319,0
69320,0
69321,0
69322,0
69323,0
69324,0
69325,0
69326,0
69327,0
69328,1
69329,0
69330,1
69331,0
69332,0
69333,0
69334,0
69335,0
69336,0
69337,1
69338,0
69339,0
69340,0
69341,0
69342,0
69343,1
69344,1
69345,0
69346,0
69347,0
69348,1
69349,0
69350,0
69351,0
69352,0
69353,0
69354,0
69355,0
69356,0
69357,1
69358,0
69359,0
69360,0
69361,1
69362,0
69363,0
69364,0
69365,0
69366,0
69367,0
69368,0
69369,0
69370,1
69371,0
69372,0
69373,0
69374,0
69375,0
69376,1
69377,0
69378,0
69379,0
69380,0
69381,0
69382,1
69383,0
69384,0
69385,0
69386,0
69387,0
69388,0
69389,0
69390,0
69391,0
69392,0
69393,0
69394,0
69395,0
69396,1
69397,0
69398,0
69399,0
69400,0
69401,0
69402,0
69403,0
69404,0
69405,0
69406,0
69407,0
69408,0
69409,1
69410,0
69411,0
69412,0
69413,0
69414,0
69415,0
69416,0
69417,0
69418,0
69419,0
69420,0
69421,0
69422,1
69423,0
69424,0
69425,0
69426,0
69427,0
69428,0
69429,0
69430,0
69431,0
69432,0
69433,0
69434,0
69435,0
69436,0
69437,0
69438,0
69439,1
69440,0
69441,0
69442,0
69443,0
69444,0
69445,0
69446,0
69447,0
69448,0
69449,0
69450,0
69451,1
69452,0
69453,1
69454,0
69455,0
69456,0
69457,0
69458,0
69459,1
69460,1
69461,0
69462,0
69463,0
69464,0
69465,0
69466,0
69467,0
69468,0
69469,0
69470,0
69471,1
69472,0
69473,1
69474,0
69475,0
69476,0
69477,0
69478,0
69479,0
69480,0
69481,0
69482,0
69483,0
69484,0
69485,0
69486,1
69487,0
69488,0
69489,0
69490,1
69491,0
69492,1
69493,0
69494,1
69495,0
69496,0
69497,0
69498,0
69499,0
69500,0
69501,0
69502,0
69503,0
69504,0
69505,0
69506,0
69507,0
69508,1
69509,0
69510,0
69511,0
69512,0
69513,0
69514,0
69515,0
69516,0
69517,0
69518,1
69519,0
69520,0
69521,1
69522,0
69523,0
69524,0
69525,0
69526,0
69527,0
69528,0
69529,0
69530,0
69531,0
69532,0
69533,0
69534,0
69535,0
69536,0
69537,0
69538,1
69539,0
69540,0
69541,0
69542,0
69543,0
69544,0
69545,0
69546,0
69547,0
69548,1
69549,0
69550,0
69551,0
69552,1
69553,0
69554,0
69555,0
69556,0
69557,1
69558,1
69559,0
69560,0
69561,0
69562,1
69563,0
69564,1
69565,0
69566,0
69567,0
69568,0
69569,0
69570,0
69571,0
69572,0
69573,0
69574,0
69575,0
69576,0
69577,0
69578,0
69579,0
69580,0
69581,1
69582,0
69583,0
69584,0
69585,0
69586,1
69587,0
69588,0
69589,0
69590,0
69591,0
69592,0
69593,0
69594,0
69595,1
69596,0
69597,0
69598,0
69599,0
69600,1
69601,0
69602,0
69603,0
69604,0
69605,0
69606,0
69607,1
69608,0
69609,0
69610,0
69611,0
69612,0
69613,0
69614,0
69615,0
69616,0
69617,1
69618,0
69619,0
69620,0
69621,0
69622,0
69623,0
69624,0
69625,0
69626,0
69627,1
69628,1
69629,0
69630,0
69631,0
69632,0
69633,0
69634,0
69635,1
69636,0
69637,0
69638,0
69639,0
69640,0
69641,0
69642,0
69643,0
69644,0
69645,0
69646,0
69647,1
69648,0
69649,0
69650,0
69651,0
69652,0
69653,1
69654,0
69655,0
69656,1
69657,0
69658,0
69659,0
69660,0
69661,0
69662,0
69663,0
69664,0
69665,0
69666,0
69667,0
69668,0
69669,0
69670,0
69671,0
69672,0
69673,0
69674,0
69675,0
69676,0
69677,0
69678,1
69679,0
69680,0
69681,0
69682,0
69683,1
69684,0
69685,0
69686,0
69687,0
69688,0
69689,1
69690,0
69691,0
69692,0
69693,0
69694,0
69695,0
69696,0
69697,0
69698,1
69699,0
69700,0
69701,0
69702,0
69703,0
69704,0
69705,0
69706,0
69707,0
69708,1
69709,0
69710,0
69711,0
69712,0
69713,1
69714,0
69715,1
69716,0
69717,0
69718,0
69719,0
69720,1
69721,0
69722,1
69723,0
69724,0
69725,0
69726,0
69727,0
69728,0
69729,0
69730,0
69731,0
69732,0
69733,0
69734,0
69735,0
69736,0
69737,0
69738,0
69739,0
69740,0
69741,0
69742,0
69743,0
69744,0
69745,0
69746,0
69747,0
69748,0
69749,0
69750,0
69751,0
69752,0
69753,0
69754,0
69755,1
69756,0
69757,0
69758,0
69759,0
69760,0
69761,0
69762,0
69763,0
69764,0
69765,0
69766,0
69767,0
69768,0
69769,0
69770,0
69771,0
69772,0
69773,0
69774,0
69775,0
69776,1
69777,0
69778,0
69779,0
69780,0
69781,0
69782,0
69783,0
69784,1
69785,1
69786,0
69787,0
69788,0
69789,0
69790,0
69791,0
69792,0
69793,0
69794,0
69795,0
69796,0
69797,0
69798,0
69799,0
69800,0
69801,0
69802,0
69803,0
69804,0
69805,0
69806,0
69807,1
69808,0
69809,0
69810,0
69811,0
69812,1
69813,0
69814,0
69815,0
69816,0
69817,0
69818,0
69819,1
69820,1
69821,0
69822,0
69823,0
69824,0
69825,0
69826,0
69827,0
69828,0
69829,1
69830,0
69831,0
69832,0
69833,0
69834,0
69835,0
69836,0
69837,0
69838,0
69839,0
69840,0
69841,0
69842,0
69843,0
69844,0
69845,0
69846,0
69847,0
69848,0
69849,0
69850,0
69851,1
69852,0
69853,0
69854,0
69855,1
69856,0
69857,0
69858,0
69859,0
69860,0
69861,0
69862,1
69863,1
69864,0
69865,0
69866,1
69867,0
69868,0
69869,0
69870,0
69871,0
69872,0
69873,0
69874,0
69875,0
69876,0
69877,0
69878,0
69879,0
69880,0
69881,0
69882,0
69883,0
69884,0
69885,0
69886,1
69887,0
69888,0
69889,1
69890,0
69891,1
69892,0
69893,0
69894,0
69895,0
69896,0
69897,0
69898,1
69899,0
69900,0
69901,0
69902,0
69903,0
69904,0
69905,0
69906,0
69907,1
69908,0
69909,0
69910,0
69911,0
69912,0
69913,0
69914,0
69915,0
69916,0
69917,0
69918,1
69919,0
69920,0
69921,0
69922,0
69923,0
69924,0
69925,0
69926,0
69927,0
69928,0
69929,0
69930,0
69931,0
69932,0
69933,0
69934,0
69935,0
69936,0
69937,0
69938,0
69939,0
69940,1
69941,0
69942,0
69943,0
69944,0
69945,0
69946,0
69947,0
69948,0
69949,0
69950,0
69951,0
69952,0
69953,0
69954,0
69955,0
69956,0
69957,0
69958,0
69959,0
69960,1
69961,1
69962,0
69963,0
69964,0
69965,0
69966,1
69967,0
69968,0
69969,0
69970,0
69971,0
69972,0
69973,0
69974,0
69975,0
69976,0
69977,0
69978,0
69979,0
69980,0
69981,0
69982,0
69983,0
69984,0
69985,0
69986,0
69987,1
69988,0
69989,0
69990,1
69991,0
69992,1
69993,0
69994,1
69995,0
69996,0
69997,0
69998,1
69999,0
70000,0
70001,0
70002,0
70003,0
70004,0
70005,0
70006,0
70007,0
70008,0
70009,0
70010,1
70011,0
70012,0
70013,0
70014,0
70015,0
70016,0
70017,0
70018,0
70019,1
70020,0
70021,0
70022,0
70023,0
70024,0
70025,0
70026,0
70027,1
70028,1
70029,0
70030,1
70031,0
70032,0
70033,0
70034,0
70035,0
70036,0
70037,0
70038,0
70039,1
70040,1
70041,0
70042,0
70043,0
70044,0
70045,0
70046,0
70047,0
70048,0
70049,0
70050,0
70051,0
70052,1
70053,0
70054,0
70055,1
70056,0
70057,0
70058,0
70059,0
70060,1
70061,0
70062,0
70063,0
70064,0
70065,0
70066,0
70067,0
70068,0
70069,0
70070,0
70071,0
70072,0
70073,0
70074,1
70075,0
70076,0
70077,0
70078,0
70079,0
70080,0
70081,0
70082,0
70083,0
70084,0
70085,0
70086,1
70087,0
70088,0
70089,0
70090,0
70091,0
70092,0
70093,0
70094,0
70095,0
70096,0
70097,0
70098,0
70099,0
70100,0
70101,0
70102,0
70103,0
70104,0
70105,1
70106,0
70107,0
70108,0
70109,1
70110,0
70111,0
70112,0
70113,0
70114,0
70115,0
70116,0
70117,0
70118,0
70119,0
70120,0
70121,0
70122,0
70123,1
70124,0
70125,0
70126,0
70127,0
70128,0
70129,0
70130,0
70131,0
70132,0
70133,0
70134,0
70135,0
70136,0
70137,0
70138,0
70139,0
70140,0
70141,0
70142,0
70143,0
70144,0
70145,0
70146,0
70147,0
70148,0
70149,0
70150,0
70151,1
70152,0
70153,0
70154,0
70155,0
70156,0
70157,1
70158,1
70159,0
70160,0
70161,0
70162,0
70163,1
70164,0
70165,0
70166,0
70167,0
70168,0
70169,0
70170,0
70171,0
70172,0
70173,1
70174,0
70175,0
70176,1
70177,0
70178,0
70179,0
70180,0
70181,0
70182,0
70183,0
70184,1
70185,0
70186,0
70187,1
70188,0
70189,1
70190,0
70191,0
70192,0
70193,0
70194,0
70195,0
70196,0
70197,1
70198,0
70199,0
70200,0
70201,0
70202,0
70203,0
70204,0
70205,0
70206,0
70207,0
70208,0
70209,1
70210,0
70211,0
70212,0
70213,0
70214,0
70215,0
70216,0
70217,0
70218,0
70219,0
70220,0
70221,0
70222,0
70223,0
70224,0
70225,0
70226,0
70227,0
70228,0
70229,0
70230,0
70231,1
70232,0
70233,0
70234,0
70235,0
70236,0
70237,0
70238,0
70239,0
70240,0
70241,0
70242,0
70243,0
70244,0
70245,0
70246,0
70247,1
70248,0
70249,0
70250,0
70251,0
70252,0
70253,0
70254,1
70255,0
70256,1
70257,0
70258,0
70259,0
70260,0
70261,0
70262,1
70263,1
70264,1
70265,1
70266,0
70267,0
70268,0
70269,0
70270,0
70271,0
70272,0
70273,0
70274,0
70275,0
70276,0
70277,0
70278,0
70279,0
70280,0
70281,0
70282,0
70283,0
70284,0
70285,0
70286,0
70287,0
70288,0
70289,1
70290,1
70291,0
70292,0
70293,0
70294,0
70295,1
70296,0
70297,0
70298,0
70299,1
70300,0
70301,0
70302,1
70303,0
70304,0
70305,0
70306,0
70307,0
70308,0
70309,0
70310,0
70311,0
70312,0
70313,0
70314,0
70315,1
70316,0
70317,0
70318,0
70319,0
70320,0
70321,0
70322,1
70323,0
70324,1
70325,0
70326,0
70327,0
70328,0
70329,0
70330,0
70331,0
70332,0
70333,0
70334,0
70335,0
70336,0
70337,0
70338,0
70339,0
70340,0
70341,1
70342,0
70343,0
70344,0
70345,0
70346,0
70347,0
70348,0
70349,0
70350,0
70351,0
70352,0
70353,0
70354,0
70355,0
70356,1
70357,0
70358,0
70359,0
70360,0
70361,0
70362,0
70363,0
70364,1
70365,0
70366,0
70367,1
70368,0
70369,0
70370,0
70371,0
70372,0
70373,0
70374,0
70375,0
70376,0
70377,0
70378,0
70379,0
70380,1
70381,0
70382,0
70383,0
70384,0
70385,0
70386,0
70387,0
70388,1
70389,1
70390,1
70391,1
70392,0
70393,0
70394,0
70395,0
70396,0
70397,0
70398,0
70399,0
70400,0
70401,0
70402,0
70403,0
70404,0
70405,0
70406,0
70407,0
70408,0
70409,0
70410,0
70411,0
70412,0
70413,0
70414,0
70415,1
70416,0
70417,0
70418,0
70419,0
70420,0
70421,1
70422,0
70423,0
70424,0
70425,0
70426,1
70427,0
70428,0
70429,0
70430,0
70431,0
70432,0
70433,0
70434,0
70435,0
70436,0
70437,0
70438,0
70439,0
70440,0
70441,0
70442,1
70443,0
70444,0
70445,0
70446,0
70447,1
70448,0
70449,0
70450,0
70451,0
70452,0
70453,0
70454,0
70455,0
70456,1
70457,0
70458,0
70459,0
70460,0
70461,0
70462,0
70463,0
70464,0
70465,0
70466,1
70467,1
70468,0
70469,0
70470,0
70471,0
70472,0
70473,0
70474,0
70475,0
70476,0
70477,0
70478,0
70479,0
70480,0
70481,0
70482,0
70483,0
70484,0
70485,0
70486,0
70487,0
70488,0
70489,0
70490,0
70491,1
70492,0
70493,0
70494,1
70495,0
70496,0
70497,0
70498,0
70499,0
70500,0
70501,0
70502,0
70503,0
70504,1
70505,0
70506,0
70507,0
70508,0
70509,0
70510,0
70511,0
70512,0
70513,0
70514,0
70515,1
70516,0
70517,0
70518,0
70519,0
70520,0
70521,0
70522,1
70523,0
70524,0
70525,0
70526,0
70527,0
70528,0
70529,0
70530,0
70531,0
70532,0
70533,0
70534,0
70535,0
70536,0
70537,0
70538,0
70539,0
70540,0
70541,0
70542,0
70543,0
70544,0
70545,0
70546,0
70547,0
70548,0
70549,0
70550,0
70551,0
70552,0
70553,0
70554,0
70555,0
70556,0
70557,0
70558,0
70559,0
70560,0
70561,0
70562,0
70563,0
70564,0
70565,0
70566,0
70567,0
70568,0
70569,1
70570,0
70571,0
70572,1
70573,0
70574,0
70575,0
70576,0
70577,0
70578,1
70579,1
70580,0
70581,0
70582,0
70583,1
70584,0
70585,0
70586,0
70587,0
70588,0
70589,0
70590,0
70591,0
70592,1
70593,0
70594,0
70595,0
70596,0
70597,0
70598,0
70599,0
70600,0
70601,0
70602,0
70603,0
70604,0
70605,1
70606,0
70607,0
70608,0
70609,0
70610,0
70611,0
70612,1
70613,0
70614,0
70615,0
70616,0
70617,0
70618,0
70619,0
70620,0
70621,0
70622,0
70623,0
70624,0
70625,1
70626,0
70627,0
70628,0
70629,1
70630,0
70631,0
70632,1
70633,0
70634,0
70635,0
70636,1
70637,0
70638,0
70639,0
70640,0
70641,0
70642,0
70643,0
70644,0
70645,0
70646,0
70647,0
70648,0
70649,0
70650,0
70651,0
70652,1
70653,1
70654,1
70655,0
70656,0
70657,0
70658,0
70659,0
70660,0
70661,0
70662,0
70663,0
70664,0
70665,0
70666,0
70667,0
70668,0
70669,0
70670,0
70671,0
70672,0
70673,0
70674,0
70675,0
70676,0
70677,0
70678,0
70679,0
70680,0
70681,0
70682,0
70683,0
70684,0
70685,0
70686,0
70687,0
70688,0
70689,0
70690,0
70691,0
70692,0
70693,0
70694,0
70695,0
70696,1
70697,0
70698,0
70699,0
70700,0
70701,1
70702,0
70703,0
70704,0
70705,0
70706,1
70707,0
70708,0
70709,0
70710,0
70711,0
70712,0
70713,1
70714,0
70715,0
70716,0
70717,0
70718,0
70719,1
70720,0
70721,0
70722,0
70723,0
70724,0
70725,0
70726,0
70727,0
70728,0
70729,0
70730,0
70731,0
70732,0
70733,0
70734,0
70735,0
70736,0
70737,0
70738,0
70739,0
70740,0
70741,0
70742,0
70743,0
70744,0
70745,0
70746,0
70747,0
70748,0
70749,0
70750,0
70751,0
70752,0
70753,0
70754,1
70755,0
70756,0
70757,0
70758,0
70759,0
70760,0
70761,0
70762,1
70763,0
70764,0
70765,0
70766,0
70767,0
70768,0
70769,0
70770,0
70771,0
70772,0
70773,1
70774,0
70775,0
70776,0
70777,0
70778,0
70779,0
70780,0
70781,1
70782,0
70783,0
70784,1
70785,0
70786,0
70787,0
70788,0
70789,0
70790,0
70791,0
70792,0
70793,0
70794,0
70795,1
70796,0
70797,0
70798,0
70799,0
70800,0
70801,0
70802,0
70803,0
70804,0
70805,0
70806,0
70807,0
70808,0
70809,0
70810,0
70811,0
70812,0
70813,0
70814,0
70815,0
70816,0
70817,0
70818,0
70819,0
70820,0
70821,0
70822,0
70823,0
70824,1
70825,1
70826,0
70827,0
70828,0
70829,0
70830,1
70831,0
70832,0
70833,0
70834,1
70835,0
70836,0
70837,0
70838,0
70839,0
70840,0
70841,0
70842,0
70843,1
70844,0
70845,0
70846,0
70847,0
70848,0
70849,0
70850,0
70851,0
70852,0
70853,0
70854,0
70855,1
70856,1
70857,1
70858,0
70859,0
70860,0
70861,0
70862,0
70863,0
70864,0
70865,0
70866,0
70867,0
70868,0
70869,0
70870,0
70871,0
70872,0
70873,0
70874,0
70875,0
70876,0
70877,0
70878,0
70879,0
70880,0
70881,0
70882,0
70883,1
70884,0
70885,0
70886,0
70887,0
70888,0
70889,0
70890,0
70891,1
70892,1
70893,1
70894,0
70895,0
70896,0
70897,0
70898,0
70899,0
70900,1
70901,0
70902,0
70903,0
70904,0
70905,0
70906,0
70907,0
70908,0
70909,0
70910,0
70911,1
70912,0
70913,0
70914,0
70915,0
70916,0
70917,0
70918,0
70919,0
70920,0
70921,0
70922,0
70923,0
70924,0
70925,0
70926,0
70927,1
70928,0
70929,0
70930,0
70931,0
70932,0
70933,1
70934,0
70935,0
70936,0
70937,0
70938,0
70939,0
70940,0
70941,0
70942,0
70943,0
70944,0
70945,0
70946,0
70947,0
70948,0
70949,0
70950,0
70951,0
70952,0
70953,0
70954,1
70955,0
70956,0
70957,0
70958,0
70959,0
70960,0
70961,0
70962,0
70963,0
70964,1
70965,0
70966,0
70967,0
70968,1
70969,0
70970,0
70971,0
70972,0
70973,0
70974,0
70975,0
70976,0
70977,0
70978,0
70979,0
70980,0
70981,0
70982,0
70983,0
70984,0
70985,0
70986,0
70987,0
70988,0
70989,0
70990,0
70991,0
70992,0
70993,0
70994,1
70995,0
70996,0
70997,0
70998,1
70999,0
71000,0
71001,0
71002,1
71003,0
71004,0
71005,0
71006,0
71007,0
71008,0
71009,0
71010,0
71011,0
71012,0
71013,0
71014,1
71015,0
71016,0
71017,1
71018,0
71019,0
71020,0
71021,0
71022,0
71023,0
71024,1
71025,0
71026,0
71027,0
71028,0
71029,0
71030,1
71031,0
71032,0
71033,0
71034,0
71035,0
71036,0
71037,0
71038,0
71039,0
71040,0
71041,0
71042,0
71043,0
71044,0
71045,0
71046,0
71047,0
71048,0
71049,0
71050,1
71051,0
71052,0
71053,0
71054,1
71055,0
71056,0
71057,1
71058,0
71059,0
71060,0
71061,0
71062,1
71063,0
71064,1
71065,0
71066,1
71067,0
71068,0
71069,1
71070,0
71071,0
71072,0
71073,0
71074,1
71075,0
71076,0
71077,0
71078,0
71079,0
71080,0
71081,1
71082,0
71083,0
71084,1
71085,0
71086,0
71087,1
71088,0
71089,0
71090,1
71091,0
71092,0
71093,0
71094,0
71095,0
71096,0
71097,0
71098,0
71099,0
71100,0
71101,0
71102,0
71103,0
71104,0
71105,0
71106,0
71107,0
71108,0
71109,1
71110,1
71111,0
71112,0
71113,0
71114,0
71115,0
71116,0
71117,0
71118,0
71119,0
71120,0
71121,0
71122,1
71123,0
71124,0
71125,0
71126,0
71127,0
71128,0
71129,0
71130,1
71131,0
71132,1
71133,0
71134,1
71135,0
71136,0
71137,0
71138,0
71139,0
71140,0
71141,0
71142,0
71143,0
71144,0
71145,0
71146,0
71147,0
71148,0
71149,0
71150,0
71151,0
71152,0
71153,0
71154,0
71155,1
71156,0
71157,0
71158,1
71159,0
71160,0
71161,1
71162,1
71163,0
71164,0
71165,0
71166,0
71167,0
71168,0
71169,0
71170,0
71171,0
71172,0
71173,0
71174,0
71175,0
71176,0
71177,0
71178,0
71179,0
71180,0
71181,0
71182,0
71183,0
71184,0
71185,0
71186,0
71187,0
71188,0
71189,0
71190,0
71191,1
71192,0
71193,0
71194,0
71195,0
71196,1
71197,0
71198,1
71199,0
71200,0
71201,0
71202,1
71203,0
71204,0
71205,0
71206,0
71207,0
71208,1
71209,0
71210,0
71211,0
71212,0
71213,0
71214,0
71215,0
71216,0
71217,0
71218,0
71219,0
71220,1
71221,0
71222,0
71223,0
71224,1
71225,0
71226,0
71227,0
71228,0
71229,0
71230,0
71231,0
71232,0
71233,1
71234,0
71235,0
71236,0
71237,0
71238,0
71239,0
71240,0
71241,0
71242,0
71243,0
71244,0
71245,0
71246,0
71247,0
71248,0
71249,0
71250,0
71251,0
71252,1
71253,0
71254,0
71255,0
71256,1
71257,0
71258,0
71259,0
71260,0
71261,0
71262,0
71263,0
71264,0
71265,0
71266,1
71267,0
71268,0
71269,0
71270,0
71271,0
71272,0
71273,0
71274,0
71275,0
71276,0
71277,0
71278,0
71279,0
71280,1
71281,0
71282,0
71283,0
71284,0
71285,0
71286,0
71287,0
71288,0
71289,0
71290,0
71291,0
71292,0
71293,0
71294,0
71295,0
71296,0
71297,1
71298,1
71299,0
71300,0
71301,1
71302,0
71303,0
71304,0
71305,0
71306,0
71307,0
71308,0
71309,1
71310,0
71311,0
71312,0
71313,0
71314,0
71315,0
71316,0
71317,0
71318,1
71319,0
71320,0
71321,0
71322,0
71323,0
71324,0
71325,0
71326,0
71327,0
71328,0
71329,0
71330,0
71331,0
71332,0
71333,0
71334,0
71335,0
71336,0
71337,1
71338,0
71339,0
71340,0
71341,0
71342,0
71343,0
71344,0
71345,0
71346,0
71347,0
71348,1
71349,0
71350,0
71351,0
71352,0
71353,0
71354,0
71355,0
71356,0
71357,1
71358,0
71359,0
71360,0
71361,0
71362,0
71363,0
71364,1
71365,0
71366,0
71367,0
71368,0
71369,0
71370,1
71371,0
71372,0
71373,0
71374,0
71375,0
71376,0
71377,0
71378,0
71379,0
71380,0
71381,0
71382,1
71383,0
71384,0
71385,0
71386,0
71387,0
71388,0
71389,0
71390,0
71391,0
71392,0
71393,0
71394,1
71395,0
71396,0
71397,0
71398,0
71399,0
71400,0
71401,0
71402,0
71403,0
71404,0
71405,0
71406,0
71407,0
71408,0
71409,0
71410,0
71411,0
71412,0
71413,0
71414,0
71415,0
71416,0
71417,0
71418,1
71419,0
71420,0
71421,0
71422,1
71423,0
71424,0
71425,0
71426,0
71427,0
71428,0
71429,0
71430,0
71431,0
71432,0
71433,0
71434,0
71435,0
71436,0
71437,0
71438,0
71439,0
71440,1
71441,0
71442,0
71443,0
71444,0
71445,0
71446,0
71447,0
71448,0
71449,0
71450,0
71451,0
71452,0
71453,0
71454,0
71455,0
71456,0
71457,0
71458,0
71459,0
71460,0
71461,0
71462,0
71463,0
71464,0
71465,0
71466,0
71467,0
71468,1
71469,0
71470,0
71471,0
71472,0
71473,1
71474,0
71475,0
71476,1
71477,0
71478,1
71479,0
71480,0
71481,1
71482,0
71483,0
71484,0
71485,0
71486,0
71487,0
71488,0
71489,0
71490,0
71491,0
71492,0
71493,0
71494,1
71495,0
71496,1
71497,1
71498,1
71499,0
71500,0
71501,0
71502,0
71503,0
71504,0
71505,1
71506,0
71507,0
71508,0
71509,0
71510,0
71511,1
71512,0
71513,0
71514,0
71515,0
71516,0
71517,0
71518,0
71519,1
71520,0
71521,1
71522,0
71523,0
71524,0
71525,0
71526,0
71527,0
71528,0
71529,0
71530,0
71531,0
71532,0
71533,0
71534,0
71535,0
71536,0
71537,0
71538,0
71539,0
71540,0
71541,0
71542,0
71543,0
71544,0
71545,0
71546,0
71547,1
71548,0
71549,1
71550,0
71551,0
71552,0
71553,0
71554,0
71555,0
71556,0
71557,0
71558,0
71559,0
71560,0
71561,0
71562,0
71563,0
71564,0
71565,0
71566,0
71567,0
71568,1
71569,0
71570,0
71571,0
71572,0
71573,0
71574,0
71575,1
71576,0
71577,0
71578,0
71579,0
71580,0
71581,0
71582,0
71583,1
71584,0
71585,1
71586,0
71587,0
71588,0
71589,0
71590,1
71591,0
71592,0
71593,0
71594,0
71595,0
71596,0
71597,1
71598,0
71599,0
71600,0
71601,0
71602,0
71603,0
71604,0
71605,0
71606,0
71607,0
71608,0
71609,0
71610,0
71611,0
71612,0
71613,0
71614,0
71615,0
71616,0
71617,0
71618,0
71619,0
71620,0
71621,1
71622,0
71623,1
71624,0
71625,0
71626,0
71627,1
71628,0
71629,0
71630,0
71631,0
71632,1
71633,0
71634,0
71635,0
71636,0
71637,1
71638,0
71639,0
71640,0
71641,1
71642,0
71643,0
71644,0
71645,0
71646,0
71647,0
71648,0
71649,0
71650,0
71651,0
71652,0
71653,0
71654,0
71655,1
71656,0
71657,0
71658,0
71659,0
71660,0
71661,0
71662,0
71663,0
71664,0
71665,0
71666,0
71667,0
71668,0
71669,0
71670,1
71671,0
71672,0
71673,0
71674,0
71675,0
71676,0
71677,0
71678,1
71679,0
71680,1
71681,0
71682,1
71683,0
71684,0
71685,0
71686,0
71687,0
71688,1
71689,0
71690,0
71691,0
71692,0
71693,0
71694,0
71695,0
71696,0
71697,0
71698,0
71699,0
71700,0
71701,0
71702,0
71703,0
71704,0
71705,0
71706,0
71707,0
71708,0
71709,1
71710,0
71711,0
71712,1
71713,1
71714,1
71715,0
71716,0
71717,0
71718,0
71719,0
71720,0
71721,0
71722,1
71723,0
71724,0
71725,0
71726,0
71727,1
71728,0
71729,0
71730,0
71731,0
71732,0
71733,0
71734,0
71735,0
71736,0
71737,0
71738,0
71739,0
71740,0
71741,1
71742,0
71743,0
71744,0
71745,0
71746,0
71747,0
71748,0
71749,0
71750,1
71751,0
71752,0
71753,0
71754,0
71755,0
71756,0
71757,0
71758,0
71759,0
71760,0
71761,1
71762,0
71763,0
71764,0
71765,0
71766,0
71767,0
71768,1
71769,0
71770,0
71771,0
71772,0
71773,0
71774,1
71775,0
71776,0
71777,0
71778,1
71779,0
71780,0
71781,0
71782,0
71783,0
71784,0
71785,1
71786,0
71787,0
71788,0
71789,0
71790,0
71791,0
71792,0
71793,0
71794,0
71795,0
71796,0
71797,0
71798,0
71799,0
71800,1
71801,0
71802,0
71803,0
71804,0
71805,0
71806,0
71807,0
71808,0
71809,0
71810,0
71811,0
71812,0
71813,0
71814,0
71815,0
71816,0
71817,0
71818,0
71819,0
71820,0
71821,0
71822,0
71823,0
71824,0
71825,0
71826,0
71827,0
71828,0
71829,0
71830,0
71831,0
71832,1
71833,0
71834,0
71835,0
71836,0
71837,0
71838,0
71839,0
71840,0
71841,0
71842,0
71843,0
71844,0
71845,0
71846,0
71847,0
71848,0
71849,0
71850,0
71851,0
71852,1
71853,0
71854,0
71855,0
71856,0
71857,0
71858,0
71859,0
71860,0
71861,1
71862,0
71863,0
71864,0
71865,0
71866,0
71867,0
71868,0
71869,0
71870,1
71871,0
71872,0
71873,0
71874,0
71875,0
71876,1
71877,0
71878,1
71879,0
71880,1
71881,0
71882,0
71883,0
71884,0
71885,0
71886,0
71887,0
71888,0
71889,0
71890,0
71891,0
71892,0
71893,0
71894,0
71895,0
71896,0
71897,0
71898,0
71899,0
71900,0
71901,0
71902,0
71903,0
71904,0
71905,1
71906,1
71907,0
71908,1
71909,1
71910,0
71911,0
71912,0
71913,0
71914,0
71915,0
71916,0
71917,0
71918,0
71919,1
71920,1
71921,0
71922,0
71923,0
71924,1
71925,1
71926,0
71927,0
71928,0
71929,0
71930,0
71931,0
71932,0
71933,0
71934,0
71935,0
71936,0
71937,0
71938,0
71939,1
71940,0
71941,0
71942,1
71943,0
71944,0
71945,0
71946,0
71947,0
71948,0
71949,0
71950,0
71951,1
71952,1
71953,1
71954,0
71955,0
71956,0
71957,0
71958,0
71959,1
71960,0
71961,0
71962,0
71963,0
71964,0
71965,0
71966,0
71967,0
71968,0
71969,0
71970,0
71971,0
71972,0
71973,0
71974,0
71975,0
71976,0
71977,0
71978,0
71979,0
71980,0
71981,0
71982,0
71983,0
71984,1
71985,1
71986,1
71987,0
71988,0
71989,0
71990,0
71991,1
71992,0
71993,1
71994,0
71995,0
71996,0
71997,0
71998,0
71999,0
72000,1
72001,0
72002,0
72003,0
72004,0
72005,0
72006,0
72007,0
72008,0
72009,0
72010,0
72011,1
72012,0
72013,1
72014,0
72015,0
72016,0
72017,0
72018,0
72019,0
72020,0
72021,0
72022,0
72023,0
72024,0
72025,0
72026,0
72027,0
72028,0
72029,0
72030,0
72031,0
72032,0
72033,0
72034,1
72035,0
72036,0
72037,0
72038,1
72039,0
72040,0
72041,0
72042,1
72043,1
72044,0
72045,0
72046,0
72047,0
72048,0
72049,0
72050,0
72051,0
72052,0
72053,0
72054,0
72055,1
72056,1
72057,0
72058,0
72059,0
72060,0
72061,0
72062,0
72063,0
72064,0
72065,0
72066,0
72067,0
72068,0
72069,0
72070,1
72071,0
72072,0
72073,1
72074,1
72075,0
72076,0
72077,0
72078,0
72079,0
72080,1
72081,0
72082,0
72083,0
72084,0
72085,0
72086,0
72087,0
72088,0
72089,0
72090,0
72091,0
72092,0
72093,0
72094,0
72095,0
72096,1
72097,0
72098,0
72099,0
72100,0
72101,0
72102,0
72103,0
72104,0
72105,0
72106,0
72107,0
72108,0
72109,1
72110,0
72111,0
72112,0
72113,0
72114,0
72115,0
72116,0
72117,1
72118,0
72119,1
72120,0
72121,0
72122,0
72123,0
72124,0
72125,0
72126,0
72127,0
72128,1
72129,0
72130,0
72131,0
72132,0
72133,0
72134,0
72135,0
72136,0
72137,0
72138,0
72139,0
72140,0
72141,0
72142,0
72143,1
72144,0
72145,0
72146,0
72147,0
72148,0
72149,0
72150,0
72151,0
72152,0
72153,0
72154,0
72155,0
72156,0
72157,0
72158,0
72159,0
72160,0
72161,1
72162,0
72163,0
72164,0
72165,0
72166,0
72167,0
72168,0
72169,0
72170,0
72171,1
72172,0
72173,0
72174,0
72175,0
72176,0
72177,0
72178,0
72179,0
72180,0
72181,0
72182,0
72183,0
72184,1
72185,0
72186,0
72187,0
72188,0
72189,1
72190,0
72191,0
72192,1
72193,0
72194,0
72195,0
72196,0
72197,0
72198,0
72199,0
72200,0
72201,0
72202,0
72203,0
72204,0
72205,0
72206,0
72207,0
72208,0
72209,0
72210,0
72211,0
72212,1
72213,0
72214,0
72215,0
72216,0
72217,0
72218,0
72219,1
72220,0
72221,0
72222,0
72223,0
72224,0
72225,0
72226,0
72227,0
72228,0
72229,0
72230,0
72231,0
72232,0
72233,0
72234,0
72235,0
72236,0
72237,0
72238,0
72239,0
72240,1
72241,0
72242,0
72243,0
72244,0
72245,0
72246,0
72247,0
72248,1
72249,0
72250,1
72251,0
72252,0
72253,0
72254,0
72255,0
72256,0
72257,0
72258,0
72259,0
72260,0
72261,0
72262,0
72263,0
72264,0
72265,0
72266,0
72267,0
72268,1
72269,0
72270,0
72271,0
72272,0
72273,0
72274,0
72275,0
72276,0
72277,0
72278,0
72279,0
72280,0
72281,0
72282,0
72283,1
72284,0
72285,1
72286,0
72287,0
72288,0
72289,0
72290,0
72291,0
72292,0
72293,0
72294,1
72295,1
72296,1
72297,0
72298,0
72299,1
72300,0
72301,0
72302,0
72303,0
72304,0
72305,1
72306,0
72307,0
72308,0
72309,0
72310,0
72311,0
72312,0
72313,0
72314,0
72315,0
72316,0
72317,0
72318,0
72319,0
72320,0
72321,0
72322,0
72323,0
72324,0
72325,0
72326,0
72327,0
72328,0
72329,0
72330,0
72331,0
72332,1
72333,0
72334,0
72335,0
72336,0
72337,1
72338,0
72339,0
72340,1
72341,0
72342,0
72343,0
72344,0
72345,0
72346,0
72347,0
72348,1
72349,0
72350,0
72351,0
72352,0
72353,0
72354,0
72355,0
72356,0
72357,0
72358,1
72359,0
72360,0
72361,0
72362,0
72363,0
72364,1
72365,0
72366,0
72367,0
72368,0
72369,0
72370,0
72371,1
72372,0
72373,1
72374,1
72375,0
72376,1
72377,0
72378,0
72379,0
72380,0
72381,0
72382,1
72383,0
72384,0
72385,1
72386,0
72387,0
72388,0
72389,0
72390,0
72391,0
72392,0
72393,0
72394,0
72395,0
72396,0
72397,0
72398,0
72399,0
72400,0
72401,0
72402,0
72403,0
72404,0
72405,0
72406,1
72407,0
72408,0
72409,1
72410,0
72411,0
72412,0
72413,0
72414,0
72415,0
72416,0
72417,0
72418,0
72419,0
72420,0
72421,0
72422,0
72423,0
72424,0
72425,0
72426,0
72427,1
72428,0
72429,0
72430,0
72431,0
72432,1
72433,0
72434,0
72435,0
72436,0
72437,0
72438,0
72439,0
72440,0
72441,0
72442,0
72443,0
72444,0
72445,0
72446,0
72447,0
72448,0
72449,0
72450,0
72451,0
72452,0
72453,0
72454,0
72455,1
72456,0
72457,0
72458,0
72459,0
72460,0
72461,0
72462,0
72463,0
72464,0
72465,0
72466,0
72467,0
72468,0
72469,0
72470,0
72471,0
72472,0
72473,0
72474,0
72475,0
72476,1
72477,1
72478,0
72479,0
72480,0
72481,0
72482,0
72483,0
72484,0
72485,0
72486,0
72487,0
72488,0
72489,0
72490,1
72491,0
72492,0
72493,0
72494,0
72495,0
72496,0
72497,0
72498,0
72499,0
72500,0
72501,0
72502,0
72503,0
72504,0
72505,0
72506,1
72507,0
72508,0
72509,0
72510,0
72511,0
72512,0
72513,0
72514,0
72515,0
72516,0
72517,0
72518,0
72519,0
72520,0
72521,0
72522,0
72523,0
72524,0
72525,0
72526,0
72527,0
72528,1
72529,0
72530,0
72531,1
72532,0
72533,0
72534,0
72535,1
72536,0
72537,0
72538,0
72539,0
72540,0
72541,0
72542,0
72543,1
72544,0
72545,1
72546,0
72547,0
72548,0
72549,0
72550,0
72551,0
72552,0
72553,0
72554,0
72555,0
72556,0
72557,0
72558,0
72559,0
72560,0
72561,0
72562,0
72563,0
72564,0
72565,0
72566,0
72567,0
72568,0
72569,0
72570,0
72571,0
72572,0
72573,0
72574,0
72575,0
72576,1
72577,0
72578,0
72579,0
72580,0
72581,0
72582,0
72583,0
72584,0
72585,0
72586,0
72587,0
72588,0
72589,0
72590,1
72591,0
72592,0
72593,0
72594,0
72595,0
72596,0
72597,0
72598,0
72599,0
72600,0
72601,0
72602,0
72603,0
72604,0
72605,0
72606,0
72607,0
72608,0
72609,0
72610,0
72611,0
72612,0
72613,0
72614,0
72615,1
72616,0
72617,1
72618,0
72619,0
72620,1
72621,0
72622,0
72623,1
72624,0
72625,0
72626,0
72627,0
72628,0
72629,0
72630,0
72631,0
72632,0
72633,0
72634,0
72635,0
72636,0
72637,1
72638,0
72639,1
72640,1
72641,0
72642,0
72643,0
72644,0
72645,0
72646,0
72647,0
72648,0
72649,0
72650,0
72651,0
72652,0
72653,0
72654,0
72655,0
72656,0
72657,0
72658,0
72659,0
72660,0
72661,0
72662,0
72663,0
72664,0
72665,0
72666,0
72667,0
72668,0
72669,1
72670,0
72671,0
72672,0
72673,0
72674,0
72675,0
72676,0
72677,0
72678,0
72679,0
72680,0
72681,0
72682,0
72683,0
72684,0
72685,1
72686,0
72687,0
72688,0
72689,0
72690,1
72691,0
72692,0
72693,0
72694,0
72695,0
72696,0
72697,0
72698,1
72699,0
72700,0
72701,0
72702,0
72703,0
72704,0
72705,0
72706,0
72707,0
72708,0
72709,0
72710,0
72711,0
72712,0
72713,0
72714,0
72715,1
72716,0
72717,0
72718,1
72719,0
72720,0
72721,0
72722,0
72723,0
72724,0
72725,1
72726,0
72727,0
72728,0
72729,0
72730,0
72731,0
72732,0
72733,0
72734,0
72735,0
72736,0
72737,0
72738,1
72739,0
72740,0
72741,0
72742,0
72743,0
72744,0
72745,0
72746,0
72747,0
72748,0
72749,0
72750,0
72751,0
72752,0
72753,0
72754,1
72755,0
72756,0
72757,0
72758,0
72759,0
72760,0
72761,0
72762,0
72763,0
72764,0
72765,0
72766,0
72767,0
72768,0
72769,0
72770,0
72771,0
72772,0
72773,0
72774,0
72775,0
72776,0
72777,0
72778,0
72779,0
72780,0
72781,0
72782,0
72783,0
72784,0
72785,0
72786,0
72787,1
72788,0
72789,0
72790,0
72791,0
72792,0
72793,1
72794,0
72795,0
72796,0
72797,0
72798,1
72799,0
72800,1
72801,0
72802,0
72803,0
72804,0
72805,0
72806,0
72807,0
72808,0
72809,0
72810,0
72811,0
72812,1
72813,0
72814,0
72815,1
72816,0
72817,0
72818,0
72819,0
72820,0
72821,0
72822,0
72823,0
72824,0
72825,0
72826,0
72827,0
72828,0
72829,1
72830,0
72831,0
72832,0
72833,0
72834,0
72835,0
72836,0
72837,0
72838,0
72839,0
72840,0
72841,1
72842,0
72843,0
72844,0
72845,0
72846,1
72847,0
72848,0
72849,0
72850,0
72851,0
72852,0
72853,0
72854,0
72855,0
72856,0
72857,0
72858,0
72859,0
72860,1
72861,0
72862,0
72863,0
72864,0
72865,0
72866,0
72867,1
72868,0
72869,0
72870,0
72871,0
72872,0
72873,0
72874,0
72875,0
72876,0
72877,0
72878,1
72879,0
72880,0
72881,0
72882,0
72883,0
72884,0
72885,0
72886,0
72887,0
72888,0
72889,0
72890,1
72891,0
72892,0
72893,0
72894,0
72895,0
72896,0
72897,0
72898,0
72899,0
72900,0
72901,0
72902,0
72903,0
72904,0
72905,0
72906,0
72907,0
72908,1
72909,0
72910,0
72911,0
72912,0
72913,0
72914,1
72915,0
72916,1
72917,0
72918,0
72919,0
72920,0
72921,0
72922,0
72923,1
72924,0
72925,0
72926,0
72927,0
72928,0
72929,0
72930,0
72931,0
72932,0
72933,0
72934,0
72935,0
72936,0
72937,0
72938,0
72939,0
72940,0
72941,0
72942,0
72943,0
72944,0
72945,1
72946,0
72947,0
72948,1
72949,0
72950,0
72951,0
72952,0
72953,0
72954,1
72955,0
72956,0
72957,1
72958,1
72959,0
72960,0
72961,0
72962,0
72963,0
72964,0
72965,0
72966,0
72967,0
72968,0
72969,0
72970,0
72971,0
72972,0
72973,0
72974,0
72975,0
72976,0
72977,0
72978,0
72979,0
72980,0
72981,0
72982,1
72983,0
72984,0
72985,0
72986,0
72987,0
72988,0
72989,0
72990,0
72991,0
72992,0
72993,0
72994,0
72995,0
72996,0
72997,0
72998,0
72999,0
73000,0
73001,0
73002,0
73003,0
73004,0
73005,1
73006,0
73007,0
73008,0
73009,0
73010,0
73011,0
73012,0
73013,0
73014,0
73015,0
73016,0
73017,0
73018,1
73019,0
73020,0
73021,0
73022,0
73023,0
73024,0
73025,0
73026,0
73027,0
73028,0
73029,1
73030,0
73031,0
73032,0
73033,0
73034,0
73035,0
73036,0
73037,0
73038,0
73039,0
73040,0
73041,0
73042,0
73043,0
73044,0
73045,0
73046,0
73047,0
73048,0
73049,0
73050,0
73051,0
73052,0
73053,0
73054,0
73055,0
73056,0
73057,0
73058,1
73059,1
73060,0
73061,0
73062,0
73063,0
73064,0
73065,1
73066,0
73067,0
73068,0
73069,1
73070,0
73071,0
73072,0
73073,0
73074,0
73075,0
73076,0
73077,0
73078,0
73079,0
73080,0
73081,0
73082,0
73083,1
73084,0
73085,0
73086,1
73087,0
73088,0
73089,1
73090,0
73091,0
73092,0
73093,1
73094,0
73095,0
73096,1
73097,0
73098,0
73099,0
73100,0
73101,0
73102,0
73103,0
73104,0
73105,0
73106,0
73107,0
73108,0
73109,0
73110,1
73111,0
73112,0
73113,1
73114,0
73115,0
73116,0
73117,0
73118,1
73119,0
73120,0
73121,1
73122,0
73123,0
73124,0
73125,0
73126,0
73127,1
73128,0
73129,0
73130,1
73131,0
73132,0
73133,0
73134,0
73135,0
73136,0
73137,1
73138,0
73139,1
73140,0
73141,0
73142,0
73143,0
73144,0
73145,0
73146,0
73147,0
73148,0
73149,0
73150,0
73151,0
73152,0
73153,0
73154,0
73155,0
73156,0
73157,0
73158,0
73159,1
73160,0
73161,0
73162,0
73163,0
73164,0
73165,0
73166,0
73167,0
73168,0
73169,0
73170,1
73171,0
73172,0
73173,0
73174,0
73175,0
73176,0
73177,0
73178,0
73179,0
73180,0
73181,0
73182,1
73183,0
73184,0
73185,0
73186,0
73187,0
73188,0
73189,0
73190,0
73191,0
73192,0
73193,0
73194,0
73195,0
73196,0
73197,1
73198,0
73199,0
73200,0
73201,0
73202,0
73203,0
73204,0
73205,0
73206,0
73207,0
73208,0
73209,0
73210,0
73211,0
73212,0
73213,0
73214,0
73215,0
73216,0
73217,0
73218,0
73219,0
73220,0
73221,0
73222,0
73223,0
73224,0
73225,0
73226,0
73227,0
73228,0
73229,0
73230,1
73231,0
73232,0
73233,0
73234,0
73235,0
73236,0
73237,0
73238,0
73239,0
73240,0
73241,0
73242,0
73243,0
73244,0
73245,1
73246,0
73247,0
73248,1
73249,0
73250,0
73251,0
73252,0
73253,0
73254,0
73255,0
73256,1
73257,0
73258,0
73259,0
73260,0
73261,0
73262,0
73263,1
73264,0
73265,0
73266,0
73267,0
73268,0
73269,0
73270,0
73271,0
73272,0
73273,0
73274,1
73275,0
73276,0
73277,0
73278,0
73279,1
73280,1
73281,0
73282,1
73283,0
73284,0
73285,0
73286,0
73287,0
73288,1
73289,0
73290,0
73291,0
73292,1
73293,0
73294,0
73295,0
73296,0
73297,0
73298,0
73299,0
73300,0
73301,0
73302,0
73303,0
73304,0
73305,1
73306,0
73307,0
73308,0
73309,1
73310,0
73311,0
73312,0
73313,1
73314,1
73315,1
73316,0
73317,0
73318,0
73319,0
73320,0
73321,0
73322,0
73323,0
73324,0
73325,0
73326,0
73327,0
73328,1
73329,0
73330,0
73331,0
73332,0
73333,0
73334,0
73335,0
73336,0
73337,0
73338,0
73339,0
73340,0
73341,0
73342,0
73343,0
73344,0
73345,1
73346,0
73347,0
73348,0
73349,0
73350,0
73351,0
73352,0
73353,0
73354,0
73355,0
73356,0
73357,0
73358,1
73359,0
73360,0
73361,0
73362,0
73363,0
73364,0
73365,0
73366,0
73367,0
73368,0
73369,0
73370,0
73371,0
73372,0
73373,0
73374,0
73375,0
73376,0
73377,1
73378,1
73379,1
73380,0
73381,1
73382,1
73383,1
73384,0
73385,0
73386,0
73387,0
73388,0
73389,0
73390,0
73391,0
73392,0
73393,0
73394,0
73395,0
73396,0
73397,0
73398,0
73399,0
73400,0
73401,0
73402,0
73403,0
73404,0
73405,0
73406,0
73407,0
73408,0
73409,0
73410,0
73411,0
73412,0
73413,1
73414,0
73415,1
73416,0
73417,0
73418,0
73419,0
73420,1
73421,0
73422,1
73423,0
73424,0
73425,0
73426,0
73427,0
73428,0
73429,1
73430,0
73431,0
73432,1
73433,0
73434,0
73435,1
73436,0
73437,0
73438,0
73439,0
73440,0
73441,0
73442,0
73443,0
73444,1
73445,0
73446,0
73447,0
73448,0
73449,0
73450,0
73451,0
73452,1
73453,0
73454,0
73455,0
73456,0
73457,0
73458,0
73459,0
73460,0
73461,1
73462,0
73463,0
73464,0
73465,0
73466,0
73467,0
73468,0
73469,0
73470,0
73471,0
73472,1
73473,0
73474,0
73475,0
73476,0
73477,0
73478,1
73479,0
73480,0
73481,0
73482,0
73483,0
73484,0
73485,0
73486,0
73487,0
73488,0
73489,0
73490,0
73491,1
73492,0
73493,0
73494,0
73495,0
73496,0
73497,0
73498,0
73499,0
73500,0
73501,0
73502,0
73503,1
73504,0
73505,0
73506,0
73507,0
73508,0
73509,0
73510,0
73511,0
73512,0
73513,0
73514,0
73515,0
73516,0
73517,1
73518,0
73519,0
73520,1
73521,0
73522,0
73523,0
73524,0
73525,0
73526,0
73527,0
73528,0
73529,0
73530,1
73531,0
73532,0
73533,0
73534,0
73535,0
73536,0
73537,0
73538,0
73539,0
73540,0
73541,0
73542,1
73543,0
73544,0
73545,0
73546,1
73547,0
73548,0
73549,1
73550,0
73551,1
73552,0
73553,0
73554,0
73555,0
73556,1
73557,0
73558,0
73559,0
73560,0
73561,0
73562,0
73563,0
73564,1
73565,1
73566,0
73567,0
73568,0
73569,0
73570,0
73571,0
73572,0
73573,1
73574,0
73575,0
73576,0
73577,0
73578,0
73579,0
73580,0
73581,0
73582,0
73583,0
73584,0
73585,0
73586,1
73587,0
73588,1
73589,0
73590,0
73591,0
73592,0
73593,0
73594,0
73595,0
73596,0
73597,0
73598,0
73599,0
73600,0
73601,0
73602,0
73603,1
73604,0
73605,0
73606,0
73607,0
73608,0
73609,0
73610,1
73611,0
73612,0
73613,0
73614,0
73615,0
73616,0
73617,0
73618,1
73619,0
73620,0
73621,0
73622,0
73623,0
73624,0
73625,0
73626,0
73627,0
73628,0
73629,0
73630,0
73631,0
73632,0
73633,0
73634,0
73635,0
73636,0
73637,0
73638,0
73639,0
73640,0
73641,0
73642,0
73643,0
73644,0
73645,0
73646,0
73647,0
73648,0
73649,0
73650,0
73651,0
73652,0
73653,0
73654,0
73655,0
73656,0
73657,0
73658,0
73659,0
73660,0
73661,0
73662,0
73663,0
73664,0
73665,0
73666,0
73667,1
73668,0
73669,0
73670,0
73671,0
73672,0
73673,0
73674,0
73675,0
73676,0
73677,0
73678,0
73679,0
73680,0
73681,0
73682,0
73683,0
73684,0
73685,0
73686,0
73687,0
73688,0
73689,0
73690,0
73691,1
73692,1
73693,0
73694,0
73695,0
73696,0
73697,0
73698,0
73699,0
73700,0
73701,0
73702,0
73703,0
73704,0
73705,0
73706,0
73707,0
73708,0
73709,0
73710,0
73711,0
73712,0
73713,0
73714,0
73715,0
73716,0
73717,0
73718,0
73719,0
73720,0
73721,0
73722,0
73723,0
73724,0
73725,0
73726,0
73727,0
73728,0
73729,0
73730,0
73731,0
73732,0
73733,0
73734,0
73735,0
73736,0
73737,0
73738,0
73739,0
73740,0
73741,0
73742,0
73743,0
73744,0
73745,1
73746,0
73747,0
73748,0
73749,1
73750,0
73751,0
73752,0
73753,0
73754,0
73755,0
73756,0
73757,0
73758,0
73759,1
73760,0
73761,0
73762,0
73763,0
73764,0
73765,0
73766,0
73767,0
73768,0
73769,0
73770,0
73771,0
73772,0
73773,0
73774,0
73775,0
73776,0
73777,0
73778,0
73779,1
73780,0
73781,0
73782,0
73783,0
73784,0
73785,0
73786,0
73787,0
73788,0
73789,1
73790,0
73791,1
73792,0
73793,0
73794,0
73795,0
73796,0
73797,0
73798,0
73799,0
73800,0
73801,0
73802,0
73803,0
73804,0
73805,0
73806,0
73807,0
73808,0
73809,0
73810,0
73811,0
73812,0
73813,0
73814,0
73815,0
73816,0
73817,0
73818,0
73819,0
73820,1
73821,0
73822,0
73823,1
73824,0
73825,0
73826,0
73827,0
73828,0
73829,1
73830,0
73831,0
73832,0
73833,0
73834,1
73835,0
73836,0
73837,0
73838,0
73839,0
73840,0
73841,0
73842,0
73843,0
73844,0
73845,0
73846,0
73847,0
73848,1
73849,0
73850,0
73851,0
73852,0
73853,0
73854,0
73855,1
73856,1
73857,0
73858,0
73859,0
73860,0
73861,0
73862,0
73863,0
73864,0
73865,0
73866,0
73867,0
73868,0
73869,0
73870,0
73871,0
73872,0
73873,0
73874,1
73875,0
73876,1
73877,0
73878,0
73879,0
73880,0
73881,0
73882,0
73883,1
73884,0
73885,0
73886,0
73887,0
73888,0
73889,1
73890,0
73891,0
73892,0
73893,0
73894,0
73895,0
73896,0
73897,0
73898,1
73899,0
73900,0
73901,0
73902,0
73903,0
73904,0
73905,1
73906,0
73907,0
73908,1
73909,0
73910,0
73911,0
73912,1
73913,0
73914,0
73915,0
73916,0
73917,0
73918,0
73919,0
73920,0
73921,0
73922,0
73923,0
73924,0
73925,0
73926,0
73927,1
73928,0
73929,0
73930,0
73931,0
73932,0
73933,0
73934,0
73935,0
73936,1
73937,0
73938,0
73939,0
73940,0
73941,0
73942,0
73943,0
73944,0
73945,0
73946,0
73947,0
73948,0
73949,1
73950,0
73951,0
73952,0
73953,0
73954,0
73955,0
73956,0
73957,0
73958,0
73959,0
73960,0
73961,0
73962,0
73963,0
73964,0
73965,0
73966,0
73967,1
73968,0
73969,1
73970,0
73971,1
73972,0
73973,0
73974,0
73975,0
73976,0
73977,0
73978,0
73979,1
73980,0
73981,0
73982,0
73983,0
73984,0
73985,0
73986,0
73987,0
73988,0
73989,1
73990,0
73991,0
73992,0
73993,0
73994,0
73995,0
73996,0
73997,0
73998,0
73999,0
74000,0
74001,1
74002,1
74003,0
74004,1
74005,0
74006,0
74007,0
74008,0
74009,0
74010,1
74011,0
74012,0
74013,0
74014,0
74015,0
74016,0
74017,0
74018,0
74019,0
74020,0
74021,0
74022,0
74023,0
74024,0
74025,0
74026,0
74027,0
74028,0
74029,0
74030,1
74031,0
74032,1
74033,0
74034,0
74035,0
74036,0
74037,0
74038,0
74039,0
74040,0
74041,1
74042,0
74043,0
74044,0
74045,0
74046,0
74047,0
74048,0
74049,0
74050,0
74051,0
74052,0
74053,0
74054,1
74055,0
74056,0
74057,0
74058,0
74059,0
74060,0
74061,0
74062,0
74063,0
74064,0
74065,0
74066,0
74067,0
74068,0
74069,0
74070,0
74071,0
74072,0
74073,0
74074,0
74075,0
74076,0
74077,0
74078,1
74079,0
74080,0
74081,0
74082,0
74083,0
74084,0
74085,0
74086,0
74087,1
74088,0
74089,0
74090,1
74091,0
74092,0
74093,0
74094,0
74095,0
74096,1
74097,0
74098,0
74099,0
74100,0
74101,0
74102,0
74103,0
74104,0
74105,0
74106,0
74107,0
74108,0
74109,0
74110,0
74111,0
74112,0
74113,1
74114,0
74115,0
74116,0
74117,0
74118,0
74119,0
74120,1
74121,0
74122,0
74123,0
74124,0
74125,1
74126,1
74127,0
74128,1
74129,0
74130,0
74131,0
74132,0
74133,1
74134,0
74135,0
74136,0
74137,0
74138,0
74139,0
74140,0
74141,0
74142,0
74143,0
74144,0
74145,0
74146,0
74147,0
74148,0
74149,0
74150,0
74151,0
74152,0
74153,0
74154,0
74155,0
74156,1
74157,0
74158,0
74159,0
74160,0
74161,0
74162,0
74163,0
74164,0
74165,0
74166,0
74167,0
74168,0
74169,0
74170,0
74171,1
74172,0
74173,0
74174,0
74175,0
74176,0
74177,1
74178,1
74179,0
74180,0
74181,0
74182,0
74183,0
74184,0
74185,0
74186,0
74187,0
74188,0
74189,1
74190,0
74191,0
74192,0
74193,1
74194,1
74195,0
74196,0
74197,0
74198,0
74199,0
74200,0
74201,0
74202,1
74203,0
74204,0
74205,0
74206,0
74207,0
74208,0
74209,0
74210,0
74211,0
74212,0
74213,0
74214,0
74215,0
74216,0
74217,0
74218,0
74219,0
74220,0
74221,0
74222,0
74223,0
74224,0
74225,0
74226,1
74227,0
74228,0
74229,0
74230,0
74231,0
74232,0
74233,0
74234,0
74235,0
74236,1
74237,0
74238,0
74239,0
74240,0
74241,0
74242,0
74243,0
74244,1
74245,0
74246,0
74247,1
74248,0
74249,0
74250,0
74251,0
74252,0
74253,0
74254,0
74255,1
74256,0
74257,0
74258,0
74259,0
74260,0
74261,0
74262,0
74263,0
74264,0
74265,0
74266,1
74267,0
74268,0
74269,0
74270,0
74271,0
74272,0
74273,0
74274,0
74275,0
74276,0
74277,0
74278,0
74279,0
74280,0
74281,0
74282,0
74283,0
74284,0
74285,0
74286,0
74287,0
74288,0
74289,0
74290,0
74291,1
74292,0
74293,0
74294,0
74295,0
74296,0
74297,0
74298,0
74299,0
74300,0
74301,1
74302,0
74303,0
74304,0
74305,0
74306,0
74307,1
74308,0
74309,0
74310,0
74311,0
74312,0
74313,0
74314,0
74315,0
74316,0
74317,0
74318,0
74319,0
74320,0
74321,0
74322,0
74323,0
74324,1
74325,0
74326,0
74327,0
74328,0
74329,0
74330,0
74331,1
74332,0
74333,0
74334,0
74335,0
74336,0
74337,0
74338,1
74339,0
74340,0
74341,0
74342,0
74343,0
74344,0
74345,0
74346,0
74347,0
74348,0
74349,0
74350,0
74351,0
74352,0
74353,0
74354,1
74355,0
74356,0
74357,0
74358,0
74359,0
74360,0
74361,0
74362,0
74363,1
74364,0
74365,1
74366,0
74367,0
74368,0
74369,0
74370,0
74371,0
74372,0
74373,0
74374,0
74375,0
74376,0
74377,0
74378,0
74379,0
74380,1
74381,0
74382,0
74383,1
74384,0
74385,0
74386,0
74387,0
74388,0
74389,0
74390,0
74391,0
74392,0
74393,0
74394,0
74395,0
74396,0
74397,0
74398,0
74399,0
74400,0
74401,0
74402,0
74403,0
74404,0
74405,0
74406,0
74407,0
74408,0
74409,0
74410,0
74411,0
74412,0
74413,0
74414,0
74415,0
74416,0
74417,1
74418,0
74419,0
74420,0
74421,0
74422,0
74423,0
74424,0
74425,0
74426,0
74427,0
74428,0
74429,0
74430,1
74431,0
74432,0
74433,0
74434,0
74435,0
74436,0
74437,0
74438,0
74439,0
74440,0
74441,0
74442,0
74443,0
74444,1
74445,0
74446,0
74447,0
74448,1
74449,0
74450,0
74451,0
74452,1
74453,0
74454,0
74455,1
74456,0
74457,0
74458,1
74459,0
74460,0
74461,0
74462,0
74463,1
74464,0
74465,0
74466,0
74467,0
74468,0
74469,0
74470,0
74471,0
74472,0
74473,1
74474,0
74475,0
74476,0
74477,0
74478,0
74479,0
74480,0
74481,0
74482,0
74483,1
74484,0
74485,0
74486,0
74487,0
74488,0
74489,0
74490,0
74491,0
74492,0
74493,0
74494,0
74495,0
74496,0
74497,0
74498,0
74499,0
74500,1
74501,0
74502,0
74503,0
74504,0
74505,0
74506,0
74507,0
74508,0
74509,0
74510,0
74511,0
74512,0
74513,0
74514,1
74515,0
74516,0
74517,1
74518,0
74519,0
74520,0
74521,1
74522,0
74523,0
74524,0
74525,0
74526,0
74527,0
74528,0
74529,0
74530,0
74531,0
74532,0
74533,0
74534,0
74535,0
74536,0
74537,0
74538,0
74539,0
74540,1
74541,0
74542,0
74543,0
74544,0
74545,0
74546,0
74547,0
74548,0
74549,0
74550,0
74551,0
74552,0
74553,1
74554,0
74555,0
74556,0
74557,0
74558,0
74559,0
74560,0
74561,0
74562,0
74563,0
74564,0
74565,1
74566,0
74567,0
74568,0
74569,0
74570,0
74571,0
74572,0
74573,0
74574,0
74575,0
74576,0
74577,0
74578,0
74579,0
74580,0
74581,0
74582,0
74583,0
74584,0
74585,0
74586,0
74587,0
74588,0
74589,0
74590,1
74591,0
74592,0
74593,0
74594,0
74595,1
74596,0
74597,0
74598,0
74599,0
74600,1
74601,0
74602,0
74603,0
74604,0
74605,0
74606,0
74607,0
74608,1
74609,0
74610,0
74611,0
74612,0
74613,0
74614,0
74615,0
74616,1
74617,0
74618,0
74619,0
74620,0
74621,0
74622,0
74623,0
74624,0
74625,0
74626,0
74627,1
74628,0
74629,0
74630,0
74631,0
74632,0
74633,0
74634,0
74635,0
74636,0
74637,0
74638,0
74639,0
74640,0
74641,0
74642,0
74643,0
74644,0
74645,0
74646,0
74647,0
74648,0
74649,1
74650,1
74651,1
74652,1
74653,0
74654,0
74655,0
74656,0
74657,0
74658,0
74659,0
74660,0
74661,0
74662,0
74663,0
74664,0
74665,0
74666,0
74667,0
74668,0
74669,0
74670,0
74671,0
74672,0
74673,0
74674,0
74675,0
74676,0
74677,1
74678,0
74679,0
74680,0
74681,0
74682,0
74683,0
74684,0
74685,0
74686,1
74687,0
74688,0
74689,0
74690,1
74691,0
74692,1
74693,0
74694,0
74695,0
74696,0
74697,0
74698,0
74699,0
74700,0
74701,0
74702,0
74703,0
74704,0
74705,0
74706,0
74707,0
74708,0
74709,1
74710,0
74711,0
74712,0
74713,0
74714,0
74715,0
74716,0
74717,0
74718,0
74719,0
74720,1
74721,0
74722,0
74723,0
74724,0
74725,0
74726,0
74727,0
74728,0
74729,1
74730,0
74731,0
74732,0
74733,1
74734,0
74735,1
74736,1
74737,0
74738,0
74739,1
74740,0
74741,0
74742,0
74743,0
74744,0
74745,0
74746,0
74747,1
74748,0
74749,0
74750,1
74751,0
74752,0
74753,0
74754,0
74755,1
74756,0
74757,0
74758,0
74759,0
74760,0
74761,0
74762,1
74763,0
74764,0
74765,0
74766,0
74767,0
74768,0
74769,0
74770,0
74771,1
74772,0
74773,0
74774,0
74775,0
74776,0
74777,1
74778,0
74779,0
74780,0
74781,0
74782,0
74783,0
74784,0
74785,0
74786,1
74787,0
74788,0
74789,1
74790,0
74791,0
74792,0
74793,0
74794,0
74795,1
74796,0
74797,0
74798,0
74799,1
74800,0
74801,0
74802,0
74803,0
74804,0
74805,0
74806,0
74807,0
74808,0
74809,0
74810,0
74811,1
74812,0
74813,0
74814,1
74815,0
74816,0
74817,0
74818,0
74819,1
74820,0
74821,0
74822,0
74823,0
74824,1
74825,0
74826,0
74827,1
74828,0
74829,0
74830,0
74831,0
74832,0
74833,0
74834,0
74835,0
74836,0
74837,0
74838,0
74839,0
74840,1
74841,0
74842,0
74843,0
74844,0
74845,0
74846,0
74847,0
74848,0
74849,1
74850,0
74851,0
74852,0
74853,0
74854,0
74855,0
74856,0
74857,0
74858,0
74859,0
74860,0
74861,0
74862,0
74863,1
74864,0
74865,0
74866,0
74867,0
74868,0
74869,0
74870,0
74871,0
74872,0
74873,0
74874,0
74875,0
74876,0
74877,0
74878,0
74879,0
74880,0
74881,0
74882,0
74883,0
74884,0
74885,0
74886,0
74887,0
74888,0
74889,0
74890,1
74891,0
74892,0
74893,0
74894,0
74895,0
74896,0
74897,0
74898,0
74899,0
74900,0
74901,0
74902,0
74903,0
74904,0
74905,0
74906,0
74907,0
74908,0
74909,1
74910,0
74911,0
74912,0
74913,0
74914,0
74915,0
74916,0
74917,0
74918,0
74919,1
74920,1
74921,0
74922,0
74923,0
74924,0
74925,0
74926,0
74927,0
74928,0
74929,0
74930,0
74931,0
74932,0
74933,0
74934,0
74935,0
74936,0
74937,0
74938,1
74939,0
74940,0
74941,0
74942,0
74943,0
74944,0
74945,0
74946,1
74947,0
74948,1
74949,0
74950,0
74951,0
74952,0
74953,0
74954,0
74955,0
74956,0
74957,0
74958,0
74959,0
74960,0
74961,0
74962,0
74963,1
74964,0
74965,0
74966,0
74967,0
74968,1
74969,0
74970,0
74971,0
74972,0
74973,0
74974,0
74975,0
74976,0
74977,1
74978,0
74979,0
74980,0
74981,0
74982,0
74983,0
74984,0
74985,0
74986,0
74987,0
74988,0
74989,0
74990,0
74991,0
74992,1
74993,0
74994,0
74995,0
74996,0
74997,0
74998,0
74999,0
75000,0
75001,0
75002,0
75003,0
75004,0
75005,0
75006,0
75007,0
75008,0
75009,0
75010,0
75011,0
75012,0
75013,0
75014,1
75015,0
75016,0
75017,0
75018,0
75019,0
75020,0
75021,0
75022,0
75023,0
75024,0
75025,0
75026,0
75027,0
75028,0
75029,0
75030,0
75031,0
75032,0
75033,0
75034,0
75035,0
75036,0
75037,0
75038,0
75039,1
75040,0
75041,0
75042,1
75043,0
75044,0
75045,0
75046,0
75047,0
75048,0
75049,0
75050,0
75051,0
75052,0
75053,1
75054,0
75055,0
75056,0
75057,0
75058,0
75059,0
75060,1
75061,0
75062,0
75063,0
75064,0
75065,0
75066,0
75067,0
75068,0
75069,0
75070,0
75071,0
75072,0
75073,0
75074,0
75075,0
75076,0
75077,0
75078,0
75079,0
75080,0
75081,0
75082,1
75083,0
75084,1
75085,0
75086,0
75087,0
75088,0
75089,0
75090,0
75091,0
75092,0
75093,0
75094,0
75095,0
75096,0
75097,0
75098,0
75099,0
75100,0
75101,0
75102,0
75103,1
75104,0
75105,0
75106,1
75107,0
75108,0
75109,1
75110,0
75111,0
75112,0
75113,1
75114,0
75115,1
75116,0
75117,0
75118,0
75119,0
75120,0
75121,0
75122,0
75123,0
75124,0
75125,0
75126,0
75127,0
75128,0
75129,0
75130,0
75131,0
75132,0
75133,0
75134,0
75135,0
75136,0
75137,0
75138,0
75139,0
75140,0
75141,0
75142,0
75143,0
75144,0
75145,0
75146,0
75147,0
75148,1
75149,0
75150,0
75151,0
75152,0
75153,0
75154,0
75155,0
75156,0
75157,0
75158,0
75159,0
75160,0
75161,0
75162,0
75163,0
75164,0
75165,0
75166,0
75167,0
75168,0
75169,0
75170,0
75171,1
75172,0
75173,0
75174,0
75175,0
75176,0
75177,0
75178,0
75179,0
75180,0
75181,0
75182,1
75183,0
75184,0
75185,0
75186,0
75187,0
75188,0
75189,0
75190,0
75191,0
75192,0
75193,0
75194,0
75195,1
75196,0
75197,1
75198,0
75199,0
75200,0
75201,0
75202,0
75203,0
75204,0
75205,0
75206,0
75207,0
75208,0
75209,0
75210,0
75211,0
75212,0
75213,0
75214,0
75215,0
75216,1
75217,0
75218,0
75219,0
75220,0
75221,0
75222,0
75223,0
75224,0
75225,0
75226,0
75227,0
75228,0
75229,0
75230,0
75231,0
75232,0
75233,0
75234,0
75235,0
75236,0
75237,0
75238,0
75239,0
75240,0
75241,0
75242,1
75243,0
75244,0
75245,0
75246,0
75247,0
75248,0
75249,0
75250,0
75251,0
75252,0
75253,0
75254,0
75255,1
75256,0
75257,0
75258,0
75259,0
75260,1
75261,0
75262,0
75263,0
75264,1
75265,0
75266,1
75267,0
75268,0
75269,0
75270,0
75271,0
75272,0
75273,1
75274,1
75275,1
75276,0
75277,0
75278,0
75279,0
75280,0
75281,0
75282,0
75283,1
75284,0
75285,0
75286,0
75287,0
75288,0
75289,0
75290,0
75291,0
75292,0
75293,0
75294,0
75295,0
75296,0
75297,0
75298,0
75299,0
75300,0
75301,0
75302,0
75303,0
75304,1
75305,0
75306,0
75307,0
75308,0
75309,0
75310,1
75311,0
75312,0
75313,0
75314,0
75315,0
75316,0
75317,0
75318,0
75319,0
75320,1
75321,0
75322,0
75323,0
75324,0
75325,0
75326,1
75327,0
75328,1
75329,0
75330,0
75331,0
75332,0
75333,0
75334,1
75335,0
75336,0
75337,0
75338,0
75339,0
75340,0
75341,0
75342,1
75343,0
75344,1
75345,1
75346,0
75347,0
75348,0
75349,0
75350,0
75351,0
75352,0
75353,0
75354,0
75355,0
75356,0
75357,0
75358,0
75359,1
75360,0
75361,0
75362,0
75363,0
75364,0
75365,0
75366,0
75367,0
75368,0
75369,1
75370,0
75371,0
75372,0
75373,0
75374,0
75375,1
75376,0
75377,0
75378,0
75379,0
75380,0
75381,0
75382,0
75383,0
75384,1
75385,0
75386,0
75387,1
75388,0
75389,0
75390,0
75391,0
75392,0
75393,0
75394,0
75395,0
75396,0
75397,0
75398,0
75399,0
75400,0
75401,0
75402,0
75403,0
75404,0
75405,0
75406,1
75407,0
75408,0
75409,0
75410,0
75411,0
75412,0
75413,0
75414,0
75415,0
75416,0
75417,0
75418,0
75419,0
75420,0
75421,1
75422,0
75423,0
75424,0
75425,0
75426,1
75427,0
75428,0
75429,1
75430,0
75431,0
75432,1
75433,1
75434,0
75435,1
75436,0
75437,0
75438,0
75439,0
75440,0
75441,0
75442,0
75443,0
75444,0
75445,0
75446,0
75447,1
75448,0
75449,1
75450,0
75451,0
75452,0
75453,0
75454,0
75455,0
75456,0
75457,0
75458,0
75459,0
75460,0
75461,0
75462,0
75463,0
75464,1
75465,0
75466,0
75467,0
75468,1
75469,0
75470,0
75471,0
75472,1
75473,0
75474,0
75475,0
75476,1
75477,0
75478,0
75479,0
75480,0
75481,0
75482,0
75483,0
75484,0
75485,0
75486,0
75487,0
75488,0
75489,0
75490,0
75491,0
75492,0
75493,0
75494,0
75495,0
75496,0
75497,0
75498,0
75499,0
75500,0
75501,0
75502,0
75503,0
75504,0
75505,0
75506,0
75507,1
75508,0
75509,0
75510,0
75511,1
75512,0
75513,0
75514,0
75515,0
75516,1
75517,0
75518,0
75519,0
75520,1
75521,0
75522,1
75523,0
75524,0
75525,0
75526,0
75527,0
75528,0
75529,0
75530,0
75531,0
75532,0
75533,0
75534,0
75535,0
75536,0
75537,1
75538,0
75539,0
75540,0
75541,0
75542,0
75543,0
75544,0
75545,0
75546,0
75547,0
75548,0
75549,0
75550,0
75551,0
75552,0
75553,0
75554,0
75555,0
75556,0
75557,0
75558,0
75559,0
75560,0
75561,0
75562,0
75563,0
75564,1
75565,0
75566,0
75567,0
75568,0
75569,0
75570,0
75571,0
75572,1
75573,0
75574,0
75575,0
75576,0
75577,0
75578,0
75579,1
75580,0
75581,0
75582,0
75583,0
75584,0
75585,0
75586,0
75587,0
75588,0
75589,1
75590,0
75591,0
75592,0
75593,0
75594,0
75595,0
75596,1
75597,1
75598,1
75599,0
75600,0
75601,0
75602,0
75603,1
75604,0
75605,0
75606,0
75607,0
75608,1
75609,0
75610,0
75611,0
75612,0
75613,0
75614,0
75615,0
75616,0
75617,0
75618,0
75619,0
75620,0
75621,0
75622,0
75623,0
75624,0
75625,0
75626,0
75627,0
75628,0
75629,0
75630,0
75631,0
75632,0
75633,0
75634,0
75635,0
75636,0
75637,0
75638,0
75639,0
75640,0
75641,1
75642,0
75643,0
75644,0
75645,0
75646,0
75647,0
75648,0
75649,0
75650,0
75651,0
75652,0
75653,1
75654,0
75655,1
75656,0
75657,0
75658,0
75659,0
75660,0
75661,0
75662,0
75663,0
75664,0
75665,0
75666,1
75667,0
75668,0
75669,0
75670,0
75671,0
75672,0
75673,0
75674,0
75675,0
75676,0
75677,0
75678,0
75679,0
75680,0
75681,0
75682,0
75683,0
75684,0
75685,0
75686,1
75687,0
75688,0
75689,0
75690,1
75691,1
75692,0
75693,0
75694,0
75695,0
75696,0
75697,0
75698,0
75699,0
75700,0
75701,0
75702,0
75703,0
75704,0
75705,0
75706,0
75707,0
75708,0
75709,0
75710,1
75711,0
75712,0
75713,0
75714,0
75715,0
75716,0
75717,1
75718,0
75719,0
75720,0
75721,0
75722,0
75723,0
75724,0
75725,1
75726,0
75727,0
75728,0
75729,0
75730,0
75731,0
75732,0
75733,0
75734,0
75735,0
75736,0
75737,0
75738,0
75739,0
75740,0
75741,1
75742,0
75743,0
75744,0
75745,0
75746,0
75747,1
75748,0
75749,0
75750,1
75751,0
75752,0
75753,0
75754,0
75755,0
75756,0
75757,0
75758,0
75759,0
75760,1
75761,0
75762,0
75763,0
75764,0
75765,0
75766,0
75767,0
75768,0
75769,0
75770,0
75771,0
75772,0
75773,0
75774,0
75775,0
75776,0
75777,1
75778,0
75779,0
75780,0
75781,0
75782,0
75783,0
75784,0
75785,0
75786,0
75787,0
75788,0
75789,0
75790,0
75791,0
75792,0
75793,0
75794,0
75795,0
75796,0
75797,0
75798,0
75799,0
75800,1
75801,0
75802,0
75803,0
75804,0
75805,0
75806,1
75807,1
75808,0
75809,0
75810,0
75811,0
75812,0
75813,0
75814,0
75815,0
75816,0
75817,0
75818,0
75819,0
75820,1
75821,0
75822,0
75823,0
75824,0
75825,0
75826,0
75827,1
75828,0
75829,0
75830,0
75831,0
75832,0
75833,0
75834,0
75835,0
75836,0
75837,0
75838,0
75839,0
75840,0
75841,0
75842,0
75843,0
75844,0
75845,0
75846,0
75847,1
75848,0
75849,0
75850,0
75851,0
75852,0
75853,0
75854,1
75855,0
75856,0
75857,0
75858,0
75859,0
75860,0
75861,0
75862,0
75863,0
75864,0
75865,0
75866,0
75867,0
75868,0
75869,0
75870,0
75871,0
75872,0
75873,0
75874,1
75875,1
75876,0
75877,0
75878,0
75879,0
75880,1
75881,0
75882,0
75883,0
75884,0
75885,0
75886,1
75887,0
75888,0
75889,1
75890,0
75891,0
75892,0
75893,0
75894,0
75895,1
75896,0
75897,0
75898,0
75899,1
75900,0
75901,1
75902,0
75903,0
75904,0
75905,0
75906,0
75907,0
75908,0
75909,0
75910,0
75911,0
75912,0
75913,0
75914,0
75915,0
75916,0
75917,0
75918,0
75919,0
75920,0
75921,0
75922,0
75923,0
75924,0
75925,0
75926,0
75927,0
75928,0
75929,0
75930,0
75931,0
75932,0
75933,0
75934,1
75935,1
75936,0
75937,0
75938,1
75939,0
75940,0
75941,0
75942,0
75943,0
75944,0
75945,0
75946,1
75947,0
75948,0
75949,0
75950,0
75951,0
75952,0
75953,0
75954,0
75955,0
75956,0
75957,0
75958,0
75959,0
75960,0
75961,1
75962,0
75963,0
75964,0
75965,0
75966,0
75967,0
75968,0
75969,0
75970,0
75971,0
75972,0
75973,1
75974,0
75975,0
75976,0
75977,1
75978,0
75979,0
75980,0
75981,0
75982,1
75983,0
75984,1
75985,0
75986,0
75987,1
75988,0
75989,0
75990,0
75991,0
75992,0
75993,0
75994,0
75995,0
75996,0
75997,0
75998,0
75999,0
76000,0
76001,0
76002,1
76003,0
76004,1
76005,0
76006,0
76007,0
76008,0
76009,0
76010,0
76011,0
76012,0
76013,0
76014,0
76015,1
76016,0
76017,1
76018,0
76019,0
76020,1
76021,0
76022,0
76023,0
76024,0
76025,0
76026,0
76027,0
76028,0
76029,1
76030,0
76031,0
76032,0
76033,0
76034,0
76035,0
76036,1
76037,1
76038,0
76039,0
76040,0
76041,0
76042,0
76043,0
76044,0
76045,1
76046,0
76047,0
76048,0
76049,1
76050,0
76051,0
76052,0
76053,0
76054,0
76055,0
76056,0
76057,0
76058,0
76059,0
76060,0
76061,0
76062,0
76063,0
76064,0
76065,1
76066,0
76067,0
76068,0
76069,0
76070,0
76071,0
76072,0
76073,0
76074,1
76075,0
76076,0
76077,0
76078,0
76079,0
76080,0
76081,0
76082,0
76083,1
76084,0
76085,0
76086,0
76087,1
76088,0
76089,0
76090,0
76091,0
76092,1
76093,0
76094,0
76095,0
76096,0
76097,0
76098,0
76099,0
76100,1
76101,0
76102,1
76103,0
76104,1
76105,0
76106,0
76107,0
76108,0
76109,1
76110,0
76111,0
76112,0
76113,0
76114,0
76115,0
76116,0
76117,0
76118,0
76119,0
76120,0
76121,0
76122,0
76123,0
76124,0
76125,0
76126,1
76127,0
76128,0
76129,1
76130,0
76131,0
76132,0
76133,0
76134,0
76135,0
76136,0
76137,0
76138,0
76139,0
76140,0
76141,0
76142,0
76143,0
76144,0
76145,0
76146,0
76147,0
76148,0
76149,0
76150,1
76151,0
76152,0
76153,0
76154,0
76155,0
76156,0
76157,0
76158,0
76159,0
76160,0
76161,1
76162,0
76163,0
76164,0
76165,0
76166,0
76167,0
76168,0
76169,0
76170,0
76171,0
76172,0
76173,0
76174,0
76175,0
76176,0
76177,0
76178,0
76179,0
76180,0
76181,0
76182,0
76183,1
76184,0
76185,0
76186,0
76187,0
76188,0
76189,0
76190,0
76191,0
76192,0
76193,0
76194,0
76195,0
76196,1
76197,0
76198,1
76199,0
76200,0
76201,0
76202,1
76203,0
76204,1
76205,0
76206,0
76207,0
76208,0
76209,0
76210,1
76211,1
76212,0
76213,0
76214,0
76215,0
76216,0
76217,1
76218,0
76219,0
76220,0
76221,0
76222,0
76223,0
76224,0
76225,0
76226,0
76227,0
76228,0
76229,0
76230,0
76231,0
76232,0
76233,0
76234,1
76235,0
76236,0
76237,0
76238,0
76239,0
76240,0
76241,0
76242,0
76243,0
76244,0
76245,0
76246,0
76247,0
76248,0
76249,1
76250,0
76251,0
76252,1
76253,0
76254,0
76255,0
76256,1
76257,0
76258,0
76259,0
76260,0
76261,0
76262,0
76263,0
76264,1
76265,0
76266,0
76267,0
76268,0
76269,0
76270,0
76271,0
76272,0
76273,0
76274,0
76275,0
76276,0
76277,0
76278,0
76279,0
76280,0
76281,0
76282,0
76283,0
76284,0
76285,1
76286,0
76287,0
76288,0
76289,0
76290,0
76291,0
76292,0
76293,0
76294,0
76295,0
76296,0
76297,0
76298,0
76299,0
76300,0
76301,0
76302,0
76303,1
76304,0
76305,0
76306,0
76307,0
76308,0
76309,0
76310,0
76311,0
76312,1
76313,0
76314,0
76315,0
76316,0
76317,0
76318,0
76319,0
76320,0
76321,0
76322,1
76323,0
76324,0
76325,0
76326,0
76327,0
76328,0
76329,0
76330,0
76331,0
76332,0
76333,0
76334,0
76335,0
76336,0
76337,0
76338,0
76339,0
76340,0
76341,0
76342,0
76343,0
76344,0
76345,0
76346,0
76347,0
76348,0
76349,0
76350,0
76351,1
76352,0
76353,0
76354,0
76355,0
76356,1
76357,0
76358,0
76359,0
76360,0
76361,0
76362,0
76363,0
76364,0
76365,1
76366,0
76367,0
76368,1
76369,0
76370,0
76371,0
76372,0
76373,0
76374,0
76375,0
76376,0
76377,0
76378,0
76379,1
76380,0
76381,0
76382,0
76383,0
76384,1
76385,0
76386,0
76387,0
76388,0
76389,1
76390,0
76391,0
76392,0
76393,0
76394,0
76395,0
76396,1
76397,0
76398,1
76399,0
76400,0
76401,0
76402,0
76403,0
76404,0
76405,0
76406,0
76407,0
76408,0
76409,0
76410,0
76411,0
76412,0
76413,0
76414,0
76415,0
76416,0
76417,0
76418,0
76419,0
76420,0
76421,0
76422,0
76423,0
76424,0
76425,0
76426,0
76427,0
76428,0
76429,0
76430,0
76431,0
76432,0
76433,0
76434,0
76435,0
76436,0
76437,0
76438,0
76439,0
76440,0
76441,0
76442,0
76443,0
76444,0
76445,1
76446,0
76447,0
76448,0
76449,1
76450,0
76451,0
76452,0
76453,0
76454,0
76455,0
76456,0
76457,0
76458,0
76459,1
76460,0
76461,0
76462,0
76463,0
76464,0
76465,0
76466,0
76467,0
76468,0
76469,0
76470,0
76471,0
76472,0
76473,1
76474,0
76475,0
76476,0
76477,0
76478,1
76479,0
76480,1
76481,0
76482,0
76483,0
76484,0
76485,0
76486,0
76487,0
76488,0
76489,0
76490,0
76491,0
76492,0
76493,0
76494,0
76495,0
76496,0
76497,1
76498,0
76499,0
76500,0
76501,0
76502,0
76503,0
76504,0
76505,0
76506,0
76507,0
76508,0
76509,0
76510,0
76511,0
76512,1
76513,0
76514,0
76515,1
76516,1
76517,0
76518,0
76519,0
76520,0
76521,0
76522,0
76523,0
76524,1
76525,0
76526,0
76527,0
76528,0
76529,0
76530,0
76531,0
76532,1
76533,0
76534,0
76535,0
76536,0
76537,0
76538,0
76539,1
76540,0
76541,0
76542,0
76543,0
76544,0
76545,0
76546,1
76547,0
76548,1
76549,0
76550,0
76551,0
76552,0
76553,0
76554,1
76555,0
76556,0
76557,1
76558,0
76559,1
76560,0
76561,0
76562,0
76563,0
76564,0
76565,0
76566,0
76567,0
76568,1
76569,0
76570,0
76571,0
76572,0
76573,1
76574,0
76575,0
76576,0
76577,0
76578,0
76579,0
76580,0
76581,0
76582,0
76583,0
76584,0
76585,0
76586,0
76587,0
76588,0
76589,0
76590,0
76591,0
76592,0
76593,0
76594,0
76595,0
76596,0
76597,0
76598,0
76599,0
76600,1
76601,0
76602,0
76603,0
76604,0
76605,0
76606,0
76607,1
76608,0
76609,0
76610,0
76611,0
76612,0
76613,0
76614,0
76615,0
76616,1
76617,0
76618,0
76619,0
76620,0
76621,1
76622,0
76623,0
76624,0
76625,0
76626,0
76627,0
76628,1
76629,0
76630,0
76631,0
76632,0
76633,0
76634,0
76635,0
76636,0
76637,0
76638,0
76639,0
76640,0
76641,0
76642,0
76643,0
76644,0
76645,0
76646,0
76647,0
76648,0
76649,0
76650,0
76651,0
76652,0
76653,0
76654,0
76655,0
76656,0
76657,0
76658,0
76659,0
76660,0
76661,0
76662,0
76663,0
76664,1
76665,0
76666,0
76667,0
76668,0
76669,0
76670,0
76671,0
76672,0
76673,0
76674,0
76675,0
76676,0
76677,0
76678,1
76679,0
76680,0
76681,0
76682,0
76683,0
76684,0
76685,0
76686,0
76687,0
76688,0
76689,1
76690,0
76691,0
76692,0
76693,0
76694,0
76695,0
76696,0
76697,0
76698,0
76699,0
76700,0
76701,0
76702,0
76703,0
76704,0
76705,0
76706,0
76707,0
76708,0
76709,0
76710,0
76711,0
76712,0
76713,0
76714,1
76715,0
76716,1
76717,0
76718,0
76719,0
76720,0
76721,0
76722,0
76723,0
76724,0
76725,0
76726,1
76727,1
76728,0
76729,0
76730,0
76731,0
76732,0
76733,0
76734,0
76735,0
76736,1
76737,0
76738,1
76739,0
76740,0
76741,0
76742,0
76743,0
76744,0
76745,0
76746,0
76747,0
76748,0
76749,0
76750,0
76751,0
76752,0
76753,0
76754,0
76755,0
76756,1
76757,0
76758,0
76759,1
76760,0
76761,0
76762,0
76763,0
76764,0
76765,1
76766,0
76767,0
76768,0
76769,0
76770,0
76771,1
76772,0
76773,0
76774,0
76775,0
76776,0
76777,0
76778,1
76779,0
76780,0
76781,0
76782,0
76783,1
76784,1
76785,0
76786,0
76787,0
76788,0
76789,1
76790,0
76791,0
76792,0
76793,0
76794,0
76795,0
76796,0
76797,1
76798,0
76799,0
76800,0
76801,0
76802,1
76803,0
76804,0
76805,0
76806,1
76807,0
76808,1
76809,0
76810,0
76811,0
76812,0
76813,1
76814,0
76815,0
76816,0
76817,1
76818,0
76819,0
76820,0
76821,0
76822,0
76823,0
76824,0
76825,0
76826,0
76827,0
76828,1
76829,0
76830,0
76831,0
76832,0
76833,1
76834,0
76835,0
76836,1
76837,0
76838,0
76839,0
76840,0
76841,0
76842,0
76843,0
76844,0
76845,0
76846,0
76847,0
76848,0
76849,0
76850,0
76851,0
76852,0
76853,0
76854,0
76855,0
76856,0
76857,0
76858,0
76859,0
76860,0
76861,0
76862,0
76863,0
76864,0
76865,0
76866,0
76867,0
76868,0
76869,0
76870,0
76871,0
76872,0
76873,0
76874,0
76875,0
76876,0
76877,0
76878,0
76879,0
76880,0
76881,0
76882,0
76883,0
76884,0
76885,0
76886,0
76887,0
76888,0
76889,0
76890,0
76891,0
76892,1
76893,0
76894,0
76895,0
76896,0
76897,0
76898,0
76899,0
76900,0
76901,0
76902,0
76903,1
76904,1
76905,0
76906,0
76907,1
76908,0
76909,0
76910,0
76911,0
76912,0
76913,0
76914,1
76915,0
76916,0
76917,0
76918,0
76919,1
76920,0
76921,0
76922,0
76923,0
76924,0
76925,0
76926,0
76927,0
76928,0
76929,0
76930,1
76931,1
76932,1
76933,0
76934,0
76935,0
76936,0
76937,0
76938,0
76939,0
76940,0
76941,1
76942,0
76943,0
76944,0
76945,0
76946,0
76947,0
76948,0
76949,0
76950,0
76951,0
76952,0
76953,0
76954,0
76955,1
76956,0
76957,0
76958,0
76959,0
76960,1
76961,0
76962,0
76963,1
76964,0
76965,0
76966,0
76967,0
76968,0
76969,0
76970,0
76971,0
76972,0
76973,0
76974,0
76975,0
76976,1
76977,0
76978,0
76979,0
76980,0
76981,1
76982,0
76983,0
76984,0
76985,0
76986,1
76987,0
76988,0
76989,0
76990,0
76991,1
76992,0
76993,0
76994,0
76995,0
76996,0
76997,0
76998,0
76999,0
77000,0
77001,0
77002,0
77003,0
77004,1
77005,0
77006,1
77007,1
77008,0
77009,0
77010,0
77011,0
77012,0
77013,1
77014,0
77015,0
77016,1
77017,0
77018,0
77019,0
77020,0
77021,0
77022,0
77023,0
77024,0
77025,0
77026,0
77027,0
77028,0
77029,0
77030,0
77031,0
77032,0
77033,0
77034,0
77035,0
77036,0
77037,0
77038,1
77039,0
77040,0
77041,1
77042,0
77043,0
77044,0
77045,0
77046,0
77047,0
77048,0
77049,0
77050,0
77051,0
77052,0
77053,0
77054,0
77055,0
77056,0
77057,0
77058,0
77059,0
77060,0
77061,0
77062,0
77063,0
77064,0
77065,1
77066,0
77067,0
77068,0
77069,0
77070,1
77071,0
77072,0
77073,0
77074,1
77075,1
77076,0
77077,1
77078,0
77079,0
77080,0
77081,0
77082,0
77083,0
77084,0
77085,0
77086,0
77087,0
77088,0
77089,0
77090,0
77091,0
77092,0
77093,1
77094,0
77095,1
77096,0
77097,0
77098,0
77099,0
77100,0
77101,0
77102,0
77103,0
77104,0
77105,0
77106,0
77107,1
77108,0
77109,0
77110,1
77111,0
77112,1
77113,1
77114,0
77115,0
77116,0
77117,0
77118,0
77119,0
77120,0
77121,0
77122,0
77123,0
77124,0
77125,0
77126,0
77127,0
77128,0
77129,0
77130,0
77131,0
77132,1
77133,0
77134,0
77135,0
77136,0
77137,0
77138,1
77139,1
77140,1
77141,0
77142,0
77143,0
77144,0
77145,0
77146,0
77147,0
77148,0
77149,0
77150,0
77151,0
77152,0
77153,0
77154,0
77155,0
77156,0
77157,0
77158,0
77159,0
77160,0
77161,1
77162,0
77163,1
77164,0
77165,0
77166,0
77167,0
77168,0
77169,0
77170,0
77171,0
77172,0
77173,0
77174,0
77175,0
77176,0
77177,0
77178,1
77179,0
77180,0
77181,0
77182,0
77183,0
77184,0
77185,1
77186,0
77187,0
77188,0
77189,0
77190,0
77191,0
77192,0
77193,0
77194,0
77195,0
77196,1
77197,0
77198,0
77199,1
77200,0
77201,0
77202,0
77203,0
77204,0
77205,0
77206,0
77207,0
77208,1
77209,0
77210,1
77211,0
77212,0
77213,0
77214,0
77215,0
77216,0
77217,0
77218,0
77219,0
77220,0
77221,1
77222,0
77223,0
77224,0
77225,0
77226,0
77227,0
77228,0
77229,0
77230,0
77231,0
77232,0
77233,0
77234,0
77235,0
77236,0
77237,0
77238,0
77239,0
77240,0
77241,0
77242,0
77243,1
77244,0
77245,0
77246,0
77247,0
77248,0
77249,0
77250,0
77251,0
77252,0
77253,0
77254,0
77255,0
77256,0
77257,0
77258,0
77259,0
77260,0
77261,1
77262,1
77263,0
77264,0
77265,0
77266,0
77267,0
77268,0
77269,0
77270,0
77271,0
77272,0
77273,0
77274,0
77275,0
77276,0
77277,0
77278,0
77279,0
77280,0
77281,0
77282,1
77283,0
77284,0
77285,0
77286,0
77287,0
77288,0
77289,0
77290,0
77291,0
77292,0
77293,1
77294,0
77295,0
77296,0
77297,0
77298,1
77299,0
77300,1
77301,0
77302,0
77303,0
77304,1
77305,0
77306,0
77307,0
77308,0
77309,0
77310,0
77311,0
77312,1
77313,0
77314,0
77315,0
77316,0
77317,0
77318,1
77319,0
77320,0
77321,0
77322,0
77323,0
77324,0
77325,0
77326,0
77327,0
77328,1
77329,0
77330,0
77331,0
77332,0
77333,0
77334,1
77335,0
77336,0
77337,0
77338,0
77339,0
77340,0
77341,0
77342,0
77343,0
77344,0
77345,0
77346,0
77347,0
77348,1
77349,0
77350,0
77351,1
77352,0
77353,0
77354,0
77355,0
77356,0
77357,0
77358,0
77359,0
77360,0
77361,0
77362,0
77363,0
77364,0
77365,0
77366,1
77367,0
77368,1
77369,1
77370,0
77371,0
77372,0
77373,0
77374,0
77375,0
77376,0
77377,0
77378,0
77379,0
77380,0
77381,0
77382,1
77383,0
77384,0
77385,0
77386,0
77387,0
77388,0
77389,0
77390,0
77391,1
77392,0
77393,0
77394,0
77395,0
77396,0
77397,0
77398,0
77399,0
77400,0
77401,0
77402,0
77403,1
77404,0
77405,0
77406,1
77407,0
77408,0
77409,0
77410,0
77411,0
77412,0
77413,0
77414,0
77415,0
77416,0
77417,0
77418,0
77419,1
77420,0
77421,0
77422,0
77423,0
77424,0
77425,1
77426,0
77427,1
77428,0
77429,0
77430,0
77431,0
77432,0
77433,0
77434,0
77435,0
77436,0
77437,0
77438,1
77439,0
77440,0
77441,0
77442,0
77443,0
77444,0
77445,0
77446,0
77447,0
77448,0
77449,0
77450,0
77451,1
77452,0
77453,0
77454,0
77455,0
77456,0
77457,0
77458,0
77459,0
77460,0
77461,0
77462,1
77463,0
77464,0
77465,0
77466,0
77467,0
77468,0
77469,1
77470,0
77471,0
77472,0
77473,0
77474,0
77475,0
77476,0
77477,0
77478,0
77479,0
77480,0
77481,0
77482,0
77483,0
77484,1
77485,0
77486,0
77487,0
77488,0
77489,0
77490,0
77491,0
77492,0
77493,1
77494,0
77495,0
77496,0
77497,1
77498,0
77499,0
77500,0
77501,0
77502,1
77503,0
77504,0
77505,0
77506,0
77507,0
77508,0
77509,0
77510,0
77511,1
77512,0
77513,0
77514,0
77515,0
77516,0
77517,1
77518,0
77519,0
77520,0
77521,1
77522,0
77523,0
77524,0
77525,0
77526,0
77527,0
77528,0
77529,0
77530,0
77531,0
77532,0
77533,0
77534,0
77535,0
77536,0
77537,0
77538,0
77539,0
77540,1
77541,0
77542,1
77543,0
77544,0
77545,0
77546,0
77547,0
77548,0
77549,0
77550,0
77551,0
77552,0
77553,0
77554,0
77555,0
77556,0
77557,0
77558,0
77559,0
77560,1
77561,0
77562,1
77563,0
77564,0
77565,0
77566,0
77567,0
77568,1
77569,0
77570,0
77571,0
77572,0
77573,0
77574,0
77575,0
77576,0
77577,1
77578,0
77579,0
77580,0
77581,0
77582,0
77583,0
77584,0
77585,0
77586,1
77587,0
77588,0
77589,0
77590,0
77591,0
77592,0
77593,0
77594,0
77595,1
77596,0
77597,0
77598,0
77599,0
77600,0
77601,0
77602,0
77603,0
77604,0
77605,0
77606,0
77607,0
77608,0
77609,0
77610,0
77611,1
77612,0
77613,0
77614,0
77615,0
77616,0
77617,0
77618,0
77619,0
77620,1
77621,0
77622,1
77623,0
77624,0
77625,0
77626,0
77627,0
77628,0
77629,0
77630,0
77631,0
77632,1
77633,0
77634,0
77635,1
77636,0
77637,0
77638,0
77639,0
77640,0
77641,0
77642,1
77643,0
77644,0
77645,0
77646,0
77647,0
77648,0
77649,0
77650,0
77651,0
77652,1
77653,0
77654,1
77655,0
77656,0
77657,0
77658,0
77659,0
77660,0
77661,1
77662,0
77663,0
77664,0
77665,0
77666,0
77667,0
77668,0
77669,1
77670,1
77671,0
77672,0
77673,0
77674,0
77675,0
77676,0
77677,0
77678,0
77679,0
77680,0
77681,0
77682,0
77683,0
77684,0
77685,0
77686,0
77687,0
77688,0
77689,0
77690,0
77691,0
77692,0
77693,1
77694,0
77695,0
77696,0
77697,0
77698,0
77699,0
77700,0
77701,0
77702,0
77703,0
77704,0
77705,0
77706,0
77707,0
77708,0
77709,0
77710,1
77711,0
77712,0
77713,0
77714,0
77715,0
77716,0
77717,0
77718,0
77719,0
77720,0
77721,0
77722,0
77723,0
77724,0
77725,0
77726,0
77727,0
77728,0
77729,0
77730,0
77731,0
77732,0
77733,1
77734,1
77735,0
77736,0
77737,0
77738,0
77739,0
77740,0
77741,0
77742,0
77743,1
77744,0
77745,0
77746,0
77747,0
77748,0
77749,0
77750,1
77751,0
77752,0
77753,1
77754,0
77755,0
77756,0
77757,0
77758,0
77759,0
77760,1
77761,0
77762,0
77763,0
77764,0
77765,0
77766,1
77767,0
77768,0
77769,0
77770,0
77771,1
77772,0
77773,0
77774,0
77775,1
77776,0
77777,0
77778,0
77779,0
77780,0
77781,0
77782,0
77783,0
77784,0
77785,0
77786,0
77787,0
77788,0
77789,0
77790,0
77791,0
77792,0
77793,0
77794,0
77795,0
77796,0
77797,0
77798,0
77799,0
77800,0
77801,0
77802,1
77803,0
77804,0
77805,0
77806,1
77807,1
77808,0
77809,0
77810,0
77811,0
77812,0
77813,0
77814,1
77815,0
77816,1
77817,0
77818,0
77819,0
77820,0
77821,0
77822,0
77823,0
77824,0
77825,0
77826,1
77827,0
77828,0
77829,0
77830,0
77831,0
77832,0
77833,1
77834,0
77835,0
77836,0
77837,0
77838,0
77839,0
77840,1
77841,1
77842,0
77843,0
77844,0
77845,0
77846,1
77847,0
77848,0
77849,0
77850,0
77851,0
77852,0
77853,1
77854,0
77855,0
77856,0
77857,1
77858,0
77859,1
77860,0
77861,0
77862,0
77863,0
77864,1
77865,0
77866,0
77867,0
77868,0
77869,0
77870,0
77871,0
77872,1
77873,0
77874,0
77875,0
77876,1
77877,0
77878,0
77879,0
77880,0
77881,1
77882,0
77883,0
77884,0
77885,0
77886,0
77887,0
77888,0
77889,1
77890,0
77891,0
77892,0
77893,0
77894,0
77895,0
77896,0
77897,0
77898,0
77899,0
77900,0
77901,0
77902,0
77903,0
77904,0
77905,0
77906,0
77907,0
77908,0
77909,0
77910,0
77911,1
77912,0
77913,0
77914,0
77915,0
77916,0
77917,1
77918,1
77919,0
77920,0
77921,0
77922,0
77923,0
77924,0
77925,0
77926,0
77927,0
77928,0
77929,0
77930,0
77931,0
77932,0
77933,0
77934,0
77935,0
77936,0
77937,0
77938,0
77939,0
77940,0
77941,0
77942,0
77943,0
77944,0
77945,0
77946,1
77947,0
77948,1
77949,0
77950,1
77951,0
77952,0
77953,0
77954,0
77955,0
77956,0
77957,0
77958,0
77959,1
77960,0
77961,0
77962,1
77963,0
77964,0
77965,0
77966,0
77967,0
77968,0
77969,0
77970,0
77971,1
77972,0
77973,0
77974,0
77975,0
77976,0
77977,0
77978,0
77979,0
77980,0
77981,0
77982,0
77983,0
77984,0
77985,0
77986,0
77987,0
77988,0
77989,0
77990,0
77991,0
77992,0
77993,0
77994,0
77995,0
77996,0
77997,0
77998,0
77999,0
78000,0
78001,0
78002,0
78003,0
78004,0
78005,0
78006,0
78007,0
78008,0
78009,0
78010,0
78011,0
78012,0
78013,0
78014,0
78015,0
78016,0
78017,1
78018,0
78019,1
78020,0
78021,1
78022,0
78023,0
78024,0
78025,0
78026,0
78027,1
78028,0
78029,0
78030,0
78031,0
78032,0
78033,0
78034,0
78035,0
78036,1
78037,0
78038,0
78039,1
78040,0
78041,0
78042,0
78043,0
78044,0
78045,0
78046,0
78047,0
78048,0
78049,0
78050,0
78051,0
78052,0
78053,0
78054,1
78055,0
78056,0
78057,0
78058,0
78059,1
78060,0
78061,1
78062,1
78063,0
78064,0
78065,0
78066,0
78067,0
78068,0
78069,0
78070,0
78071,0
78072,0
78073,1
78074,0
78075,0
78076,0
78077,0
78078,0
78079,1
78080,0
78081,0
78082,0
78083,1
78084,0
78085,0
78086,0
78087,0
78088,0
78089,0
78090,0
78091,1
78092,0
78093,0
78094,0
78095,0
78096,0
78097,0
78098,0
78099,1
78100,0
78101,1
78102,0
78103,0
78104,0
78105,0
78106,0
78107,0
78108,0
78109,0
78110,0
78111,1
78112,0
78113,1
78114,0
78115,0
78116,0
78117,0
78118,0
78119,0
78120,0
78121,0
78122,0
78123,0
78124,0
78125,0
78126,0
78127,0
78128,0
78129,0
78130,1
78131,0
78132,0
78133,0
78134,0
78135,0
78136,0
78137,0
78138,0
78139,0
78140,0
78141,0
78142,0
78143,0
78144,0
78145,1
78146,0
78147,0
78148,0
78149,0
78150,0
78151,0
78152,0
78153,0
78154,0
78155,0
78156,0
78157,0
78158,0
78159,0
78160,0
78161,1
78162,0
78163,0
78164,0
78165,0
78166,0
78167,0
78168,0
78169,0
78170,0
78171,0
78172,0
78173,0
78174,0
78175,0
78176,1
78177,1
78178,0
78179,0
78180,0
78181,0
78182,0
78183,0
78184,0
78185,0
78186,0
78187,0
78188,1
78189,1
78190,0
78191,0
78192,0
78193,0
78194,0
78195,0
78196,0
78197,0
78198,0
78199,0
78200,0
78201,0
78202,0
78203,0
78204,0
78205,1
78206,0
78207,0
78208,0
78209,0
78210,0
78211,0
78212,0
78213,0
78214,0
78215,1
78216,0
78217,0
78218,0
78219,0
78220,0
78221,0
78222,0
78223,1
78224,0
78225,0
78226,0
78227,0
78228,0
78229,0
78230,0
78231,1
78232,0
78233,1
78234,0
78235,0
78236,0
78237,0
78238,0
78239,0
78240,0
78241,0
78242,0
78243,0
78244,0
78245,0
78246,0
78247,0
78248,0
78249,0
78250,0
78251,0
78252,0
78253,0
78254,0
78255,1
78256,0
78257,0
78258,0
78259,0
78260,0
78261,0
78262,0
78263,0
78264,0
78265,0
78266,1
78267,0
78268,0
78269,0
78270,1
78271,0
78272,0
78273,0
78274,0
78275,0
78276,0
78277,0
78278,0
78279,0
78280,0
78281,0
78282,0
78283,0
78284,0
78285,1
78286,0
78287,0
78288,0
78289,0
78290,0
78291,0
78292,0
78293,0
78294,0
78295,0
78296,0
78297,0
78298,0
78299,0
78300,0
78301,0
78302,0
78303,0
78304,0
78305,0
78306,0
78307,0
78308,0
78309,1
78310,0
78311,1
78312,0
78313,0
78314,0
78315,0
78316,0
78317,0
78318,0
78319,0
78320,0
78321,0
78322,1
78323,0
78324,1
78325,0
78326,0
78327,0
78328,0
78329,0
78330,1
78331,0
78332,0
78333,1
78334,0
78335,0
78336,1
78337,0
78338,1
78339,0
78340,0
78341,1
78342,0
78343,1
78344,0
78345,1
78346,0
78347,1
78348,0
78349,0
78350,1
78351,0
78352,0
78353,0
78354,1
78355,0
78356,0
78357,1
78358,0
78359,0
78360,0
78361,0
78362,1
78363,1
78364,0
78365,0
78366,0
78367,0
78368,0
78369,0
78370,0
78371,0
78372,1
78373,0
78374,0
78375,0
78376,0
78377,0
78378,0
78379,0
78380,0
78381,1
78382,0
78383,0
78384,0
78385,0
78386,0
78387,0
78388,0
78389,0
78390,0
78391,0
78392,0
78393,0
78394,0
78395,0
78396,0
78397,0
78398,1
78399,1
78400,0
78401,0
78402,0
78403,0
78404,0
78405,0
78406,1
78407,1
78408,0
78409,0
78410,0
78411,1
78412,0
78413,0
78414,0
78415,0
78416,0
78417,0
78418,0
78419,1
78420,1
78421,0
78422,0
78423,0
78424,1
78425,1
78426,0
78427,0
78428,0
78429,0
78430,0
78431,0
78432,0
78433,0
78434,0
78435,0
78436,0
78437,0
78438,0
78439,0
78440,0
78441,0
78442,0
78443,0
78444,0
78445,0
78446,0
78447,0
78448,0
78449,0
78450,1
78451,1
78452,0
78453,1
78454,0
78455,1
78456,0
78457,0
78458,0
78459,0
78460,0
78461,0
78462,0
78463,0
78464,0
78465,0
78466,1
78467,0
78468,0
78469,0
78470,0
78471,0
78472,0
78473,1
78474,0
78475,0
78476,0
78477,0
78478,0
78479,0
78480,0
78481,0
78482,0
78483,0
78484,0
78485,0
78486,0
78487,0
78488,1
78489,1
78490,1
78491,0
78492,0
78493,1
78494,0
78495,1
78496,0
78497,0
78498,0
78499,1
78500,1
78501,0
78502,0
78503,0
78504,0
78505,0
78506,1
78507,0
78508,0
78509,0
78510,0
78511,1
78512,0
78513,0
78514,0
78515,0
78516,1
78517,0
78518,0
78519,0
78520,0
78521,1
78522,0
78523,1
78524,0
78525,0
78526,0
78527,0
78528,0
78529,0
78530,0
78531,0
78532,0
78533,0
78534,0
78535,0
78536,1
78537,0
78538,0
78539,0
78540,0
78541,1
78542,0
78543,0
78544,0
78545,0
78546,0
78547,0
78548,0
78549,0
78550,0
78551,0
78552,1
78553,0
78554,0
78555,0
78556,0
78557,0
78558,0
78559,0
78560,0
78561,0
78562,1
78563,0
78564,0
78565,1
78566,0
78567,0
78568,0
78569,0
78570,0
78571,0
78572,0
78573,0
78574,0
78575,0
78576,0
78577,0
78578,1
78579,0
78580,0
78581,1
78582,1
78583,0
78584,0
78585,0
78586,0
78587,0
78588,0
78589,0
78590,0
78591,0
78592,1
78593,0
78594,0
78595,0
78596,0
78597,0
78598,0
78599,0
78600,0
78601,0
78602,0
78603,0
78604,0
78605,0
78606,0
78607,0
78608,0
78609,0
78610,0
78611,0
78612,0
78613,0
78614,0
78615,0
78616,0
78617,0
78618,0
78619,0
78620,0
78621,0
78622,1
78623,0
78624,0
78625,0
78626,0
78627,0
78628,0
78629,0
78630,0
78631,1
78632,0
78633,0
78634,0
78635,0
78636,0
78637,0
78638,0
78639,0
78640,0
78641,1
78642,0
78643,0
78644,0
78645,0
78646,0
78647,0
78648,0
78649,0
78650,0
78651,0
78652,0
78653,0
78654,0
78655,0
78656,0
78657,0
78658,0
78659,0
78660,0
78661,0
78662,0
78663,1
78664,0
78665,0
78666,0
78667,0
78668,0
78669,0
78670,0
78671,0
78672,0
78673,0
78674,0
78675,0
78676,0
78677,0
78678,0
78679,0
78680,0
78681,0
78682,0
78683,0
78684,0
78685,0
78686,0
78687,0
78688,0
78689,0
78690,1
78691,0
78692,1
78693,0
78694,0
78695,0
78696,0
78697,0
78698,0
78699,0
78700,0
78701,0
78702,0
78703,0
78704,0
78705,0
78706,0
78707,0
78708,0
78709,0
78710,0
78711,0
78712,0
78713,0
78714,0
78715,0
78716,0
78717,1
78718,0
78719,0
78720,0
78721,1
78722,0
78723,0
78724,1
78725,0
78726,0
78727,0
78728,0
78729,1
78730,0
78731,0
78732,0
78733,1
78734,0
78735,0
78736,0
78737,0
78738,0
78739,1
78740,1
78741,0
78742,1
78743,0
78744,0
78745,1
78746,0
78747,0
78748,0
78749,0
78750,0
78751,0
78752,0
78753,0
78754,0
78755,0
78756,0
78757,0
78758,0
78759,0
78760,0
78761,0
78762,0
78763,0
78764,1
78765,0
78766,0
78767,1
78768,0
78769,0
78770,0
78771,0
78772,0
78773,0
78774,0
78775,0
78776,0
78777,0
78778,0
78779,0
78780,0
78781,0
78782,0
78783,0
78784,0
78785,0
78786,0
78787,0
78788,0
78789,0
78790,0
78791,1
78792,0
78793,0
78794,0
78795,0
78796,0
78797,1
78798,0
78799,0
78800,0
78801,0
78802,0
78803,0
78804,0
78805,0
78806,1
78807,0
78808,0
78809,0
78810,1
78811,0
78812,0
78813,0
78814,0
78815,0
78816,0
78817,0
78818,0
78819,0
78820,0
78821,0
78822,0
78823,0
78824,0
78825,0
78826,0
78827,0
78828,0
78829,0
78830,1
78831,1
78832,0
78833,0
78834,0
78835,0
78836,0
78837,0
78838,0
78839,0
78840,0
78841,1
78842,1
78843,0
78844,0
78845,0
78846,0
78847,0
78848,0
78849,0
78850,0
78851,0
78852,0
78853,0
78854,0
78855,0
78856,0
78857,0
78858,0
78859,0
78860,0
78861,0
78862,0
78863,1
78864,0
78865,0
78866,0
78867,0
78868,0
78869,0
78870,0
78871,0
78872,0
78873,0
78874,0
78875,0
78876,0
78877,0
78878,0
78879,0
78880,0
78881,0
78882,0
78883,0
78884,0
78885,1
78886,0
78887,0
78888,0
78889,0
78890,0
78891,0
78892,0
78893,0
78894,0
78895,0
78896,0
78897,0
78898,0
78899,0
78900,0
78901,0
78902,0
78903,0
78904,0
78905,0
78906,0
78907,0
78908,0
78909,0
78910,0
78911,0
78912,0
78913,0
78914,1
78915,0
78916,0
78917,1
78918,0
78919,0
78920,0
78921,0
78922,1
78923,0
78924,1
78925,1
78926,0
78927,0
78928,0
78929,1
78930,0
78931,0
78932,0
78933,0
78934,1
78935,0
78936,0
78937,0
78938,0
78939,0
78940,0
78941,0
78942,1
78943,1
78944,0
78945,0
78946,1
78947,0
78948,1
78949,0
78950,0
78951,0
78952,0
78953,0
78954,0
78955,0
78956,1
78957,0
78958,0
78959,0
78960,0
78961,0
78962,0
78963,0
78964,0
78965,0
78966,0
78967,0
78968,0
78969,1
78970,0
78971,1
78972,0
78973,0
78974,0
78975,0
78976,0
78977,0
78978,0
78979,0
78980,0
78981,0
78982,0
78983,0
78984,0
78985,0
78986,0
78987,0
78988,0
78989,0
78990,0
78991,0
78992,0
78993,0
78994,0
78995,0
78996,0
78997,0
78998,0
78999,0
79000,0
79001,0
79002,0
79003,0
79004,0
79005,1
79006,0
79007,0
79008,0
79009,0
79010,1
79011,0
79012,0
79013,0
79014,0
79015,0
79016,0
79017,0
79018,0
79019,0
79020,0
79021,1
79022,0
79023,0
79024,0
79025,1
79026,1
79027,0
79028,0
79029,0
79030,0
79031,0
79032,0
79033,0
79034,0
79035,0
79036,0
79037,1
79038,0
79039,0
79040,0
79041,0
79042,0
79043,0
79044,0
79045,0
79046,0
79047,0
79048,0
79049,0
79050,1
79051,0
79052,0
79053,0
79054,0
79055,0
79056,0
79057,0
79058,1
79059,0
79060,0
79061,0
79062,0
79063,0
79064,0
79065,0
79066,0
79067,0
79068,0
79069,0
79070,1
79071,1
79072,0
79073,0
79074,0
79075,0
79076,1
79077,0
79078,0
79079,0
79080,0
79081,0
79082,0
79083,0
79084,1
79085,0
79086,0
79087,0
79088,0
79089,0
79090,0
79091,1
79092,0
79093,0
79094,0
79095,0
79096,0
79097,1
79098,0
79099,0
79100,0
79101,0
79102,1
79103,0
79104,0
79105,0
79106,0
79107,0
79108,1
79109,0
79110,0
79111,0
79112,0
79113,0
79114,0
79115,0
79116,0
79117,0
79118,0
79119,0
79120,1
79121,0
79122,1
79123,0
79124,1
79125,0
79126,0
79127,0
79128,0
79129,0
79130,0
79131,0
79132,0
79133,0
79134,1
79135,0
79136,0
79137,0
79138,0
79139,0
79140,0
79141,0
79142,0
79143,1
79144,0
79145,0
79146,0
79147,0
79148,0
79149,0
79150,0
79151,0
79152,0
79153,0
79154,0
79155,0
79156,0
79157,0
79158,0
79159,0
79160,0
79161,0
79162,0
79163,0
79164,0
79165,0
79166,0
79167,0
79168,0
79169,0
79170,0
79171,0
79172,0
79173,0
79174,0
79175,0
79176,0
79177,0
79178,0
79179,0
79180,0
79181,0
79182,1
79183,0
79184,0
79185,0
79186,0
79187,0
79188,0
79189,0
79190,0
79191,0
79192,1
79193,0
79194,0
79195,0
79196,1
79197,0
79198,0
79199,1
79200,0
79201,0
79202,0
79203,0
79204,0
79205,1
79206,0
79207,0
79208,1
79209,0
79210,0
79211,1
79212,0
79213,0
79214,0
79215,0
79216,1
79217,0
79218,0
79219,0
79220,0
79221,0
79222,0
79223,0
79224,0
79225,0
79226,1
79227,0
79228,0
79229,0
79230,0
79231,0
79232,1
79233,0
79234,0
79235,1
79236,0
79237,0
79238,0
79239,0
79240,0
79241,0
79242,0
79243,0
79244,1
79245,0
79246,0
79247,0
79248,0
79249,0
79250,0
79251,1
79252,0
79253,0
79254,0
79255,0
79256,0
79257,0
79258,0
79259,0
79260,0
79261,0
79262,0
79263,0
79264,0
79265,0
79266,0
79267,1
79268,0
79269,0
79270,0
79271,0
79272,0
79273,0
79274,0
79275,0
79276,0
79277,0
79278,0
79279,0
79280,0
79281,0
79282,0
79283,0
79284,0
79285,0
79286,0
79287,0
79288,0
79289,0
79290,0
79291,1
79292,0
79293,1
79294,1
79295,0
79296,0
79297,0
79298,1
79299,0
79300,0
79301,0
79302,0
79303,0
79304,0
79305,0
79306,0
79307,0
79308,0
79309,0
79310,1
79311,0
79312,0
79313,0
79314,0
79315,0
79316,0
79317,0
79318,0
79319,1
79320,0
79321,0
79322,0
79323,0
79324,0
79325,0
79326,0
79327,0
79328,0
79329,0
79330,0
79331,0
79332,0
79333,0
79334,0
79335,0
79336,0
79337,0
79338,1
79339,0
79340,0
79341,0
79342,1
79343,0
79344,0
79345,0
79346,0
79347,0
79348,0
79349,1
79350,0
79351,0
79352,0
79353,0
79354,0
79355,0
79356,0
79357,0
79358,1
79359,0
79360,0
79361,0
79362,0
79363,0
79364,1
79365,0
79366,0
79367,0
79368,0
79369,0
79370,0
79371,0
79372,0
79373,0
79374,0
79375,0
79376,0
79377,0
79378,1
79379,0
79380,1
79381,0
79382,0
79383,0
79384,1
79385,0
79386,0
79387,0
79388,0
79389,0
79390,0
79391,0
79392,0
79393,0
79394,0
79395,0
79396,1
79397,0
79398,0
79399,0
79400,0
79401,0
79402,0
79403,0
79404,0
79405,0
79406,0
79407,0
79408,1
79409,0
79410,0
79411,0
79412,1
79413,0
79414,1
79415,0
79416,0
79417,0
79418,0
79419,0
79420,0
79421,0
79422,0
79423,0
79424,0
79425,0
79426,0
79427,0
79428,0
79429,0
79430,0
79431,0
79432,0
79433,0
79434,1
79435,0
79436,0
79437,1
79438,0
79439,0
79440,0
79441,0
79442,0
79443,0
79444,0
79445,0
79446,0
79447,0
79448,0
79449,0
79450,0
79451,0
79452,0
79453,0
79454,0
79455,0
79456,0
79457,0
79458,0
79459,1
79460,0
79461,0
79462,0
79463,0
79464,0
79465,0
79466,0
79467,0
79468,0
79469,0
79470,1
79471,0
79472,0
79473,0
79474,0
79475,0
79476,0
79477,0
79478,0
79479,0
79480,0
79481,1
79482,0
79483,0
79484,0
79485,1
79486,0
79487,0
79488,0
79489,1
79490,0
79491,0
79492,0
79493,0
79494,0
79495,1
79496,0
79497,0
79498,0
79499,0
79500,1
79501,0
79502,0
79503,1
79504,0
79505,0
79506,1
79507,0
79508,0
79509,1
79510,0
79511,0
79512,1
79513,0
79514,0
79515,0
79516,0
79517,0
79518,0
79519,1
79520,0
79521,1
79522,0
79523,0
79524,0
79525,0
79526,0
79527,0
79528,0
79529,0
79530,0
79531,0
79532,0
79533,0
79534,0
79535,0
79536,0
79537,0
79538,0
79539,0
79540,0
79541,0
79542,0
79543,0
79544,0
79545,0
79546,0
79547,0
79548,0
79549,1
79550,0
79551,0
79552,0
79553,0
79554,0
79555,0
79556,0
79557,0
79558,1
79559,0
79560,0
79561,0
79562,0
79563,0
79564,0
79565,0
79566,0
79567,0
79568,0
79569,1
79570,0
79571,0
79572,0
79573,0
79574,0
79575,1
79576,0
79577,0
79578,0
79579,0
79580,0
79581,0
79582,1
79583,0
79584,0
79585,0
79586,0
79587,0
79588,1
79589,0
79590,1
79591,0
79592,0
79593,0
79594,0
79595,0
79596,0
79597,0
79598,0
79599,0
79600,0
79601,0
79602,1
79603,0
79604,0
79605,0
79606,0
79607,0
79608,0
79609,1
79610,0
79611,0
79612,0
79613,0
79614,0
79615,0
79616,0
79617,0
79618,0
79619,1
79620,0
79621,0
79622,0
79623,0
79624,0
79625,0
79626,0
79627,0
79628,0
79629,0
79630,0
79631,0
79632,1
79633,0
79634,1
79635,0
79636,1
79637,0
79638,0
79639,0
79640,0
79641,0
79642,0
79643,1
79644,0
79645,0
79646,1
79647,0
79648,0
79649,0
79650,0
79651,0
79652,0
79653,0
79654,0
79655,0
79656,0
79657,0
79658,1
79659,0
79660,0
79661,0
79662,0
79663,0
79664,0
79665,0
79666,0
79667,0
79668,0
79669,0
79670,1
79671,0
79672,0
79673,0
79674,0
79675,1
79676,0
79677,0
79678,1
79679,0
79680,0
79681,0
79682,0
79683,0
79684,0
79685,1
79686,0
79687,0
79688,0
79689,0
79690,0
79691,1
79692,0
79693,0
79694,0
79695,0
79696,0
79697,0
79698,0
79699,0
79700,0
79701,0
79702,0
79703,0
79704,0
79705,1
79706,0
79707,1
79708,0
79709,0
79710,0
79711,0
79712,0
79713,0
79714,1
79715,0
79716,1
79717,0
79718,0
79719,0
79720,0
79721,0
79722,0
79723,0
79724,1
79725,0
79726,0
79727,0
79728,1
79729,0
79730,0
79731,0
79732,0
79733,1
79734,0
79735,0
79736,0
79737,0
79738,0
79739,0
79740,0
79741,0
79742,0
79743,0
79744,0
79745,0
79746,0
79747,0
79748,0
79749,0
79750,0
79751,0
79752,0
79753,0
79754,1
79755,0
79756,0
79757,0
79758,1
79759,0
79760,0
79761,0
79762,0
79763,0
79764,0
79765,0
79766,0
79767,0
79768,0
79769,0
79770,0
79771,0
79772,0
79773,0
79774,0
79775,0
79776,0
79777,0
79778,0
79779,0
79780,0
79781,0
79782,0
79783,0
79784,0
79785,0
79786,0
79787,0
79788,0
79789,0
79790,0
79791,0
79792,1
79793,0
79794,0
79795,0
79796,0
79797,0
79798,0
79799,0
79800,1
79801,0
79802,0
79803,0
79804,0
79805,0
79806,1
79807,0
79808,0
79809,0
79810,0
79811,0
79812,0
79813,0
79814,0
79815,0
79816,0
79817,1
79818,0
79819,0
79820,0
79821,0
79822,1
79823,0
79824,0
79825,0
79826,0
79827,1
79828,0
79829,1
79830,0
79831,0
79832,0
79833,0
79834,1
79835,0
79836,0
79837,0
79838,0
79839,0
79840,1
79841,0
79842,0
79843,0
79844,0
79845,0
79846,0
79847,0
79848,0
79849,0
79850,0
79851,0
79852,0
79853,0
79854,0
79855,0
79856,1
79857,1
79858,0
79859,1
79860,0
79861,0
79862,0
79863,1
79864,0
79865,0
79866,0
79867,1
79868,0
79869,1
79870,0
79871,1
79872,0
79873,0
79874,0
79875,0
79876,0
79877,0
79878,0
79879,0
79880,0
79881,0
79882,0
79883,0
79884,1
79885,0
79886,0
79887,0
79888,0
79889,0
79890,0
79891,0
79892,0
79893,0
79894,0
79895,1
79896,0
79897,0
79898,0
79899,0
79900,1
79901,0
79902,0
79903,1
79904,0
79905,0
79906,0
79907,1
79908,0
79909,0
79910,0
79911,1
79912,0
79913,0
79914,0
79915,0
79916,0
79917,0
79918,1
79919,0
79920,0
79921,0
79922,0
79923,0
79924,0
79925,0
79926,0
79927,0
79928,1
79929,0
79930,0
79931,0
79932,0
79933,0
79934,0
79935,0
79936,0
79937,0
79938,0
79939,0
79940,0
79941,0
79942,0
79943,0
79944,0
79945,0
79946,0
79947,0
79948,0
79949,1
79950,0
79951,0
79952,0
79953,1
79954,1
79955,0
79956,0
79957,0
79958,0
79959,0
79960,0
79961,0
79962,0
79963,0
79964,0
79965,0
79966,0
79967,0
79968,1
79969,0
79970,0
79971,1
79972,1
79973,0
79974,0
79975,0
79976,0
79977,0
79978,0
79979,0
79980,0
79981,1
79982,0
79983,0
79984,0
79985,0
79986,0
79987,0
79988,0
79989,0
79990,0
79991,0
79992,0
79993,1
79994,0
79995,1
79996,0
79997,1
79998,0
79999,0
80000,0
80001,1
80002,0
80003,0
80004,0
80005,0
80006,0
80007,0
80008,0
80009,0
80010,0
80011,0
80012,0
80013,0
80014,0
80015,0
80016,0
80017,0
80018,0
80019,1
80020,0
80021,0
80022,0
80023,0
80024,1
80025,0
80026,0
80027,0
80028,0
80029,0
80030,0
80031,0
80032,0
80033,0
80034,0
80035,0
80036,0
80037,0
80038,0
80039,0
80040,0
80041,0
80042,1
80043,0
80044,0
80045,0
80046,0
80047,0
80048,0
80049,0
80050,1
80051,0
80052,0
80053,0
80054,1
80055,0
80056,1
80057,0
80058,0
80059,0
80060,0
80061,0
80062,0
80063,0
80064,0
80065,0
80066,0
80067,0
80068,1
80069,0
80070,0
80071,0
80072,0
80073,0
80074,0
80075,0
80076,0
80077,1
80078,0
80079,0
80080,0
80081,0
80082,0
80083,0
80084,0
80085,0
80086,0
80087,0
80088,0
80089,0
80090,0
80091,0
80092,0
80093,0
80094,1
80095,1
80096,0
80097,0
80098,1
80099,1
80100,1
80101,0
80102,0
80103,0
80104,0
80105,1
80106,0
80107,0
80108,0
80109,0
80110,0
80111,0
80112,0
80113,0
80114,0
80115,0
80116,0
80117,0
80118,1
80119,0
80120,0
80121,0
80122,0
80123,0
80124,0
80125,0
80126,0
80127,0
80128,0
80129,0
80130,0
80131,0
80132,0
80133,0
80134,0
80135,0
80136,0
80137,0
80138,1
80139,0
80140,0
80141,0
80142,0
80143,0
80144,0
80145,1
80146,0
80147,0
80148,0
80149,0
80150,0
80151,0
80152,0
80153,0
80154,0
80155,0
80156,1
80157,0
80158,0
80159,0
80160,0
80161,0
80162,0
80163,0
80164,0
80165,0
80166,0
80167,0
80168,0
80169,0
80170,0
80171,0
80172,0
80173,0
80174,0
80175,0
80176,0
80177,0
80178,0
80179,0
80180,0
80181,0
80182,0
80183,0
80184,0
80185,0
80186,1
80187,0
80188,0
80189,0
80190,0
80191,0
80192,0
80193,0
80194,0
80195,0
80196,0
80197,0
80198,0
80199,0
80200,0
80201,1
80202,0
80203,0
80204,0
80205,0
80206,0
80207,0
80208,0
80209,0
80210,0
80211,0
80212,0
80213,1
80214,0
80215,0
80216,0
80217,0
80218,0
80219,0
80220,1
80221,0
80222,0
80223,0
80224,0
80225,0
80226,0
80227,0
80228,0
80229,0
80230,0
80231,0
80232,0
80233,0
80234,0
80235,0
80236,0
80237,0
80238,0
80239,1
80240,0
80241,0
80242,0
80243,0
80244,1
80245,0
80246,0
80247,0
80248,0
80249,0
80250,0
80251,0
80252,0
80253,0
80254,0
80255,0
80256,0
80257,0
80258,1
80259,0
80260,0
80261,0
80262,0
80263,1
80264,0
80265,1
80266,1
80267,0
80268,0
80269,0
80270,0
80271,0
80272,0
80273,0
80274,0
80275,0
80276,0
80277,0
80278,0
80279,0
80280,0
80281,0
80282,1
80283,0
80284,0
80285,0
80286,0
80287,0
80288,0
80289,0
80290,0
80291,0
80292,0
80293,0
80294,0
80295,0
80296,0
80297,0
80298,0
80299,0
80300,0
80301,0
80302,0
80303,0
80304,0
80305,0
80306,0
80307,0
80308,0
80309,0
80310,0
80311,0
80312,0
80313,0
80314,0
80315,0
80316,0
80317,0
80318,0
80319,0
80320,0
80321,0
80322,0
80323,0
80324,0
80325,0
80326,0
80327,0
80328,0
80329,0
80330,0
80331,0
80332,0
80333,0
80334,0
80335,0
80336,0
80337,1
80338,0
80339,0
80340,0
80341,0
80342,1
80343,0
80344,0
80345,0
80346,0
80347,0
80348,0
80349,0
80350,0
80351,0
80352,0
80353,0
80354,1
80355,0
80356,0
80357,0
80358,0
80359,1
80360,0
80361,0
80362,0
80363,0
80364,0
80365,0
80366,0
80367,0
80368,1
80369,0
80370,1
80371,0
80372,0
80373,0
80374,0
80375,1
80376,0
80377,0
80378,0
80379,1
80380,0
80381,0
80382,0
80383,0
80384,0
80385,0
80386,1
80387,0
80388,0
80389,0
80390,0
80391,0
80392,0
80393,0
80394,0
80395,0
80396,0
80397,0
80398,0
80399,0
80400,0
80401,0
80402,0
80403,0
80404,0
80405,0
80406,0
80407,1
80408,1
80409,0
80410,0
80411,0
80412,0
80413,0
80414,0
80415,1
80416,0
80417,0
80418,0
80419,0
80420,0
80421,0
80422,0
80423,0
80424,0
80425,0
80426,0
80427,0
80428,0
80429,0
80430,0
80431,0
80432,0
80433,1
80434,0
80435,0
80436,0
80437,0
80438,1
80439,1
80440,0
80441,0
80442,0
80443,0
80444,0
80445,0
80446,0
80447,0
80448,0
80449,0
80450,0
80451,0
80452,1
80453,1
80454,0
80455,0
80456,0
80457,1
80458,1
80459,1
80460,0
80461,0
80462,0
80463,1
80464,1
80465,1
80466,0
80467,0
80468,0
80469,0
80470,0
80471,0
80472,0
80473,0
80474,0
80475,0
80476,0
80477,0
80478,0
80479,0
80480,0
80481,0
80482,0
80483,0
80484,0
80485,0
80486,0
80487,0
80488,0
80489,0
80490,0
80491,0
80492,0
80493,0
80494,0
80495,1
80496,0
80497,0
80498,0
80499,0
80500,0
80501,0
80502,0
80503,0
80504,0
80505,0
80506,0
80507,0
80508,1
80509,0
80510,0
80511,0
80512,0
80513,0
80514,0
80515,0
80516,0
80517,1
80518,0
80519,0
80520,1
80521,1
80522,0
80523,0
80524,0
80525,0
80526,0
80527,0
80528,0
80529,0
80530,0
80531,0
80532,0
80533,0
80534,0
80535,0
80536,0
80537,0
80538,0
80539,0
80540,0
80541,0
80542,0
80543,0
80544,0
80545,0
80546,0
80547,0
80548,0
80549,0
80550,0
80551,0
80552,0
80553,0
80554,0
80555,0
80556,0
80557,0
80558,0
80559,0
80560,0
80561,0
80562,0
80563,0
80564,0
80565,0
80566,0
80567,1
80568,1
80569,1
80570,0
80571,0
80572,0
80573,0
80574,0
80575,0
80576,0
80577,0
80578,0
80579,0
80580,0
80581,0
80582,0
80583,0
80584,1
80585,1
80586,1
80587,0
80588,0
80589,1
80590,0
80591,1
80592,0
80593,0
80594,0
80595,0
80596,0
80597,0
80598,0
80599,0
80600,0
80601,0
80602,0
80603,0
80604,0
80605,0
80606,0
80607,0
80608,0
80609,0
80610,0
80611,0
80612,0
80613,1
80614,0
80615,0
80616,0
80617,1
80618,0
80619,0
80620,0
80621,0
80622,0
80623,1
80624,0
80625,0
80626,1
80627,1
80628,0
80629,0
80630,0
80631,0
80632,0
80633,1
80634,0
80635,0
80636,1
80637,0
80638,1
80639,1
80640,0
80641,0
80642,0
80643,0
80644,0
80645,0
80646,0
80647,0
80648,0
80649,0
80650,0
80651,0
80652,0
80653,0
80654,0
80655,0
80656,0
80657,0
80658,0
80659,0
80660,0
80661,1
80662,0
80663,0
80664,0
80665,0
80666,0
80667,0
80668,0
80669,1
80670,0
80671,0
80672,1
80673,1
80674,0
80675,0
80676,0
80677,0
80678,0
80679,0
80680,1
80681,0
80682,0
80683,0
80684,0
80685,0
80686,0
80687,0
80688,0
80689,0
80690,0
80691,0
80692,0
80693,0
80694,0
80695,0
80696,0
80697,0
80698,0
80699,0
80700,0
80701,0
80702,0
80703,0
80704,0
80705,0
80706,0
80707,0
80708,0
80709,1
80710,0
80711,0
80712,1
80713,0
80714,0
80715,0
80716,0
80717,0
80718,0
80719,0
80720,0
80721,0
80722,0
80723,0
80724,0
80725,0
80726,0
80727,0
80728,0
80729,0
80730,0
80731,0
80732,0
80733,0
80734,0
80735,0
80736,0
80737,0
80738,0
80739,0
80740,1
80741,0
80742,0
80743,0
80744,0
80745,0
80746,0
80747,0
80748,0
80749,0
80750,0
80751,0
80752,0
80753,1
80754,0
80755,1
80756,0
80757,1
80758,0
80759,0
80760,0
80761,0
80762,0
80763,0
80764,0
80765,0
80766,0
80767,0
80768,0
80769,0
80770,1
80771,0
80772,0
80773,0
80774,0
80775,0
80776,1
80777,0
80778,1
80779,0
80780,0
80781,0
80782,0
80783,0
80784,0
80785,0
80786,0
80787,0
80788,0
80789,0
80790,0
80791,0
80792,0
80793,0
80794,0
80795,0
80796,0
80797,0
80798,1
80799,0
80800,0
80801,0
80802,0
80803,0
80804,0
80805,0
80806,0
80807,0
80808,0
80809,0
80810,0
80811,0
80812,0
80813,0
80814,0
80815,1
80816,0
80817,0
80818,0
80819,1
80820,0
80821,0
80822,0
80823,0
80824,0
80825,1
80826,1
80827,0
80828,1
80829,0
80830,0
80831,0
80832,0
80833,0
80834,0
80835,1
80836,0
80837,0
80838,0
80839,0
80840,0
80841,1
80842,0
80843,0
80844,0
80845,0
80846,0
80847,1
80848,1
80849,0
80850,0
80851,1
80852,0
80853,0
80854,0
80855,0
80856,0
80857,1
80858,0
80859,0
80860,0
80861,0
80862,0
80863,0
80864,0
80865,0
80866,0
80867,0
80868,0
80869,0
80870,1
80871,0
80872,0
80873,0
80874,0
80875,0
80876,0
80877,0
80878,1
80879,0
80880,0
80881,0
80882,0
80883,0
80884,0
80885,0
80886,0
80887,1
80888,0
80889,0
80890,0
80891,0
80892,1
80893,0
80894,0
80895,0
80896,0
80897,0
80898,1
80899,0
80900,0
80901,0
80902,0
80903,0
80904,0
80905,0
80906,1
80907,1
80908,1
80909,0
80910,0
80911,0
80912,0
80913,0
80914,0
80915,0
80916,0
80917,0
80918,0
80919,0
80920,0
80921,0
80922,0
80923,0
80924,0
80925,1
80926,0
80927,0
80928,0
80929,0
80930,0
80931,1
80932,0
80933,0
80934,0
80935,1
80936,0
80937,0
80938,0
80939,0
80940,0
80941,0
80942,0
80943,1
80944,0
80945,0
80946,1
80947,0
80948,0
80949,0
80950,1
80951,0
80952,1
80953,0
80954,0
80955,0
80956,0
80957,0
80958,0
80959,0
80960,0
80961,0
80962,0
80963,0
80964,0
80965,0
80966,0
80967,0
80968,0
80969,0
80970,0
80971,0
80972,1
80973,0
80974,0
80975,0
80976,0
80977,0
80978,0
80979,1
80980,0
80981,0
80982,0
80983,0
80984,0
80985,1
80986,0
80987,1
80988,0
80989,0
80990,0
80991,0
80992,1
80993,1
80994,0
80995,0
80996,0
80997,0
80998,0
80999,0
81000,0
81001,0
81002,1
81003,0
81004,0
81005,0
81006,1
81007,0
81008,0
81009,0
81010,0
81011,0
81012,0
81013,0
81014,0
81015,0
81016,0
81017,0
81018,0
81019,0
81020,0
81021,1
81022,0
81023,0
81024,0
81025,0
81026,0
81027,0
81028,0
81029,0
81030,1
81031,1
81032,0
81033,0
81034,1
81035,0
81036,0
81037,0
81038,0
81039,0
81040,0
81041,0
81042,0
81043,0
81044,1
81045,0
81046,0
81047,1
81048,0
81049,0
81050,0
81051,0
81052,0
81053,1
81054,0
81055,0
81056,0
81057,0
81058,0
81059,0
81060,1
81061,1
81062,0
81063,0
81064,0
81065,1
81066,0
81067,0
81068,1
81069,1
81070,0
81071,0
81072,0
81073,0
81074,0
81075,0
81076,0
81077,0
81078,0
81079,0
81080,0
81081,0
81082,0
81083,0
81084,0
81085,0
81086,0
81087,0
81088,0
81089,0
81090,0
81091,0
81092,1
81093,0
81094,0
81095,0
81096,0
81097,0
81098,0
81099,0
81100,0
81101,0
81102,0
81103,0
81104,0
81105,0
81106,0
81107,0
81108,0
81109,0
81110,0
81111,0
81112,0
81113,0
81114,1
81115,0
81116,1
81117,1
81118,0
81119,0
81120,0
81121,0
81122,0
81123,0
81124,0
81125,0
81126,0
81127,0
81128,0
81129,1
81130,0
81131,0
81132,0
81133,0
81134,0
81135,0
81136,0
81137,0
81138,0
81139,0
81140,0
81141,0
81142,0
81143,0
81144,0
81145,0
81146,0
81147,0
81148,0
81149,0
81150,0
81151,0
81152,1
81153,0
81154,0
81155,0
81156,0
81157,0
81158,0
81159,0
81160,0
81161,0
81162,0
81163,0
81164,0
81165,0
81166,0
81167,0
81168,0
81169,0
81170,1
81171,0
81172,1
81173,0
81174,0
81175,0
81176,0
81177,0
81178,0
81179,0
81180,0
81181,0
81182,1
81183,0
81184,0
81185,0
81186,0
81187,0
81188,0
81189,0
81190,0
81191,0
81192,0
81193,0
81194,0
81195,0
81196,0
81197,0
81198,1
81199,0
81200,0
81201,0
81202,0
81203,0
81204,1
81205,0
81206,0
81207,0
81208,0
81209,0
81210,0
81211,0
81212,0
81213,0
81214,0
81215,0
81216,1
81217,0
81218,0
81219,0
81220,0
81221,0
81222,0
81223,1
81224,0
81225,0
81226,0
81227,0
81228,0
81229,0
81230,0
81231,1
81232,0
81233,0
81234,0
81235,0
81236,0
81237,0
81238,0
81239,0
81240,0
81241,0
81242,0
81243,0
81244,0
81245,1
81246,0
81247,0
81248,0
81249,0
81250,0
81251,0
81252,0
81253,0
81254,1
81255,0
81256,0
81257,0
81258,0
81259,0
81260,0
81261,0
81262,1
81263,0
81264,0
81265,0
81266,1
81267,0
81268,0
81269,0
81270,1
81271,0
81272,0
81273,0
81274,0
81275,0
81276,0
81277,0
81278,0
81279,0
81280,0
81281,0
81282,0
81283,0
81284,0
81285,0
81286,0
81287,0
81288,0
81289,0
81290,0
81291,0
81292,0
81293,1
81294,0
81295,1
81296,0
81297,0
81298,0
81299,0
81300,0
81301,0
81302,0
81303,0
81304,0
81305,0
81306,0
81307,0
81308,0
81309,0
81310,0
81311,1
81312,0
81313,0
81314,0
81315,0
81316,0
81317,0
81318,0
81319,0
81320,0
81321,0
81322,0
81323,0
81324,0
81325,0
81326,0
81327,0
81328,0
81329,0
81330,0
81331,0
81332,0
81333,0
81334,0
81335,0
81336,0
81337,1
81338,1
81339,0
81340,0
81341,0
81342,0
81343,0
81344,0
81345,1
81346,1
81347,1
81348,0
81349,0
81350,0
81351,0
81352,0
81353,0
81354,0
81355,0
81356,0
81357,0
81358,0
81359,0
81360,0
81361,0
81362,0
81363,0
81364,0
81365,0
81366,0
81367,0
81368,0
81369,0
81370,0
81371,0
81372,0
81373,1
81374,0
81375,0
81376,1
81377,0
81378,0
81379,1
81380,0
81381,0
81382,0
81383,1
81384,0
81385,0
81386,0
81387,0
81388,0
81389,1
81390,0
81391,0
81392,0
81393,0
81394,0
81395,0
81396,0
81397,0
81398,0
81399,0
81400,0
81401,0
81402,0
81403,0
81404,0
81405,0
81406,0
81407,0
81408,0
81409,0
81410,0
81411,0
81412,0
81413,0
81414,0
81415,0
81416,0
81417,0
81418,0
81419,0
81420,0
81421,0
81422,0
81423,0
81424,0
81425,0
81426,0
81427,0
81428,0
81429,0
81430,0
81431,0
81432,0
81433,0
81434,0
81435,0
81436,0
81437,0
81438,0
81439,0
81440,0
81441,0
81442,0
81443,0
81444,0
81445,0
81446,0
81447,0
81448,0
81449,0
81450,0
81451,0
81452,0
81453,1
81454,1
81455,0
81456,0
81457,1
81458,0
81459,0
81460,0
81461,0
81462,0
81463,0
81464,0
81465,0
81466,0
81467,0
81468,0
81469,0
81470,0
81471,0
81472,0
81473,1
81474,0
81475,0
81476,0
81477,0
81478,0
81479,0
81480,0
81481,1
81482,0
81483,0
81484,0
81485,0
81486,0
81487,0
81488,0
81489,0
81490,0
81491,0
81492,1
81493,1
81494,1
81495,0
81496,0
81497,0
81498,0
81499,0
81500,1
81501,0
81502,1
81503,0
81504,0
81505,0
81506,0
81507,0
81508,1
81509,0
81510,0
81511,1
81512,0
81513,0
81514,0
81515,0
81516,0
81517,0
81518,0
81519,0
81520,0
81521,0
81522,1
81523,0
81524,0
81525,0
81526,0
81527,0
81528,0
81529,1
81530,0
81531,0
81532,0
81533,0
81534,0
81535,0
81536,0
81537,0
81538,0
81539,0
81540,0
81541,0
81542,0
81543,0
81544,0
81545,0
81546,0
81547,0
81548,0
81549,0
81550,1
81551,1
81552,0
81553,0
81554,0
81555,0
81556,0
81557,1
81558,1
81559,0
81560,0
81561,0
81562,0
81563,0
81564,0
81565,0
81566,0
81567,0
81568,0
81569,0
81570,0
81571,0
81572,0
81573,0
81574,0
81575,0
81576,0
81577,1
81578,0
81579,0
81580,0
81581,0
81582,0
81583,0
81584,0
81585,0
81586,0
81587,0
81588,0
81589,0
81590,0
81591,0
81592,0
81593,1
81594,0
81595,0
81596,0
81597,0
81598,0
81599,0
81600,0
81601,0
81602,0
81603,0
81604,0
81605,0
81606,0
81607,0
81608,0
81609,0
81610,0
81611,0
81612,0
81613,0
81614,0
81615,0
81616,0
81617,0
81618,0
81619,1
81620,0
81621,0
81622,0
81623,0
81624,0
81625,0
81626,0
81627,1
81628,0
81629,0
81630,0
81631,0
81632,0
81633,0
81634,0
81635,0
81636,0
81637,0
81638,0
81639,0
81640,0
81641,0
81642,0
81643,0
81644,0
81645,1
81646,1
81647,0
81648,0
81649,0
81650,0
81651,0
81652,0
81653,0
81654,0
81655,0
81656,0
81657,0
81658,0
81659,0
81660,0
81661,0
81662,0
81663,0
81664,0
81665,0
81666,0
81667,0
81668,1
81669,0
81670,0
81671,0
81672,0
81673,0
81674,0
81675,0
81676,0
81677,0
81678,0
81679,0
81680,0
81681,0
81682,0
81683,1
81684,0
81685,0
81686,0
81687,0
81688,0
81689,0
81690,0
81691,1
81692,0
81693,1
81694,0
81695,0
81696,0
81697,0
81698,0
81699,0
81700,0
81701,0
81702,0
81703,0
81704,0
81705,0
81706,0
81707,0
81708,0
81709,0
81710,0
81711,1
81712,1
81713,0
81714,0
81715,0
81716,1
81717,0
81718,0
81719,0
81720,0
81721,0
81722,0
81723,0
81724,0
81725,0
81726,0
81727,0
81728,0
81729,0
81730,0
81731,0
81732,0
81733,0
81734,0
81735,0
81736,0
81737,0
81738,0
81739,0
81740,0
81741,0
81742,0
81743,0
81744,0
81745,0
81746,0
81747,1
81748,0
81749,0
81750,0
81751,1
81752,0
81753,0
81754,0
81755,0
81756,0
81757,0
81758,0
81759,0
81760,1
81761,0
81762,0
81763,0
81764,0
81765,0
81766,0
81767,0
81768,0
81769,0
81770,1
81771,0
81772,0
81773,0
81774,1
81775,0
81776,0
81777,0
81778,0
81779,1
81780,0
81781,0
81782,0
81783,0
81784,0
81785,0
81786,0
81787,0
81788,0
81789,0
81790,1
81791,1
81792,0
81793,0
81794,0
81795,0
81796,0
81797,0
81798,0
81799,0
81800,0
81801,0
81802,0
81803,0
81804,0
81805,0
81806,0
81807,0
81808,1
81809,0
81810,0
81811,0
81812,1
81813,0
81814,0
81815,0
81816,0
81817,0
81818,0
81819,0
81820,0
81821,0
81822,1
81823,1
81824,0
81825,0
81826,0
81827,0
81828,0
81829,0
81830,0
81831,1
81832,0
81833,1
81834,0
81835,0
81836,0
81837,0
81838,0
81839,1
81840,1
81841,0
81842,1
81843,0
81844,0
81845,0
81846,0
81847,0
81848,0
81849,1
81850,1
81851,1
81852,0
81853,0
81854,0
81855,0
81856,0
81857,1
81858,1
81859,0
81860,0
81861,1
81862,0
81863,0
81864,0
81865,0
81866,0
81867,0
81868,0
81869,0
81870,0
81871,0
81872,0
81873,0
81874,0
81875,0
81876,0
81877,0
81878,1
81879,0
81880,1
81881,0
81882,0
81883,0
81884,0
81885,0
81886,0
81887,0
81888,0
81889,0
81890,0
81891,0
81892,1
81893,0
81894,0
81895,1
81896,1
81897,0
81898,0
81899,0
81900,0
81901,0
81902,0
81903,0
81904,0
81905,0
81906,0
81907,0
81908,0
81909,0
81910,1
81911,0
81912,0
81913,0
81914,0
81915,0
81916,0
81917,0
81918,0
81919,0
81920,0
81921,0
81922,0
81923,0
81924,0
81925,0
81926,0
81927,1
81928,1
81929,0
81930,0
81931,0
81932,0
81933,0
81934,1
81935,0
81936,0
81937,0
81938,0
81939,1
81940,0
81941,0
81942,0
81943,0
81944,0
81945,0
81946,0
81947,0
81948,0
81949,0
81950,0
81951,0
81952,0
81953,0
81954,0
81955,1
81956,0
81957,0
81958,0
81959,0
81960,0
81961,0
81962,0
81963,0
81964,0
81965,0
81966,0
81967,0
81968,1
81969,0
81970,0
81971,1
81972,0
81973,1
81974,0
81975,0
81976,0
81977,0
81978,0
81979,1
81980,0
81981,0
81982,0
81983,0
81984,0
81985,0
81986,0
81987,0
81988,0
81989,0
81990,0
81991,0
81992,0
81993,0
81994,0
81995,1
81996,0
81997,0
81998,0
81999,1
82000,1
82001,1
82002,0
82003,0
82004,0
82005,0
82006,0
82007,0
82008,0
82009,0
82010,0
82011,0
82012,1
82013,0
82014,1
82015,1
82016,0
82017,0
82018,0
82019,0
82020,0
82021,0
82022,0
82023,0
82024,0
82025,0
82026,0
82027,0
82028,0
82029,0
82030,0
82031,0
82032,0
82033,1
82034,0
82035,1
82036,0
82037,0
82038,0
82039,0
82040,0
82041,0
82042,0
82043,1
82044,0
82045,0
82046,0
82047,0
82048,0
82049,0
82050,0
82051,0
82052,0
82053,0
82054,1
82055,0
82056,0
82057,0
82058,0
82059,0
82060,0
82061,0
82062,0
82063,0
82064,0
82065,0
82066,0
82067,1
82068,0
82069,1
82070,0
82071,0
82072,0
82073,0
82074,0
82075,0
82076,0
82077,0
82078,1
82079,0
82080,0
82081,0
82082,1
82083,0
82084,0
82085,0
82086,0
82087,0
82088,0
82089,0
82090,0
82091,0
82092,0
82093,0
82094,0
82095,0
82096,0
82097,0
82098,0
82099,0
82100,0
82101,0
82102,0
82103,0
82104,1
82105,0
82106,1
82107,0
82108,0
82109,0
82110,0
82111,1
82112,0
82113,0
82114,0
82115,0
82116,0
82117,0
82118,0
82119,0
82120,0
82121,0
82122,0
82123,0
82124,0
82125,0
82126,0
82127,0
82128,0
82129,0
82130,0
82131,0
82132,0
82133,0
82134,0
82135,0
82136,0
82137,0
82138,0
82139,0
82140,0
82141,0
82142,1
82143,0
82144,0
82145,1
82146,0
82147,0
82148,0
82149,0
82150,0
82151,0
82152,0
82153,1
82154,0
82155,0
82156,0
82157,0
82158,0
82159,0
82160,0
82161,0
82162,0
82163,0
82164,0
82165,0
82166,0
82167,0
82168,0
82169,0
82170,0
82171,0
82172,0
82173,0
82174,0
82175,0
82176,0
82177,0
82178,0
82179,0
82180,1
82181,0
82182,0
82183,0
82184,1
82185,0
82186,0
82187,0
82188,0
82189,0
82190,0
82191,0
82192,0
82193,0
82194,0
82195,0
82196,0
82197,1
82198,0
82199,0
82200,0
82201,0
82202,0
82203,0
82204,0
82205,1
82206,0
82207,0
82208,0
82209,0
82210,0
82211,1
82212,0
82213,0
82214,0
82215,0
82216,0
82217,0
82218,0
82219,0
82220,1
82221,0
82222,0
82223,0
82224,0
82225,0
82226,1
82227,0
82228,1
82229,0
82230,0
82231,0
82232,1
82233,0
82234,0
82235,0
82236,0
82237,0
82238,0
82239,0
82240,0
82241,0
82242,0
82243,0
82244,0
82245,0
82246,0
82247,0
82248,0
82249,0
82250,0
82251,0
82252,0
82253,0
82254,0
82255,0
82256,0
82257,0
82258,0
82259,0
82260,1
82261,1
82262,1
82263,0
82264,0
82265,0
82266,0
82267,0
82268,0
82269,1
82270,0
82271,0
82272,0
82273,0
82274,0
82275,0
82276,0
82277,0
82278,0
82279,0
82280,0
82281,0
82282,1
82283,1
82284,0
82285,0
82286,0
82287,0
82288,0
82289,0
82290,0
82291,0
82292,0
82293,0
82294,0
82295,1
82296,0
82297,0
82298,0
82299,0
82300,0
82301,0
82302,0
82303,0
82304,0
82305,0
82306,0
82307,0
82308,1
82309,0
82310,0
82311,0
82312,0
82313,0
82314,0
82315,0
82316,0
82317,0
82318,0
82319,0
82320,0
82321,0
82322,0
82323,0
82324,1
82325,0
82326,0
82327,0
82328,1
82329,0
82330,0
82331,0
82332,0
82333,0
82334,0
82335,1
82336,0
82337,0
82338,0
82339,0
82340,0
82341,0
82342,0
82343,0
82344,0
82345,0
82346,0
82347,0
82348,0
82349,0
82350,0
82351,1
82352,0
82353,0
82354,0
82355,0
82356,0
82357,0
82358,0
82359,0
82360,0
82361,0
82362,1
82363,0
82364,0
82365,1
82366,0
82367,0
82368,0
82369,0
82370,1
82371,0
82372,0
82373,0
82374,0
82375,0
82376,0
82377,0
82378,1
82379,0
82380,0
82381,0
82382,0
82383,0
82384,0
82385,0
82386,1
82387,0
82388,0
82389,1
82390,0
82391,0
82392,0
82393,0
82394,0
82395,0
82396,0
82397,0
82398,0
82399,0
82400,0
82401,0
82402,0
82403,0
82404,0
82405,0
82406,0
82407,1
82408,0
82409,0
82410,0
82411,0
82412,0
82413,0
82414,0
82415,0
82416,1
82417,0
82418,0
82419,0
82420,1
82421,0
82422,0
82423,0
82424,1
82425,1
82426,0
82427,0
82428,0
82429,0
82430,1
82431,0
82432,1
82433,0
82434,0
82435,0
82436,0
82437,0
82438,0
82439,0
82440,0
82441,0
82442,0
82443,0
82444,0
82445,0
82446,1
82447,0
82448,1
82449,0
82450,0
82451,1
82452,0
82453,1
82454,0
82455,0
82456,1
82457,0
82458,0
82459,0
82460,0
82461,0
82462,0
82463,1
82464,0
82465,0
82466,0
82467,1
82468,0
82469,0
82470,0
82471,0
82472,0
82473,1
82474,1
82475,0
82476,0
82477,0
82478,0
82479,0
82480,1
82481,0
82482,0
82483,0
82484,0
82485,1
82486,0
82487,0
82488,0
82489,1
82490,0
82491,0
82492,0
82493,1
82494,0
82495,0
82496,0
82497,0
82498,0
82499,1
82500,0
82501,0
82502,1
82503,0
82504,0
82505,0
82506,0
82507,0
82508,0
82509,0
82510,0
82511,0
82512,0
82513,0
82514,0
82515,0
82516,0
82517,1
82518,0
82519,0
82520,0
82521,0
82522,0
82523,0
82524,1
82525,0
82526,0
82527,0
82528,0
82529,0
82530,0
82531,0
82532,0
82533,0
82534,0
82535,0
82536,0
82537,0
82538,0
82539,0
82540,0
82541,0
82542,0
82543,0
82544,0
82545,0
82546,0
82547,1
82548,0
82549,0
82550,0
82551,0
82552,0
82553,0
82554,1
82555,0
82556,0
82557,1
82558,0
82559,1
82560,0
82561,0
82562,0
82563,0
82564,0
82565,1
82566,0
82567,0
82568,0
82569,0
82570,0
82571,1
82572,0
82573,0
82574,1
82575,0
82576,0
82577,0
82578,0
82579,0
82580,0
82581,0
82582,0
82583,0
82584,0
82585,0
82586,0
82587,0
82588,0
82589,0
82590,0
82591,0
82592,0
82593,0
82594,0
82595,1
82596,0
82597,0
82598,0
82599,0
82600,0
82601,0
82602,0
82603,0
82604,1
82605,0
82606,0
82607,0
82608,0
82609,0
82610,0
82611,0
82612,0
82613,0
82614,0
82615,1
82616,0
82617,1
82618,1
82619,0
82620,0
82621,0
82622,0
82623,0
82624,0
82625,0
82626,0
82627,0
82628,0
82629,1
82630,1
82631,0
82632,0
82633,0
82634,0
82635,0
82636,0
82637,1
82638,0
82639,0
82640,0
82641,0
82642,0
82643,0
82644,0
82645,0
82646,0
82647,0
82648,0
82649,0
82650,0
82651,0
82652,0
82653,0
82654,0
82655,0
82656,0
82657,0
82658,0
82659,0
82660,0
82661,0
82662,0
82663,0
82664,0
82665,0
82666,0
82667,0
82668,0
82669,0
82670,0
82671,0
82672,0
82673,0
82674,1
82675,0
82676,0
82677,0
82678,0
82679,1
82680,0
82681,0
82682,0
82683,0
82684,0
82685,0
82686,0
82687,0
82688,0
82689,0
82690,0
82691,1
82692,0
82693,0
82694,0
82695,0
82696,0
82697,0
82698,0
82699,0
82700,0
82701,1
82702,0
82703,1
82704,0
82705,0
82706,1
82707,0
82708,0
82709,0
82710,0
82711,0
82712,0
82713,0
82714,0
82715,0
82716,1
82717,0
82718,0
82719,0
82720,0
82721,1
82722,0
82723,0
82724,0
82725,0
82726,0
82727,0
82728,0
82729,0
82730,1
82731,0
82732,0
82733,0
82734,0
82735,0
82736,0
82737,0
82738,0
82739,1
82740,0
82741,0
82742,0
82743,0
82744,0
82745,0
82746,0
82747,1
82748,0
82749,0
82750,0
82751,0
82752,0
82753,0
82754,1
82755,0
82756,0
82757,0
82758,0
82759,0
82760,0
82761,0
82762,0
82763,0
82764,0
82765,0
82766,0
82767,0
82768,1
82769,0
82770,0
82771,0
82772,0
82773,0
82774,0
82775,0
82776,1
82777,0
82778,0
82779,0
82780,0
82781,0
82782,0
82783,0
82784,0
82785,0
82786,0
82787,0
82788,0
82789,0
82790,0
82791,0
82792,0
82793,0
82794,0
82795,0
82796,0
82797,1
82798,0
82799,0
82800,1
82801,0
82802,0
82803,1
82804,0
82805,0
82806,0
82807,0
82808,0
82809,0
82810,1
82811,0
82812,0
82813,0
82814,1
82815,0
82816,0
82817,0
82818,1
82819,0
82820,0
82821,0
82822,0
82823,1
82824,0
82825,0
82826,0
82827,0
82828,0
82829,0
82830,0
82831,0
82832,0
82833,0
82834,0
82835,1
82836,0
82837,0
82838,0
82839,0
82840,0
82841,0
82842,0
82843,0
82844,0
82845,0
82846,0
82847,1
82848,0
82849,0
82850,0
82851,1
82852,0
82853,0
82854,1
82855,0
82856,0
82857,0
82858,0
82859,0
82860,0
82861,1
82862,1
82863,0
82864,0
82865,0
82866,0
82867,0
82868,0
82869,0
82870,0
82871,0
82872,0
82873,1
82874,0
82875,0
82876,0
82877,0
82878,0
82879,0
82880,0
82881,0
82882,0
82883,0
82884,0
82885,0
82886,1
82887,0
82888,0
82889,1
82890,0
82891,0
82892,0
82893,0
82894,0
82895,0
82896,0
82897,0
82898,0
82899,0
82900,0
82901,0
82902,0
82903,0
82904,0
82905,0
82906,0
82907,0
82908,0
82909,0
82910,0
82911,0
82912,0
82913,0
82914,0
82915,0
82916,1
82917,0
82918,0
82919,0
82920,1
82921,1
82922,0
82923,0
82924,0
82925,0
82926,0
82927,0
82928,0
82929,0
82930,0
82931,0
82932,0
82933,0
82934,0
82935,0
82936,0
82937,0
82938,0
82939,0
82940,1
82941,0
82942,0
82943,1
82944,0
82945,0
82946,0
82947,1
82948,0
82949,0
82950,0
82951,0
82952,0
82953,0
82954,0
82955,0
82956,0
82957,0
82958,0
82959,0
82960,0
82961,0
82962,0
82963,0
82964,0
82965,0
82966,0
82967,0
82968,0
82969,0
82970,0
82971,0
82972,0
82973,0
82974,0
82975,0
82976,0
82977,1
82978,0
82979,0
82980,0
82981,0
82982,0
82983,0
82984,0
82985,1
82986,0
82987,0
82988,0
82989,0
82990,0
82991,0
82992,1
82993,0
82994,0
82995,0
82996,0
82997,0
82998,0
82999,0
83000,1
83001,0
83002,0
83003,0
83004,1
83005,0
83006,0
83007,0
83008,1
83009,0
83010,0
83011,0
83012,0
83013,0
83014,0
83015,0
83016,1
83017,0
83018,0
83019,0
83020,0
83021,0
83022,0
83023,0
83024,0
83025,0
83026,0
83027,0
83028,0
83029,0
83030,0
83031,0
83032,0
83033,0
83034,0
83035,1
83036,0
83037,0
83038,0
83039,1
83040,0
83041,0
83042,0
83043,1
83044,0
83045,1
83046,0
83047,0
83048,0
83049,0
83050,0
83051,0
83052,0
83053,0
83054,0
83055,0
83056,0
83057,0
83058,0
83059,1
83060,0
83061,0
83062,0
83063,0
83064,0
83065,0
83066,0
83067,0
83068,0
83069,0
83070,0
83071,0
83072,0
83073,0
83074,0
83075,0
83076,1
83077,1
83078,0
83079,0
83080,0
83081,1
83082,0
83083,0
83084,1
83085,0
83086,0
83087,0
83088,0
83089,0
83090,0
83091,0
83092,0
83093,1
83094,0
83095,0
83096,0
83097,0
83098,0
83099,0
83100,0
83101,0
83102,0
83103,0
83104,0
83105,0
83106,0
83107,0
83108,0
83109,0
83110,0
83111,0
83112,0
83113,0
83114,1
83115,0
83116,0
83117,0
83118,0
83119,0
83120,0
83121,0
83122,0
83123,0
83124,0
83125,0
83126,0
83127,1
83128,0
83129,0
83130,0
83131,0
83132,0
83133,0
83134,0
83135,0
83136,0
83137,1
83138,0
83139,0
83140,0
83141,1
83142,0
83143,1
83144,0
83145,0
83146,0
83147,0
83148,0
83149,0
83150,0
83151,0
83152,0
83153,0
83154,0
83155,0
83156,0
83157,0
83158,0
83159,0
83160,0
83161,0
83162,0
83163,0
83164,0
83165,0
83166,0
83167,0
83168,0
83169,0
83170,0
83171,0
83172,0
83173,0
83174,0
83175,0
83176,0
83177,1
83178,0
83179,0
83180,0
83181,0
83182,0
83183,0
83184,0
83185,1
83186,0
83187,0
83188,0
83189,0
83190,0
83191,1
83192,0
83193,0
83194,0
83195,0
83196,0
83197,0
83198,0
83199,0
83200,1
83201,0
83202,0
83203,0
83204,0
83205,0
83206,0
83207,0
83208,0
83209,0
83210,0
83211,0
83212,0
83213,0
83214,1
83215,0
83216,1
83217,0
83218,0
83219,1
83220,0
83221,0
83222,0
83223,0
83224,0
83225,0
83226,0
83227,0
83228,0
83229,0
83230,0
83231,1
83232,0
83233,0
83234,0
83235,0
83236,0
83237,0
83238,0
83239,1
83240,0
83241,0
83242,0
83243,0
83244,0
83245,0
83246,1
83247,0
83248,0
83249,0
83250,1
83251,0
83252,0
83253,0
83254,0
83255,0
83256,0
83257,0
83258,0
83259,0
83260,0
83261,0
83262,0
83263,0
83264,0
83265,0
83266,1
83267,1
83268,1
83269,0
83270,0
83271,0
83272,1
83273,0
83274,0
83275,0
83276,1
83277,0
83278,0
83279,0
83280,0
83281,0
83282,0
83283,0
83284,0
83285,0
83286,0
83287,0
83288,0
83289,0
83290,1
83291,0
83292,1
83293,0
83294,0
83295,0
83296,0
83297,0
83298,0
83299,0
83300,0
83301,0
83302,0
83303,0
83304,0
83305,0
83306,0
83307,0
83308,0
83309,0
83310,0
83311,0
83312,0
83313,0
83314,0
83315,0
83316,0
83317,0
83318,0
83319,0
83320,0
83321,0
83322,0
83323,0
83324,0
83325,0
83326,0
83327,0
83328,0
83329,0
83330,0
83331,0
83332,0
83333,0
83334,0
83335,1
83336,0
83337,0
83338,0
83339,0
83340,0
83341,0
83342,0
83343,0
83344,1
83345,0
83346,0
83347,0
83348,1
83349,1
83350,0
83351,0
83352,0
83353,0
83354,0
83355,0
83356,0
83357,0
83358,0
83359,1
83360,0
83361,0
83362,0
83363,0
83364,0
83365,1
83366,1
83367,0
83368,0
83369,0
83370,0
83371,0
83372,0
83373,0
83374,0
83375,0
83376,0
83377,0
83378,0
83379,0
83380,0
83381,1
83382,0
83383,1
83384,0
83385,0
83386,0
83387,0
83388,0
83389,0
83390,0
83391,0
83392,0
83393,0
83394,0
83395,1
83396,0
83397,0
83398,0
83399,0
83400,0
83401,1
83402,0
83403,0
83404,0
83405,0
83406,1
83407,0
83408,0
83409,0
83410,0
83411,0
83412,1
83413,0
83414,0
83415,0
83416,0
83417,0
83418,0
83419,0
83420,0
83421,0
83422,0
83423,0
83424,0
83425,0
83426,1
83427,0
83428,0
83429,0
83430,0
83431,0
83432,0
83433,0
83434,0
83435,0
83436,0
83437,0
83438,0
83439,0
83440,0
83441,0
83442,1
83443,0
83444,1
83445,0
83446,1
83447,1
83448,0
83449,0
83450,0
83451,0
83452,0
83453,0
83454,0
83455,0
83456,1
83457,0
83458,0
83459,0
83460,0
83461,0
83462,0
83463,0
83464,0
83465,0
83466,1
83467,0
83468,0
83469,0
83470,0
83471,0
83472,0
83473,1
83474,0
83475,0
83476,1
83477,0
83478,0
83479,0
83480,0
83481,0
83482,0
83483,0
83484,0
83485,0
83486,0
83487,0
83488,0
83489,0
83490,0
83491,0
83492,0
83493,0
83494,0
83495,0
83496,0
83497,0
83498,0
83499,0
83500,0
83501,0
83502,0
83503,0
83504,0
83505,0
83506,0
83507,0
83508,0
83509,0
83510,0
83511,0
83512,0
83513,0
83514,0
83515,0
83516,0
83517,0
83518,0
83519,1
83520,0
83521,0
83522,0
83523,0
83524,1
83525,0
83526,1
83527,1
83528,0
83529,0
83530,0
83531,1
83532,0
83533,0
83534,0
83535,0
83536,0
83537,0
83538,0
83539,0
83540,0
83541,0
83542,0
83543,0
83544,0
83545,0
83546,0
83547,0
83548,0
83549,0
83550,1
83551,0
83552,0
83553,0
83554,0
83555,1
83556,0
83557,0
83558,0
83559,1
83560,0
83561,0
83562,0
83563,0
83564,1
83565,0
83566,0
83567,0
83568,0
83569,0
83570,1
83571,0
83572,1
83573,1
83574,0
83575,0
83576,0
83577,0
83578,0
83579,0
83580,0
83581,0
83582,0
83583,0
83584,0
83585,0
83586,1
83587,0
83588,0
83589,0
83590,0
83591,0
83592,0
83593,0
83594,0
83595,0
83596,0
83597,0
83598,0
83599,0
83600,0
83601,0
83602,0
83603,1
83604,0
83605,0
83606,0
83607,0
83608,0
83609,0
83610,0
83611,0
83612,0
83613,0
83614,0
83615,0
83616,0
83617,0
83618,0
83619,0
83620,1
83621,0
83622,0
83623,1
83624,1
83625,0
83626,1
83627,0
83628,1
83629,0
83630,0
83631,0
83632,1
83633,0
83634,0
83635,0
83636,0
83637,0
83638,0
83639,0
83640,0
83641,0
83642,0
83643,0
83644,0
83645,0
83646,0
83647,0
83648,0
83649,0
83650,0
83651,0
83652,0
83653,0
83654,0
83655,0
83656,1
83657,0
83658,0
83659,0
83660,0
83661,0
83662,0
83663,0
83664,0
83665,0
83666,1
83667,0
83668,0
83669,0
83670,0
83671,0
83672,0
83673,0
83674,0
83675,0
83676,1
83677,0
83678,0
83679,0
83680,0
83681,1
83682,0
83683,0
83684,0
83685,0
83686,0
83687,0
83688,0
83689,0
83690,0
83691,0
83692,0
83693,1
83694,0
83695,0
83696,0
83697,0
83698,0
83699,0
83700,0
83701,0
83702,1
83703,0
83704,0
83705,0
83706,0
83707,0
83708,1
83709,0
83710,0
83711,0
83712,0
83713,0
83714,0
83715,0
83716,1
83717,0
83718,0
83719,0
83720,0
83721,0
83722,0
83723,0
83724,0
83725,0
83726,1
83727,0
83728,1
83729,0
83730,0
83731,0
83732,0
83733,0
83734,0
83735,0
83736,0
83737,0
83738,0
83739,0
83740,0
83741,0
83742,0
83743,0
83744,1
83745,1
83746,0
83747,0
83748,0
83749,0
83750,0
83751,0
83752,0
83753,0
83754,0
83755,0
83756,1
83757,1
83758,0
83759,0
83760,0
83761,0
83762,0
83763,0
83764,0
83765,1
83766,0
83767,1
83768,0
83769,0
83770,0
83771,0
83772,0
83773,1
83774,0
83775,0
83776,0
83777,0
83778,0
83779,1
83780,0
83781,0
83782,0
83783,1
83784,0
83785,1
83786,1
83787,0
83788,0
83789,0
83790,0
83791,0
83792,0
83793,0
83794,0
83795,0
83796,0
83797,0
83798,1
83799,0
83800,1
83801,0
83802,0
83803,0
83804,0
83805,0
83806,0
83807,0
83808,0
83809,0
83810,0
83811,0
83812,0
83813,0
83814,0
83815,0
83816,0
83817,0
83818,0
83819,0
83820,0
83821,0
83822,0
83823,0
83824,0
83825,1
83826,0
83827,0
83828,0
83829,0
83830,1
83831,0
83832,0
83833,0
83834,0
83835,0
83836,1
83837,0
83838,0
83839,0
83840,1
83841,0
83842,0
83843,0
83844,0
83845,0
83846,0
83847,0
83848,0
83849,1
83850,0
83851,0
83852,0
83853,0
83854,0
83855,0
83856,0
83857,0
83858,0
83859,0
83860,0
83861,0
83862,0
83863,1
83864,0
83865,0
83866,0
83867,0
83868,0
83869,0
83870,0
83871,0
83872,0
83873,0
83874,0
83875,0
83876,0
83877,0
83878,0
83879,0
83880,0
83881,0
83882,0
83883,0
83884,0
83885,0
83886,0
83887,1
83888,0
83889,0
83890,0
83891,0
83892,1
83893,0
83894,0
83895,0
83896,0
83897,0
83898,1
83899,0
83900,0
83901,0
83902,0
83903,0
83904,0
83905,1
83906,0
83907,0
83908,0
83909,0
83910,0
83911,1
83912,0
83913,0
83914,1
83915,1
83916,0
83917,0
83918,1
83919,0
83920,0
83921,0
83922,0
83923,0
83924,1
83925,0
83926,0
83927,1
83928,0
83929,0
83930,1
83931,0
83932,0
83933,0
83934,0
83935,0
83936,0
83937,0
83938,0
83939,1
83940,0
83941,0
83942,0
83943,0
83944,1
83945,0
83946,1
83947,0
83948,1
83949,0
83950,0
83951,0
83952,0
83953,0
83954,0
83955,0
83956,0
83957,0
83958,0
83959,1
83960,0
83961,0
83962,0
83963,0
83964,0
83965,0
83966,0
83967,0
83968,0
83969,0
83970,1
83971,0
83972,0
83973,0
83974,0
83975,0
83976,0
83977,1
83978,0
83979,0
83980,0
83981,0
83982,0
83983,0
83984,0
83985,0
83986,0
83987,0
83988,0
83989,0
83990,0
83991,0
83992,0
83993,0
83994,0
83995,0
83996,0
83997,0
83998,0
83999,1
84000,1
84001,0
84002,0
84003,0
84004,0
84005,0
84006,0
84007,0
84008,0
84009,0
84010,1
84011,0
84012,1
84013,0
84014,0
84015,0
84016,0
84017,0
84018,1
84019,0
84020,0
84021,0
84022,0
84023,0
84024,0
84025,1
84026,0
84027,0
84028,0
84029,0
84030,0
84031,0
84032,0
84033,0
84034,0
84035,0
84036,0
84037,0
84038,0
84039,0
84040,0
84041,0
84042,1
84043,0
84044,1
84045,1
84046,1
84047,0
84048,0
84049,0
84050,0
84051,0
84052,0
84053,0
84054,0
84055,0
84056,0
84057,1
84058,0
84059,0
84060,0
84061,0
84062,1
84063,0
84064,1
84065,0
84066,0
84067,0
84068,0
84069,0
84070,1
84071,0
84072,0
84073,0
84074,0
84075,0
84076,0
84077,0
84078,0
84079,0
84080,0
84081,0
84082,1
84083,0
84084,0
84085,0
84086,0
84087,0
84088,0
84089,0
84090,0
84091,1
84092,0
84093,0
84094,0
84095,0
84096,0
84097,0
84098,0
84099,0
84100,0
84101,1
84102,0
84103,0
84104,0
84105,1
84106,0
84107,0
84108,0
84109,0
84110,0
84111,0
84112,0
84113,0
84114,0
84115,0
84116,0
84117,0
84118,1
84119,0
84120,0
84121,0
84122,0
84123,0
84124,0
84125,0
84126,0
84127,0
84128,0
84129,0
84130,0
84131,0
84132,0
84133,1
84134,0
84135,0
84136,0
84137,0
84138,0
84139,0
84140,0
84141,0
84142,0
84143,0
84144,0
84145,0
84146,0
84147,0
84148,1
84149,0
84150,0
84151,0
84152,0
84153,0
84154,0
84155,0
84156,0
84157,0
84158,0
84159,0
84160,0
84161,0
84162,1
84163,0
84164,0
84165,0
84166,1
84167,0
84168,1
84169,0
84170,0
84171,0
84172,0
84173,0
84174,1
84175,0
84176,0
84177,1
84178,0
84179,0
84180,0
84181,0
84182,0
84183,1
84184,0
84185,0
84186,0
84187,1
84188,0
84189,0
84190,0
84191,1
84192,0
84193,0
84194,1
84195,0
84196,0
84197,1
84198,0
84199,0
84200,0
84201,1
84202,0
84203,0
84204,0
84205,0
84206,0
84207,0
84208,0
84209,0
84210,0
84211,0
84212,0
84213,0
84214,0
84215,0
84216,0
84217,0
84218,0
84219,1
84220,0
84221,0
84222,1
84223,1
84224,0
84225,0
84226,0
84227,0
84228,0
84229,0
84230,0
84231,1
84232,0
84233,0
84234,1
84235,0
84236,0
84237,0
84238,0
84239,0
84240,1
84241,1
84242,0
84243,0
84244,1
84245,0
84246,0
84247,0
84248,1
84249,1
84250,0
84251,0
84252,0
84253,0
84254,0
84255,0
84256,0
84257,0
84258,1
84259,0
84260,0
84261,0
84262,0
84263,1
84264,0
84265,1
84266,0
84267,0
84268,1
84269,0
84270,1
84271,0
84272,0
84273,0
84274,0
84275,0
84276,0
84277,0
84278,0
84279,0
84280,1
84281,0
84282,0
84283,0
84284,0
84285,0
84286,0
84287,0
84288,0
84289,0
84290,0
84291,0
84292,0
84293,0
84294,0
84295,0
84296,0
84297,0
84298,1
84299,0
84300,0
84301,0
84302,0
84303,0
84304,0
84305,0
84306,1
84307,0
84308,0
84309,0
84310,0
84311,0
84312,0
84313,0
84314,0
84315,0
84316,0
84317,0
84318,0
84319,0
84320,0
84321,1
84322,0
84323,0
84324,0
84325,0
84326,0
84327,0
84328,0
84329,0
84330,0
84331,0
84332,0
84333,0
84334,0
84335,0
84336,0
84337,0
84338,0
84339,0
84340,0
84341,0
84342,0
84343,0
84344,0
84345,0
84346,0
84347,0
84348,0
84349,0
84350,0
84351,0
84352,0
84353,1
84354,0
84355,1
84356,0
84357,0
84358,0
84359,0
84360,0
84361,0
84362,0
84363,0
84364,0
84365,0
84366,1
84367,1
84368,0
84369,0
84370,0
84371,0
84372,0
84373,0
84374,0
84375,0
84376,0
84377,1
84378,1
84379,0
84380,0
84381,0
84382,0
84383,0
84384,0
84385,0
84386,0
84387,0
84388,0
84389,0
84390,0
84391,0
84392,0
84393,0
84394,0
84395,0
84396,0
84397,0
84398,0
84399,0
84400,0
84401,0
84402,0
84403,0
84404,0
84405,0
84406,0
84407,0
84408,0
84409,0
84410,0
84411,1
84412,0
84413,1
84414,0
84415,0
84416,0
84417,0
84418,0
84419,0
84420,0
84421,1
84422,0
84423,0
84424,0
84425,0
84426,0
84427,0
84428,0
84429,0
84430,0
84431,0
84432,0
84433,0
84434,0
84435,1
84436,0
84437,0
84438,0
84439,0
84440,0
84441,0
84442,0
84443,0
84444,1
84445,0
84446,0
84447,0
84448,0
84449,0
84450,1
84451,0
84452,0
84453,0
84454,0
84455,0
84456,0
84457,0
84458,0
84459,0
84460,0
84461,1
84462,0
84463,0
84464,0
84465,0
84466,0
84467,0
84468,0
84469,0
84470,0
84471,0
84472,0
84473,0
84474,0
84475,0
84476,1
84477,1
84478,0
84479,0
84480,0
84481,0
84482,0
84483,1
84484,0
84485,0
84486,0
84487,0
84488,0
84489,0
84490,0
84491,0
84492,0
84493,0
84494,1
84495,1
84496,0
84497,0
84498,0
84499,0
84500,0
84501,0
84502,0
84503,0
84504,0
84505,1
84506,0
84507,1
84508,0
84509,1
84510,0
84511,0
84512,0
84513,0
84514,0
84515,0
84516,0
84517,0
84518,0
84519,0
84520,0
84521,0
84522,0
84523,0
84524,0
84525,0
84526,0
84527,0
84528,0
84529,0
84530,0
84531,0
84532,0
84533,0
84534,0
84535,1
84536,0
84537,0
84538,0
84539,0
84540,0
84541,0
84542,0
84543,0
84544,0
84545,0
84546,0
84547,1
84548,0
84549,0
84550,0
84551,0
84552,0
84553,0
84554,0
84555,0
84556,0
84557,0
84558,0
84559,0
84560,0
84561,0
84562,0
84563,0
84564,0
84565,0
84566,0
84567,0
84568,0
84569,0
84570,1
84571,0
84572,0
84573,0
84574,0
84575,1
84576,0
84577,0
84578,1
84579,0
84580,0
84581,0
84582,0
84583,0
84584,0
84585,0
84586,0
84587,0
84588,0
84589,0
84590,0
84591,0
84592,0
84593,0
84594,0
84595,0
84596,0
84597,0
84598,0
84599,0
84600,0
84601,0
84602,0
84603,0
84604,0
84605,0
84606,0
84607,0
84608,0
84609,0
84610,0
84611,0
84612,0
84613,0
84614,0
84615,1
84616,0
84617,0
84618,0
84619,0
84620,0
84621,0
84622,0
84623,1
84624,1
84625,0
84626,0
84627,0
84628,0
84629,0
84630,0
84631,0
84632,0
84633,0
84634,1
84635,0
84636,0
84637,0
84638,0
84639,0
84640,0
84641,0
84642,0
84643,0
84644,0
84645,1
84646,0
84647,0
84648,0
84649,0
84650,0
84651,1
84652,1
84653,1
84654,0
84655,0
84656,0
84657,0
84658,0
84659,0
84660,0
84661,0
84662,0
84663,0
84664,0
84665,0
84666,0
84667,0
84668,0
84669,0
84670,0
84671,0
84672,0
84673,0
84674,0
84675,0
84676,0
84677,0
84678,0
84679,0
84680,0
84681,0
84682,0
84683,0
84684,0
84685,0
84686,0
84687,0
84688,0
84689,0
84690,0
84691,0
84692,0
84693,0
84694,1
84695,0
84696,1
84697,0
84698,1
84699,0
84700,1
84701,0
84702,0
84703,0
84704,0
84705,0
84706,0
84707,0
84708,0
84709,0
84710,0
84711,0
84712,0
84713,0
84714,0
84715,0
84716,1
84717,0
84718,0
84719,0
84720,0
84721,0
84722,0
84723,0
84724,0
84725,1
84726,0
84727,0
84728,0
84729,0
84730,0
84731,1
84732,0
84733,1
84734,0
84735,0
84736,0
84737,0
84738,0
84739,0
84740,0
84741,0
84742,0
84743,0
84744,0
84745,0
84746,1
84747,0
84748,0
84749,0
84750,0
84751,0
84752,0
84753,0
84754,0
84755,0
84756,0
84757,0
84758,0
84759,0
84760,0
84761,0
84762,0
84763,1
84764,1
84765,0
84766,0
84767,0
84768,0
84769,0
84770,0
84771,0
84772,0
84773,0
84774,0
84775,0
84776,0
84777,1
84778,0
84779,0
84780,0
84781,0
84782,0
84783,0
84784,0
84785,0
84786,0
84787,0
84788,0
84789,0
84790,0
84791,0
84792,0
84793,0
84794,0
84795,0
84796,0
84797,1
84798,0
84799,0
84800,0
84801,0
84802,0
84803,0
84804,0
84805,0
84806,0
84807,0
84808,0
84809,0
84810,0
84811,0
84812,0
84813,0
84814,0
84815,0
84816,0
84817,0
84818,0
84819,0
84820,0
84821,0
84822,0
84823,1
84824,1
84825,1
84826,0
84827,0
84828,0
84829,0
84830,0
84831,0
84832,1
84833,0
84834,0
84835,0
84836,0
84837,0
84838,0
84839,0
84840,0
84841,0
84842,0
84843,0
84844,0
84845,0
84846,0
84847,0
84848,0
84849,0
84850,0
84851,0
84852,0
84853,0
84854,0
84855,0
84856,1
84857,0
84858,0
84859,0
84860,0
84861,0
84862,0
84863,0
84864,0
84865,0
84866,0
84867,0
84868,0
84869,0
84870,0
84871,0
84872,0
84873,1
84874,0
84875,0
84876,0
84877,1
84878,1
84879,0
84880,0
84881,0
84882,0
84883,0
84884,0
84885,0
84886,0
84887,0
84888,0
84889,0
84890,0
84891,0
84892,0
84893,0
84894,0
84895,0
84896,0
84897,0
84898,0
84899,1
84900,0
84901,0
84902,0
84903,0
84904,0
84905,0
84906,0
84907,1
84908,0
84909,0
84910,0
84911,0
84912,0
84913,1
84914,0
84915,0
84916,0
84917,1
84918,0
84919,0
84920,0
84921,1
84922,0
84923,0
84924,0
84925,0
84926,1
84927,0
84928,0
84929,0
84930,1
84931,0
84932,0
84933,0
84934,0
84935,0
84936,0
84937,0
84938,0
84939,0
84940,0
84941,1
84942,0
84943,0
84944,0
84945,0
84946,0
84947,0
84948,0
84949,0
84950,0
84951,0
84952,0
84953,0
84954,0
84955,0
84956,1
84957,0
84958,0
84959,0
84960,0
84961,0
84962,0
84963,0
84964,0
84965,0
84966,0
84967,0
84968,0
84969,0
84970,0
84971,0
84972,0
84973,0
84974,0
84975,0
84976,1
84977,0
84978,1
84979,0
84980,1
84981,0
84982,0
84983,0
84984,0
84985,1
84986,0
84987,0
84988,1
84989,0
84990,0
84991,0
84992,0
84993,0
84994,0
84995,0
84996,0
84997,0
84998,0
84999,0
85000,0
85001,0
85002,0
85003,1
85004,0
85005,0
85006,0
85007,0
85008,0
85009,0
85010,0
85011,0
85012,0
85013,0
85014,0
85015,0
85016,0
85017,0
85018,0
85019,0
85020,0
85021,0
85022,0
85023,0
85024,0
85025,0
85026,0
85027,0
85028,0
85029,0
85030,0
85031,1
85032,0
85033,0
85034,0
85035,0
85036,0
85037,0
85038,0
85039,0
85040,0
85041,1
85042,0
85043,0
85044,0
85045,0
85046,1
85047,0
85048,0
85049,0
85050,0
85051,0
85052,0
85053,0
85054,0
85055,0
85056,0
85057,0
85058,0
85059,0
85060,0
85061,0
85062,0
85063,0
85064,0
85065,0
85066,0
85067,0
85068,0
85069,0
85070,0
85071,0
85072,0
85073,0
85074,0
85075,1
85076,0
85077,0
85078,0
85079,1
85080,0
85081,0
85082,0
85083,0
85084,0
85085,0
85086,0
85087,0
85088,0
85089,1
85090,0
85091,0
85092,0
85093,0
85094,0
85095,0
85096,0
85097,0
85098,0
85099,0
85100,0
85101,0
85102,0
85103,1
85104,0
85105,0
85106,0
85107,0
85108,0
85109,0
85110,0
85111,0
85112,1
85113,0
85114,1
85115,0
85116,0
85117,0
85118,0
85119,0
85120,0
85121,0
85122,0
85123,1
85124,0
85125,1
85126,0
85127,0
85128,0
85129,0
85130,0
85131,0
85132,0
85133,0
85134,0
85135,0
85136,1
85137,0
85138,0
85139,0
85140,0
85141,0
85142,0
85143,0
85144,0
85145,0
85146,1
85147,0
85148,0
85149,0
85150,1
85151,0
85152,0
85153,0
85154,0
85155,0
85156,0
85157,0
85158,0
85159,1
85160,0
85161,0
85162,0
85163,1
85164,0
85165,0
85166,0
85167,0
85168,0
85169,0
85170,0
85171,0
85172,0
85173,0
85174,0
85175,0
85176,0
85177,0
85178,0
85179,0
85180,0
85181,0
85182,0
85183,1
85184,0
85185,0
85186,0
85187,0
85188,0
85189,1
85190,0
85191,0
85192,0
85193,0
85194,0
85195,0
85196,0
85197,0
85198,0
85199,0
85200,0
85201,0
85202,0
85203,0
85204,1
85205,0
85206,0
85207,0
85208,0
85209,0
85210,1
85211,0
85212,0
85213,0
85214,0
85215,0
85216,0
85217,0
85218,1
85219,0
85220,0
85221,0
85222,0
85223,0
85224,0
85225,0
85226,1
85227,0
85228,0
85229,0
85230,0
85231,0
85232,0
85233,0
85234,0
85235,0
85236,0
85237,0
85238,0
85239,0
85240,0
85241,0
85242,1
85243,0
85244,0
85245,0
85246,1
85247,0
85248,1
85249,0
85250,0
85251,0
85252,0
85253,0
85254,0
85255,0
85256,0
85257,0
85258,0
85259,0
85260,0
85261,0
85262,0
85263,1
85264,0
85265,0
85266,0
85267,0
85268,0
85269,0
85270,0
85271,0
85272,0
85273,0
85274,0
85275,0
85276,0
85277,1
85278,0
85279,0
85280,0
85281,0
85282,0
85283,0
85284,0
85285,0
85286,1
85287,0
85288,0
85289,0
85290,1
85291,0
85292,0
85293,0
85294,0
85295,0
85296,0
85297,0
85298,0
85299,0
85300,0
85301,0
85302,0
85303,0
85304,0
85305,0
85306,0
85307,0
85308,1
85309,0
85310,0
85311,0
85312,0
85313,0
85314,0
85315,0
85316,0
85317,0
85318,0
85319,1
85320,0
85321,0
85322,0
85323,0
85324,0
85325,1
85326,0
85327,0
85328,0
85329,0
85330,0
85331,0
85332,0
85333,0
85334,0
85335,0
85336,0
85337,0
85338,0
85339,0
85340,0
85341,0
85342,0
85343,0
85344,0
85345,0
85346,0
85347,0
85348,0
85349,0
85350,0
85351,0
85352,0
85353,0
85354,0
85355,0
85356,0
85357,0
85358,0
85359,1
85360,1
85361,0
85362,0
85363,0
85364,0
85365,0
85366,0
85367,0
85368,1
85369,0
85370,0
85371,0
85372,1
85373,0
85374,1
85375,0
85376,0
85377,0
85378,1
85379,1
85380,0
85381,0
85382,0
85383,0
85384,0
85385,1
85386,0
85387,0
85388,0
85389,1
85390,1
85391,0
85392,0
85393,0
85394,0
85395,0
85396,0
85397,0
85398,0
85399,0
85400,0
85401,0
85402,0
85403,0
85404,0
85405,0
85406,0
85407,0
85408,1
85409,1
85410,0
85411,0
85412,0
85413,0
85414,1
85415,1
85416,0
85417,0
85418,0
85419,0
85420,0
85421,1
85422,1
85423,0
85424,0
85425,0
85426,0
85427,0
85428,0
85429,0
85430,0
85431,0
85432,1
85433,0
85434,0
85435,0
85436,0
85437,0
85438,0
85439,0
85440,0
85441,0
85442,0
85443,0
85444,0
85445,0
85446,0
85447,0
85448,0
85449,0
85450,0
85451,1
85452,0
85453,0
85454,0
85455,0
85456,0
85457,0
85458,1
85459,0
85460,1
85461,0
85462,0
85463,0
85464,0
85465,0
85466,0
85467,0
85468,0
85469,0
85470,0
85471,0
85472,0
85473,0
85474,0
85475,0
85476,0
85477,0
85478,0
85479,0
85480,0
85481,0
85482,0
85483,1
85484,1
85485,0
85486,0
85487,0
85488,0
85489,0
85490,0
85491,0
85492,0
85493,0
85494,0
85495,0
85496,0
85497,0
85498,1
85499,0
85500,0
85501,0
85502,0
85503,0
85504,0
85505,0
85506,0
85507,0
85508,0
85509,0
85510,0
85511,0
85512,0
85513,1
85514,1
85515,0
85516,0
85517,0
85518,0
85519,0
85520,0
85521,0
85522,0
85523,0
85524,0
85525,0
85526,0
85527,0
85528,0
85529,0
85530,0
85531,0
85532,1
85533,1
85534,0
85535,0
85536,1
85537,0
85538,0
85539,0
85540,1
85541,0
85542,0
85543,1
85544,1
85545,0
85546,0
85547,0
85548,0
85549,0
85550,0
85551,0
85552,1
85553,0
85554,0
85555,1
85556,0
85557,0
85558,0
85559,0
85560,0
85561,1
85562,0
85563,1
85564,0
85565,0
85566,0
85567,0
85568,1
85569,0
85570,0
85571,0
85572,0
85573,0
85574,0
85575,0
85576,0
85577,0
85578,0
85579,0
85580,0
85581,0
85582,0
85583,0
85584,0
85585,1
85586,0
85587,0
85588,0
85589,0
85590,0
85591,1
85592,0
85593,0
85594,0
85595,0
85596,0
85597,0
85598,0
85599,0
85600,0
85601,0
85602,0
85603,0
85604,0
85605,0
85606,0
85607,0
85608,0
85609,0
85610,0
85611,0
85612,0
85613,0
85614,0
85615,0
85616,1
85617,0
85618,1
85619,0
85620,0
85621,0
85622,0
85623,0
85624,0
85625,1
85626,0
85627,0
85628,0
85629,0
85630,0
85631,1
85632,1
85633,0
85634,0
85635,0
85636,1
85637,0
85638,0
85639,0
85640,0
85641,0
85642,1
85643,0
85644,0
85645,0
85646,1
85647,0
85648,0
85649,0
85650,0
85651,0
85652,0
85653,0
85654,0
85655,0
85656,0
85657,0
85658,1
85659,0
85660,0
85661,0
85662,0
85663,0
85664,1
85665,0
85666,0
85667,1
85668,0
85669,0
85670,0
85671,0
85672,1
85673,0
85674,0
85675,0
85676,0
85677,0
85678,0
85679,1
85680,0
85681,0
85682,0
85683,0
85684,0
85685,0
85686,0
85687,0
85688,0
85689,0
85690,0
85691,0
85692,0
85693,0
85694,0
85695,0
85696,0
85697,0
85698,0
85699,0
85700,1
85701,0
85702,0
85703,0
85704,0
85705,0
85706,0
85707,0
85708,0
85709,0
85710,1
85711,0
85712,0
85713,1
85714,0
85715,0
85716,0
85717,0
85718,0
85719,0
85720,1
85721,0
85722,0
85723,0
85724,0
85725,0
85726,0
85727,0
85728,0
85729,1
85730,0
85731,1
85732,0
85733,0
85734,0
85735,0
85736,0
85737,0
85738,1
85739,0
85740,0
85741,0
85742,0
85743,0
85744,1
85745,0
85746,0
85747,0
85748,0
85749,0
85750,0
85751,1
85752,0
85753,0
85754,0
85755,0
85756,0
85757,0
85758,0
85759,0
85760,0
85761,0
85762,0
85763,0
85764,0
85765,0
85766,0
85767,1
85768,1
85769,0
85770,1
85771,0
85772,0
85773,0
85774,0
85775,0
85776,0
85777,0
85778,0
85779,1
85780,0
85781,0
85782,0
85783,1
85784,0
85785,0
85786,0
85787,0
85788,0
85789,0
85790,0
85791,0
85792,0
85793,0
85794,0
85795,1
85796,0
85797,0
85798,0
85799,0
85800,0
85801,0
85802,0
85803,0
85804,1
85805,0
85806,0
85807,0
85808,0
85809,0
85810,0
85811,0
85812,0
85813,0
85814,0
85815,0
85816,1
85817,0
85818,0
85819,0
85820,0
85821,0
85822,0
85823,0
85824,0
85825,0
85826,0
85827,0
85828,0
85829,1
85830,0
85831,0
85832,0
85833,0
85834,0
85835,0
85836,0
85837,0
85838,0
85839,0
85840,0
85841,0
85842,0
85843,0
85844,0
85845,0
85846,0
85847,0
85848,0
85849,0
85850,0
85851,0
85852,0
85853,0
85854,0
85855,1
85856,0
85857,0
85858,0
85859,0
85860,0
85861,1
85862,0
85863,0
85864,0
85865,1
85866,0
85867,1
85868,0
85869,0
85870,0
85871,0
85872,1
85873,0
85874,0
85875,0
85876,0
85877,0
85878,0
85879,0
85880,0
85881,0
85882,0
85883,0
85884,0
85885,0
85886,0
85887,0
85888,0
85889,0
85890,0
85891,0
85892,0
85893,0
85894,0
85895,0
85896,0
85897,0
85898,0
85899,0
85900,0
85901,0
85902,0
85903,0
85904,0
85905,0
85906,0
85907,1
85908,0
85909,0
85910,0
85911,0
85912,0
85913,0
85914,0
85915,0
85916,0
85917,0
85918,0
85919,0
85920,0
85921,0
85922,0
85923,0
85924,0
85925,0
85926,0
85927,0
85928,0
85929,0
85930,0
85931,0
85932,0
85933,0
85934,0
85935,0
85936,0
85937,0
85938,1
85939,0
85940,0
85941,0
85942,0
85943,0
85944,0
85945,0
85946,0
85947,0
85948,0
85949,0
85950,0
85951,0
85952,1
85953,0
85954,0
85955,0
85956,0
85957,1
85958,0
85959,0
85960,1
85961,0
85962,1
85963,0
85964,0
85965,0
85966,1
85967,1
85968,0
85969,1
85970,0
85971,0
85972,0
85973,0
85974,1
85975,0
85976,0
85977,0
85978,0
85979,0
85980,0
85981,0
85982,1
85983,0
85984,0
85985,0
85986,0
85987,0
85988,0
85989,0
85990,0
85991,0
85992,1
85993,0
85994,0
85995,0
85996,0
85997,0
85998,0
85999,0
86000,0
86001,0
86002,0
86003,0
86004,0
86005,0
86006,0
86007,0
86008,0
86009,0
86010,0
86011,0
86012,0
86013,0
86014,1
86015,0
86016,0
86017,0
86018,1
86019,0
86020,0
86021,0
86022,0
86023,0
86024,0
86025,0
86026,0
86027,0
86028,0
86029,0
86030,0
86031,0
86032,1
86033,0
86034,0
86035,0
86036,0
86037,0
86038,0
86039,0
86040,1
86041,0
86042,0
86043,0
86044,0
86045,0
86046,1
86047,0
86048,0
86049,0
86050,0
86051,0
86052,0
86053,0
86054,0
86055,0
86056,0
86057,0
86058,0
86059,1
86060,0
86061,0
86062,0
86063,0
86064,0
86065,0
86066,0
86067,0
86068,0
86069,0
86070,0
86071,0
86072,0
86073,0
86074,0
86075,0
86076,0
86077,0
86078,0
86079,1
86080,0
86081,0
86082,0
86083,0
86084,1
86085,0
86086,0
86087,0
86088,0
86089,0
86090,0
86091,0
86092,0
86093,0
86094,0
86095,0
86096,0
86097,0
86098,0
86099,1
86100,0
86101,0
86102,1
86103,0
86104,0
86105,0
86106,0
86107,0
86108,0
86109,0
86110,0
86111,0
86112,0
86113,0
86114,0
86115,0
86116,0
86117,0
86118,0
86119,0
86120,0
86121,0
86122,0
86123,0
86124,0
86125,0
86126,0
86127,0
86128,0
86129,0
86130,0
86131,0
86132,0
86133,0
86134,0
86135,0
86136,0
86137,0
86138,0
86139,0
86140,0
86141,0
86142,0
86143,0
86144,0
86145,0
86146,1
86147,0
86148,0
86149,0
86150,0
86151,0
86152,0
86153,0
86154,0
86155,0
86156,0
86157,0
86158,1
86159,1
86160,0
86161,0
86162,0
86163,0
86164,0
86165,0
86166,0
86167,0
86168,0
86169,1
86170,0
86171,0
86172,0
86173,0
86174,0
86175,0
86176,0
86177,0
86178,0
86179,0
86180,1
86181,0
86182,0
86183,0
86184,0
86185,0
86186,0
86187,0
86188,0
86189,0
86190,0
86191,0
86192,0
86193,0
86194,1
86195,0
86196,0
86197,0
86198,0
86199,0
86200,0
86201,0
86202,0
86203,0
86204,0
86205,1
86206,0
86207,0
86208,0
86209,0
86210,0
86211,0
86212,0
86213,0
86214,0
86215,0
86216,0
86217,0
86218,0
86219,0
86220,0
86221,0
86222,0
86223,0
86224,0
86225,0
86226,1
86227,0
86228,0
86229,0
86230,0
86231,0
86232,1
86233,0
86234,0
86235,0
86236,0
86237,0
86238,0
86239,0
86240,0
86241,0
86242,0
86243,1
86244,1
86245,0
86246,0
86247,0
86248,0
86249,0
86250,0
86251,1
86252,0
86253,0
86254,0
86255,0
86256,0
86257,0
86258,1
86259,0
86260,0
86261,0
86262,0
86263,1
86264,0
86265,1
86266,1
86267,0
86268,0
86269,0
86270,0
86271,1
86272,0
86273,0
86274,0
86275,1
86276,0
86277,0
86278,0
86279,0
86280,0
86281,0
86282,1
86283,0
86284,0
86285,0
86286,0
86287,0
86288,1
86289,0
86290,0
86291,0
86292,0
86293,0
86294,1
86295,0
86296,0
86297,0
86298,0
86299,0
86300,0
86301,0
86302,0
86303,0
86304,0
86305,0
86306,0
86307,0
86308,0
86309,1
86310,0
86311,0
86312,0
86313,1
86314,0
86315,0
86316,0
86317,0
86318,0
86319,0
86320,0
86321,1
86322,0
86323,0
86324,0
86325,1
86326,1
86327,0
86328,0
86329,0
86330,0
86331,0
86332,0
86333,0
86334,0
86335,0
86336,0
86337,0
86338,0
86339,0
86340,0
86341,0
86342,0
86343,0
86344,0
86345,0
86346,0
86347,0
86348,0
86349,0
86350,0
86351,1
86352,0
86353,0
86354,0
86355,1
86356,0
86357,0
86358,1
86359,0
86360,1
86361,0
86362,0
86363,0
86364,0
86365,0
86366,0
86367,0
86368,0
86369,0
86370,0
86371,0
86372,0
86373,0
86374,0
86375,0
86376,0
86377,0
86378,1
86379,0
86380,1
86381,0
86382,0
86383,0
86384,0
86385,1
86386,0
86387,0
86388,0
86389,0
86390,0
86391,0
86392,0
86393,1
86394,0
86395,0
86396,0
86397,0
86398,0
86399,0
86400,0
86401,0
86402,0
86403,0
86404,0
86405,0
86406,0
86407,0
86408,0
86409,0
86410,0
86411,0
86412,0
86413,0
86414,0
86415,0
86416,0
86417,0
86418,1
86419,0
86420,0
86421,1
86422,0
86423,0
86424,0
86425,0
86426,0
86427,0
86428,0
86429,0
86430,0
86431,0
86432,1
86433,0
86434,1
86435,0
86436,0
86437,0
86438,0
86439,0
86440,0
86441,0
86442,0
86443,0
86444,0
86445,0
86446,0
86447,1
86448,0
86449,0
86450,0
86451,1
86452,0
86453,0
86454,0
86455,0
86456,0
86457,0
86458,0
86459,0
86460,0
86461,0
86462,0
86463,0
86464,0
86465,0
86466,1
86467,0
86468,0
86469,0
86470,0
86471,0
86472,0
86473,0
86474,1
86475,1
86476,0
86477,0
86478,0
86479,0
86480,0
86481,0
86482,0
86483,0
86484,1
86485,1
86486,0
86487,0
86488,0
86489,0
86490,0
86491,0
86492,0
86493,0
86494,0
86495,0
86496,0
86497,1
86498,0
86499,1
86500,0
86501,0
86502,0
86503,0
86504,0
86505,0
86506,0
86507,0
86508,0
86509,0
86510,0
86511,0
86512,0
86513,0
86514,1
86515,0
86516,0
86517,1
86518,1
86519,0
86520,0
86521,0
86522,0
86523,0
86524,0
86525,0
86526,0
86527,0
86528,0
86529,1
86530,0
86531,0
86532,0
86533,0
86534,0
86535,0
86536,0
86537,1
86538,0
86539,0
86540,0
86541,0
86542,0
86543,1
86544,0
86545,0
86546,0
86547,0
86548,0
86549,0
86550,0
86551,0
86552,0
86553,0
86554,0
86555,0
86556,1
86557,0
86558,0
86559,0
86560,0
86561,0
86562,0
86563,0
86564,0
86565,0
86566,0
86567,0
86568,0
86569,1
86570,0
86571,0
86572,0
86573,0
86574,1
86575,0
86576,1
86577,1
86578,0
86579,0
86580,0
86581,0
86582,0
86583,0
86584,0
86585,0
86586,0
86587,0
86588,0
86589,0
86590,0
86591,0
86592,0
86593,0
86594,0
86595,0
86596,0
86597,0
86598,0
86599,0
86600,0
86601,0
86602,0
86603,0
86604,0
86605,0
86606,0
86607,1
86608,1
86609,0
86610,0
86611,0
86612,0
86613,0
86614,0
86615,0
86616,1
86617,1
86618,0
86619,0
86620,1
86621,0
86622,0
86623,0
86624,0
86625,0
86626,0
86627,0
86628,0
86629,0
86630,0
86631,1
86632,0
86633,0
86634,0
86635,0
86636,1
86637,0
86638,0
86639,0
86640,0
86641,0
86642,0
86643,0
86644,0
86645,0
86646,1
86647,0
86648,0
86649,0
86650,0
86651,1
86652,0
86653,0
86654,1
86655,0
86656,0
86657,0
86658,1
86659,0
86660,0
86661,0
86662,0
86663,1
86664,0
86665,1
86666,0
86667,0
86668,0
86669,0
86670,0
86671,0
86672,0
86673,0
86674,0
86675,0
86676,0
86677,0
86678,0
86679,0
86680,0
86681,1
86682,0
86683,0
86684,1
86685,0
86686,0
86687,0
86688,0
86689,0
86690,0
86691,0
86692,0
86693,0
86694,0
86695,0
86696,0
86697,0
86698,0
86699,0
86700,0
86701,0
86702,0
86703,0
86704,0
86705,0
86706,0
86707,0
86708,0
86709,0
86710,0
86711,0
86712,0
86713,0
86714,0
86715,0
86716,0
86717,0
86718,0
86719,0
86720,0
86721,0
86722,0
86723,0
86724,0
86725,0
86726,0
86727,0
86728,0
86729,0
86730,0
86731,0
86732,0
86733,0
86734,0
86735,0
86736,0
86737,0
86738,0
86739,0
86740,0
86741,0
86742,0
86743,0
86744,0
86745,0
86746,0
86747,0
86748,0
86749,0
86750,0
86751,0
86752,0
86753,0
86754,0
86755,0
86756,0
86757,0
86758,0
86759,0
86760,0
86761,0
86762,1
86763,1
86764,0
86765,0
86766,0
86767,0
86768,0
86769,0
86770,0
86771,0
86772,0
86773,0
86774,0
86775,0
86776,0
86777,0
86778,0
86779,0
86780,0
86781,0
86782,0
86783,0
86784,0
86785,0
86786,0
86787,0
86788,0
86789,0
86790,0
86791,0
86792,0
86793,0
86794,0
86795,0
86796,0
86797,1
86798,0
86799,0
86800,0
86801,0
86802,0
86803,0
86804,0
86805,1
86806,0
86807,1
86808,0
86809,0
86810,0
86811,0
86812,0
86813,1
86814,1
86815,0
86816,1
86817,0
86818,0
86819,0
86820,0
86821,0
86822,1
86823,0
86824,1
86825,0
86826,0
86827,0
86828,0
86829,0
86830,0
86831,0
86832,0
86833,0
86834,1
86835,0
86836,0
86837,0
86838,0
86839,0
86840,0
86841,0
86842,0
86843,0
86844,0
86845,0
86846,0
86847,0
86848,0
86849,0
86850,0
86851,1
86852,0
86853,0
86854,0
86855,1
86856,1
86857,0
86858,1
86859,0
86860,0
86861,0
86862,0
86863,0
86864,0
86865,0
86866,0
86867,0
86868,0
86869,0
86870,0
86871,0
86872,0
86873,0
86874,0
86875,0
86876,0
86877,0
86878,0
86879,0
86880,1
86881,0
86882,0
86883,1
86884,0
86885,0
86886,0
86887,0
86888,0
86889,0
86890,0
86891,0
86892,0
86893,0
86894,0
86895,0
86896,0
86897,0
86898,0
86899,0
86900,0
86901,0
86902,0
86903,0
86904,0
86905,1
86906,0
86907,0
86908,0
86909,0
86910,0
86911,0
86912,0
86913,0
86914,0
86915,0
86916,0
86917,0
86918,0
86919,0
86920,0
86921,0
86922,1
86923,0
86924,1
86925,0
86926,1
86927,0
86928,0
86929,1
86930,0
86931,1
86932,0
86933,1
86934,0
86935,0
86936,0
86937,0
86938,0
86939,0
86940,0
86941,0
86942,0
86943,0
86944,0
86945,0
86946,0
86947,1
86948,1
86949,0
86950,0
86951,1
86952,0
86953,1
86954,0
86955,0
86956,0
86957,0
86958,0
86959,0
86960,0
86961,0
86962,0
86963,0
86964,0
86965,0
86966,0
86967,0
86968,0
86969,0
86970,0
86971,1
86972,0
86973,0
86974,0
86975,0
86976,0
86977,0
86978,0
86979,0
86980,0
86981,0
86982,0
86983,1
86984,1
86985,0
86986,0
86987,1
86988,0
86989,0
86990,0
86991,0
86992,0
86993,0
86994,0
86995,0
86996,0
86997,0
86998,0
86999,0
87000,0
87001,0
87002,0
87003,0
87004,0
87005,0
87006,0
87007,0
87008,1
87009,0
87010,1
87011,0
87012,0
87013,0
87014,0
87015,0
87016,0
87017,0
87018,0
87019,0
87020,0
87021,0
87022,0
87023,1
87024,0
87025,0
87026,0
87027,0
87028,0
87029,1
87030,0
87031,0
87032,0
87033,0
87034,1
87035,0
87036,0
87037,0
87038,0
87039,0
87040,0
87041,0
87042,0
87043,0
87044,0
87045,0
87046,0
87047,0
87048,0
87049,0
87050,1
87051,0
87052,0
87053,1
87054,0
87055,0
87056,1
87057,0
87058,0
87059,0
87060,0
87061,0
87062,0
87063,1
87064,0
87065,0
87066,0
87067,0
87068,1
87069,0
87070,0
87071,0
87072,0
87073,0
87074,1
87075,0
87076,0
87077,0
87078,0
87079,0
87080,0
87081,0
87082,0
87083,0
87084,0
87085,0
87086,0
87087,0
87088,0
87089,0
87090,1
87091,0
87092,0
87093,0
87094,0
87095,0
87096,0
87097,0
87098,0
87099,0
87100,0
87101,0
87102,0
87103,0
87104,0
87105,1
87106,0
87107,0
87108,0
87109,0
87110,0
87111,1
87112,0
87113,1
87114,0
87115,0
87116,0
87117,0
87118,0
87119,0
87120,0
87121,0
87122,0
87123,0
87124,0
87125,0
87126,0
87127,0
87128,0
87129,1
87130,0
87131,0
87132,0
87133,0
87134,1
87135,0
87136,0
87137,0
87138,0
87139,0
87140,0
87141,0
87142,0
87143,0
87144,0
87145,0
87146,0
87147,0
87148,0
87149,0
87150,0
87151,0
87152,0
87153,0
87154,1
87155,0
87156,0
87157,0
87158,0
87159,0
87160,0
87161,1
87162,0
87163,0
87164,0
87165,0
87166,0
87167,0
87168,0
87169,0
87170,0
87171,0
87172,0
87173,0
87174,0
87175,1
87176,0
87177,0
87178,0
87179,0
87180,0
87181,1
87182,1
87183,0
87184,0
87185,1
87186,0
87187,0
87188,0
87189,0
87190,0
87191,0
87192,0
87193,1
87194,0
87195,0
87196,1
87197,0
87198,0
87199,0
87200,0
87201,1
87202,0
87203,0
87204,0
87205,0
87206,0
87207,1
87208,0
87209,1
87210,1
87211,0
87212,0
87213,1
87214,1
87215,0
87216,0
87217,0
87218,0
87219,0
87220,0
87221,0
87222,0
87223,0
87224,0
87225,0
87226,0
87227,0
87228,0
87229,1
87230,0
87231,0
87232,0
87233,1
87234,0
87235,0
87236,0
87237,0
87238,1
87239,0
87240,0
87241,0
87242,0
87243,1
87244,0
87245,1
87246,0
87247,0
87248,0
87249,0
87250,1
87251,0
87252,1
87253,1
87254,0
87255,0
87256,1
87257,0
87258,0
87259,0
87260,0
87261,1
87262,0
87263,0
87264,0
87265,0
87266,0
87267,0
87268,1
87269,0
87270,0
87271,0
87272,0
87273,0
87274,0
87275,0
87276,0
87277,0
87278,0
87279,0
87280,0
87281,0
87282,1
87283,0
87284,0
87285,0
87286,0
87287,0
87288,0
87289,0
87290,0
87291,0
87292,0
87293,0
87294,0
87295,0
87296,0
87297,0
87298,1
87299,0
87300,0
87301,0
87302,0
87303,0
87304,0
87305,0
87306,0
87307,0
87308,0
87309,0
87310,0
87311,0
87312,0
87313,0
87314,0
87315,0
87316,1
87317,0
87318,0
87319,0
87320,0
87321,1
87322,0
87323,0
87324,0
87325,0
87326,0
87327,0
87328,0
87329,1
87330,0
87331,0
87332,1
87333,0
87334,0
87335,0
87336,0
87337,1
87338,0
87339,0
87340,1
87341,0
87342,0
87343,0
87344,0
87345,0
87346,0
87347,0
87348,0
87349,0
87350,0
87351,0
87352,0
87353,1
87354,0
87355,1
87356,0
87357,0
87358,0
87359,0
87360,0
87361,0
87362,0
87363,0
87364,1
87365,0
87366,1
87367,0
87368,0
87369,0
87370,0
87371,0
87372,0
87373,0
87374,0
87375,0
87376,0
87377,0
87378,0
87379,0
87380,0
87381,0
87382,0
87383,0
87384,0
87385,1
87386,1
87387,0
87388,0
87389,0
87390,0
87391,0
87392,0
87393,0
87394,0
87395,0
87396,0
87397,0
87398,0
87399,0
87400,0
87401,0
87402,0
87403,0
87404,0
87405,0
87406,0
87407,0
87408,0
87409,0
87410,0
87411,0
87412,1
87413,1
87414,0
87415,0
87416,0
87417,1
87418,0
87419,1
87420,0
87421,0
87422,0
87423,1
87424,0
87425,0
87426,1
87427,1
87428,1
87429,0
87430,0
87431,0
87432,0
87433,0
87434,0
87435,1
87436,0
87437,0
87438,0
87439,0
87440,0
87441,0
87442,0
87443,0
87444,1
87445,0
87446,0
87447,0
87448,0
87449,1
87450,0
87451,0
87452,1
87453,0
87454,0
87455,0
87456,1
87457,0
87458,0
87459,0
87460,0
87461,0
87462,0
87463,0
87464,1
87465,0
87466,0
87467,0
87468,0
87469,0
87470,0
87471,0
87472,0
87473,0
87474,0
87475,0
87476,0
87477,0
87478,0
87479,1
87480,1
87481,0
87482,0
87483,1
87484,0
87485,0
87486,0
87487,0
87488,0
87489,0
87490,1
87491,0
87492,0
87493,0
87494,0
87495,0
87496,0
87497,0
87498,0
87499,1
87500,1
87501,0
87502,0
87503,0
87504,0
87505,0
87506,0
87507,0
87508,0
87509,1
87510,0
87511,1
87512,1
87513,0
87514,0
87515,0
87516,0
87517,0
87518,1
87519,0
87520,0
87521,0
87522,0
87523,0
87524,1
87525,1
87526,0
87527,0
87528,0
87529,0
87530,0
87531,0
87532,0
87533,0
87534,0
87535,0
87536,0
87537,0
87538,0
87539,0
87540,0
87541,0
87542,0
87543,0
87544,0
87545,0
87546,0
87547,0
87548,1
87549,0
87550,0
87551,0
87552,0
87553,0
87554,0
87555,1
87556,0
87557,0
87558,0
87559,0
87560,0
87561,0
87562,0
87563,0
87564,0
87565,0
87566,0
87567,0
87568,0
87569,0
87570,0
87571,0
87572,0
87573,1
87574,0
87575,0
87576,1
87577,0
87578,1
87579,0
87580,0
87581,1
87582,0
87583,0
87584,0
87585,0
87586,0
87587,0
87588,0
87589,0
87590,0
87591,1
87592,0
87593,0
87594,0
87595,1
87596,0
87597,0
87598,0
87599,0
87600,0
87601,0
87602,0
87603,0
87604,0
87605,0
87606,0
87607,0
87608,0
87609,0
87610,0
87611,0
87612,0
87613,0
87614,0
87615,0
87616,0
87617,1
87618,1
87619,0
87620,0
87621,0
87622,0
87623,1
87624,0
87625,0
87626,0
87627,0
87628,0
87629,0
87630,0
87631,0
87632,1
87633,0
87634,0
87635,0
87636,0
87637,0
87638,0
87639,0
87640,1
87641,0
87642,0
87643,0
87644,0
87645,0
87646,0
87647,1
87648,0
87649,0
87650,0
87651,1
87652,0
87653,0
87654,0
87655,0
87656,0
87657,1
87658,0
87659,1
87660,0
87661,0
87662,0
87663,1
87664,0
87665,0
87666,0
87667,0
87668,0
87669,0
87670,0
87671,0
87672,0
87673,0
87674,1
87675,0
87676,0
87677,0
87678,1
87679,0
87680,0
87681,0
87682,0
87683,0
87684,1
87685,0
87686,0
87687,0
87688,0
87689,0
87690,1
87691,1
87692,1
87693,0
87694,0
87695,0
87696,1
87697,0
87698,0
87699,0
87700,0
87701,0
87702,0
87703,0
87704,0
87705,0
87706,0
87707,0
87708,0
87709,0
87710,0
87711,0
87712,0
87713,0
87714,0
87715,0
87716,0
87717,1
87718,0
87719,0
87720,0
87721,0
87722,0
87723,0
87724,0
87725,0
87726,0
87727,0
87728,0
87729,0
87730,1
87731,0
87732,0
87733,0
87734,0
87735,0
87736,1
87737,0
87738,0
87739,0
87740,1
87741,1
87742,1
87743,0
87744,0
87745,0
87746,0
87747,0
87748,0
87749,0
87750,0
87751,1
87752,0
87753,0
87754,0
87755,0
87756,1
87757,0
87758,1
87759,0
87760,0
87761,0
87762,1
87763,0
87764,0
87765,0
87766,0
87767,0
87768,0
87769,0
87770,0
87771,0
87772,0
87773,0
87774,0
87775,0
87776,0
87777,1
87778,0
87779,0
87780,0
87781,0
87782,0
87783,0
87784,0
87785,0
87786,0
87787,1
87788,0
87789,0
87790,0
87791,0
87792,0
87793,0
87794,0
87795,0
87796,0
87797,1
87798,0
87799,0
87800,0
87801,0
87802,0
87803,0
87804,0
87805,0
87806,0
87807,0
87808,0
87809,0
87810,0
87811,0
87812,0
87813,0
87814,0
87815,0
87816,0
87817,0
87818,0
87819,0
87820,0
87821,0
87822,0
87823,0
87824,0
87825,1
87826,0
87827,0
87828,0
87829,0
87830,1
87831,0
87832,0
87833,0
87834,0
87835,0
87836,0
87837,0
87838,0
87839,0
87840,1
87841,0
87842,0
87843,0
87844,0
87845,0
87846,0
87847,0
87848,0
87849,0
87850,0
87851,0
87852,0
87853,1
87854,0
87855,0
87856,0
87857,0
87858,0
87859,0
87860,0
87861,0
87862,0
87863,0
87864,0
87865,0
87866,1
87867,0
87868,0
87869,0
87870,0
87871,0
87872,0
87873,0
87874,0
87875,0
87876,1
87877,0
87878,1
87879,0
87880,0
87881,0
87882,0
87883,0
87884,0
87885,0
87886,1
87887,0
87888,0
87889,0
87890,0
87891,0
87892,0
87893,0
87894,0
87895,1
87896,0
87897,0
87898,0
87899,0
87900,0
87901,0
87902,0
87903,0
87904,1
87905,0
87906,0
87907,0
87908,1
87909,0
87910,0
87911,0
87912,0
87913,0
87914,0
87915,0
87916,0
87917,0
87918,0
87919,0
87920,0
87921,1
87922,0
87923,0
87924,0
87925,0
87926,0
87927,0
87928,0
87929,0
87930,0
87931,0
87932,0
87933,0
87934,0
87935,0
87936,1
87937,0
87938,0
87939,0
87940,0
87941,0
87942,0
87943,0
87944,0
87945,0
87946,0
87947,0
87948,0
87949,0
87950,0
87951,0
87952,0
87953,0
87954,0
87955,0
87956,0
87957,0
87958,0
87959,0
87960,0
87961,0
87962,0
87963,0
87964,1
87965,0
87966,0
87967,0
87968,0
87969,0
87970,0
87971,0
87972,0
87973,0
87974,0
87975,0
87976,0
87977,0
87978,0
87979,0
87980,1
87981,0
87982,0
87983,0
87984,0
87985,0
87986,0
87987,0
87988,1
87989,1
87990,0
87991,0
87992,0
87993,0
87994,0
87995,0
87996,0
87997,0
87998,0
87999,0
88000,0
88001,0
88002,1
88003,0
88004,0
88005,0
88006,0
88007,0
88008,1
88009,0
88010,0
88011,0
88012,0
88013,0
88014,1
88015,0
88016,0
88017,0
88018,0
88019,0
88020,0
88021,0
88022,0
88023,1
88024,0
88025,0
88026,0
88027,0
88028,1
88029,0
88030,1
88031,0
88032,0
88033,0
88034,0
88035,0
88036,0
88037,0
88038,1
88039,0
88040,0
88041,0
88042,0
88043,0
88044,0
88045,0
88046,0
88047,0
88048,1
88049,1
88050,0
88051,0
88052,0
88053,0
88054,0
88055,0
88056,1
88057,0
88058,0
88059,0
88060,0
88061,1
88062,1
88063,0
88064,0
88065,0
88066,0
88067,0
88068,0
88069,0
88070,0
88071,0
88072,0
88073,0
88074,0
88075,0
88076,0
88077,0
88078,0
88079,1
88080,1
88081,0
88082,0
88083,1
88084,0
88085,0
88086,0
88087,1
88088,0
88089,0
88090,0
88091,0
88092,0
88093,1
88094,0
88095,0
88096,1
88097,0
88098,0
88099,0
88100,0
88101,0
88102,0
88103,0
88104,0
88105,0
88106,0
88107,1
88108,0
88109,0
88110,0
88111,0
88112,0
88113,0
88114,1
88115,0
88116,0
88117,0
88118,0
88119,0
88120,0
88121,0
88122,0
88123,0
88124,0
88125,0
88126,1
88127,1
88128,0
88129,0
88130,0
88131,0
88132,0
88133,0
88134,0
88135,0
88136,0
88137,0
88138,0
88139,0
88140,0
88141,0
88142,0
88143,0
88144,0
88145,0
88146,0
88147,0
88148,1
88149,0
88150,0
88151,0
88152,0
88153,0
88154,0
88155,0
88156,0
88157,0
88158,0
88159,0
88160,1
88161,1
88162,0
88163,0
88164,0
88165,0
88166,0
88167,0
88168,0
88169,0
88170,0
88171,0
88172,0
88173,1
88174,1
88175,1
88176,0
88177,0
88178,0
88179,0
88180,0
88181,0
88182,0
88183,0
88184,0
88185,0
88186,0
88187,0
88188,0
88189,1
88190,0
88191,0
88192,1
88193,1
88194,0
88195,0
88196,0
88197,0
88198,0
88199,0
88200,0
88201,0
88202,0
88203,0
88204,0
88205,0
88206,0
88207,0
88208,0
88209,0
88210,0
88211,0
88212,0
88213,0
88214,0
88215,0
88216,0
88217,0
88218,0
88219,0
88220,0
88221,0
88222,0
88223,0
88224,0
88225,0
88226,0
88227,1
88228,0
88229,0
88230,0
88231,1
88232,0
88233,0
88234,0
88235,0
88236,0
88237,0
88238,0
88239,0
88240,1
88241,0
88242,0
88243,0
88244,0
88245,0
88246,0
88247,0
88248,1
88249,0
88250,0
88251,0
88252,0
88253,0
88254,0
88255,0
88256,1
88257,0
88258,0
88259,0
88260,0
88261,1
88262,0
88263,0
88264,0
88265,0
88266,0
88267,0
88268,0
88269,0
88270,0
88271,0
88272,0
88273,0
88274,0
88275,0
88276,0
88277,0
88278,0
88279,0
88280,0
88281,1
88282,0
88283,0
88284,0
88285,0
88286,0
88287,0
88288,0
88289,0
88290,0
88291,0
88292,0
88293,0
88294,1
88295,0
88296,0
88297,0
88298,0
88299,0
88300,0
88301,0
88302,0
88303,0
88304,0
88305,0
88306,0
88307,0
88308,0
88309,0
88310,0
88311,0
88312,1
88313,0
88314,0
88315,0
88316,0
88317,0
88318,0
88319,0
88320,0
88321,0
88322,0
88323,0
88324,0
88325,0
88326,0
88327,0
88328,0
88329,0
88330,0
88331,0
88332,0
88333,0
88334,0
88335,0
88336,1
88337,0
88338,1
88339,0
88340,0
88341,0
88342,0
88343,1
88344,0
88345,1
88346,0
88347,0
88348,0
88349,0
88350,0
88351,0
88352,0
88353,0
88354,0
88355,0
88356,0
88357,0
88358,0
88359,0
88360,0
88361,0
88362,0
88363,1
88364,0
88365,0
88366,0
88367,1
88368,0
88369,0
88370,0
88371,0
88372,0
88373,0
88374,0
88375,0
88376,0
88377,0
88378,0
88379,0
88380,0
88381,1
88382,0
88383,0
88384,0
88385,0
88386,0
88387,0
88388,0
88389,0
88390,0
88391,0
88392,0
88393,0
88394,0
88395,0
88396,0
88397,0
88398,0
88399,0
88400,0
88401,0
88402,0
88403,1
88404,0
88405,0
88406,0
88407,0
88408,0
88409,0
88410,0
88411,0
88412,0
88413,0
88414,0
88415,0
88416,1
88417,0
88418,0
88419,0
88420,1
88421,0
88422,0
88423,0
88424,0
88425,0
88426,0
88427,0
88428,0
88429,0
88430,0
88431,0
88432,0
88433,0
88434,0
88435,0
88436,0
88437,1
88438,0
88439,1
88440,0
88441,1
88442,1
88443,0
88444,0
88445,0
88446,1
88447,0
88448,1
88449,0
88450,0
88451,0
88452,0
88453,0
88454,0
88455,0
88456,0
88457,0
88458,0
88459,0
88460,0
88461,0
88462,0
88463,0
88464,0
88465,0
88466,0
88467,0
88468,0
88469,0
88470,0
88471,1
88472,0
88473,0
88474,0
88475,0
88476,0
88477,0
88478,1
88479,0
88480,0
88481,0
88482,0
88483,0
88484,0
88485,0
88486,0
88487,0
88488,0
88489,0
88490,0
88491,0
88492,0
88493,0
88494,0
88495,1
88496,0
88497,0
88498,0
88499,0
88500,0
88501,0
88502,0
88503,0
88504,0
88505,1
88506,0
88507,0
88508,0
88509,0
88510,0
88511,0
88512,0
88513,0
88514,0
88515,0
88516,0
88517,0
88518,0
88519,0
88520,0
88521,0
88522,0
88523,0
88524,0
88525,0
88526,0
88527,0
88528,0
88529,0
88530,0
88531,1
88532,1
88533,0
88534,0
88535,0
88536,0
88537,0
88538,0
88539,0
88540,0
88541,0
88542,0
88543,0
88544,0
88545,0
88546,0
88547,0
88548,0
88549,0
88550,0
88551,0
88552,0
88553,0
88554,0
88555,1
88556,1
88557,1
88558,0
88559,0
88560,0
88561,0
88562,0
88563,0
88564,1
88565,1
88566,0
88567,1
88568,0
88569,0
88570,0
88571,0
88572,0
88573,1
88574,0
88575,1
88576,0
88577,0
88578,0
88579,0
88580,0
88581,0
88582,0
88583,0
88584,1
88585,0
88586,0
88587,0
88588,0
88589,0
88590,0
88591,0
88592,0
88593,0
88594,1
88595,0
88596,1
88597,0
88598,0
88599,1
88600,0
88601,0
88602,0
88603,1
88604,0
88605,0
88606,0
88607,0
88608,0
88609,0
88610,0
88611,0
88612,0
88613,0
88614,0
88615,0
88616,0
88617,0
88618,0
88619,0
88620,0
88621,0
88622,0
88623,0
88624,0
88625,0
88626,0
88627,0
88628,0
88629,0
88630,0
88631,0
88632,0
88633,0
88634,0
88635,0
88636,0
88637,0
88638,0
88639,0
88640,0
88641,0
88642,0
88643,0
88644,0
88645,1
88646,0
88647,0
88648,0
88649,0
88650,0
88651,0
88652,0
88653,1
88654,0
88655,0
88656,0
88657,0
88658,0
88659,1
88660,1
88661,0
88662,0
88663,0
88664,0
88665,0
88666,0
88667,0
88668,0
88669,0
88670,0
88671,0
88672,1
88673,0
88674,0
88675,0
88676,0
88677,0
88678,1
88679,0
88680,0
88681,1
88682,0
88683,0
88684,0
88685,0
88686,1
88687,0
88688,0
88689,0
88690,0
88691,0
88692,0
88693,0
88694,0
88695,0
88696,0
88697,0
88698,0
88699,0
88700,0
88701,0
88702,0
88703,0
88704,0
88705,0
88706,0
88707,0
88708,0
88709,0
88710,0
88711,0
88712,0
88713,0
88714,1
88715,0
88716,0
88717,0
88718,1
88719,0
88720,1
88721,0
88722,0
88723,0
88724,0
88725,0
88726,0
88727,0
88728,0
88729,0
88730,0
88731,0
88732,1
88733,0
88734,0
88735,0
88736,0
88737,1
88738,0
88739,1
88740,0
88741,0
88742,1
88743,0
88744,0
88745,0
88746,0
88747,0
88748,0
88749,0
88750,0
88751,0
88752,1
88753,0
88754,0
88755,0
88756,0
88757,0
88758,0
88759,0
88760,0
88761,0
88762,0
88763,0
88764,0
88765,0
88766,0
88767,0
88768,0
88769,0
88770,0
88771,0
88772,0
88773,0
88774,0
88775,0
88776,0
88777,0
88778,0
88779,0
88780,0
88781,0
88782,0
88783,0
88784,0
88785,0
88786,0
88787,1
88788,0
88789,0
88790,0
88791,0
88792,1
88793,0
88794,0
88795,0
88796,0
88797,0
88798,0
88799,0
88800,0
88801,0
88802,0
88803,0
88804,1
88805,0
88806,0
88807,0
88808,0
88809,0
88810,0
88811,1
88812,0
88813,0
88814,0
88815,0
88816,0
88817,0
88818,0
88819,1
88820,1
88821,0
88822,0
88823,0
88824,0
88825,0
88826,0
88827,0
88828,0
88829,0
88830,0
88831,0
88832,0
88833,0
88834,1
88835,0
88836,0
88837,1
88838,0
88839,1
88840,0
88841,0
88842,0
88843,1
88844,0
88845,0
88846,0
88847,0
88848,1
88849,1
88850,1
88851,0
88852,0
88853,0
88854,0
88855,0
88856,0
88857,0
88858,0
88859,0
88860,0
88861,0
88862,0
88863,0
88864,0
88865,0
88866,0
88867,0
88868,0
88869,0
88870,0
88871,0
88872,0
88873,0
88874,0
88875,0
88876,0
88877,0
88878,0
88879,0
88880,0
88881,0
88882,0
88883,0
88884,1
88885,0
88886,0
88887,0
88888,1
88889,0
88890,0
88891,0
88892,0
88893,0
88894,0
88895,0
88896,0
88897,0
88898,0
88899,0
88900,0
88901,0
88902,0
88903,0
88904,0
88905,1
88906,1
88907,0
88908,0
88909,1
88910,0
88911,0
88912,0
88913,0
88914,0
88915,0
88916,0
88917,0
88918,0
88919,0
88920,0
88921,0
88922,0
88923,0
88924,0
88925,0
88926,0
88927,0
88928,0
88929,0
88930,0
88931,0
88932,0
88933,0
88934,0
88935,0
88936,0
88937,0
88938,0
88939,0
88940,1
88941,0
88942,0
88943,0
88944,0
88945,0
88946,0
88947,0
88948,0
88949,0
88950,0
88951,0
88952,0
88953,0
88954,0
88955,0
88956,0
88957,0
88958,0
88959,0
88960,0
88961,0
88962,0
88963,0
88964,0
88965,0
88966,0
88967,0
88968,0
88969,0
88970,0
88971,1
88972,0
88973,0
88974,0
88975,1
88976,0
88977,1
88978,0
88979,0
88980,0
88981,0
88982,0
88983,0
88984,0
88985,0
88986,0
88987,0
88988,0
88989,0
88990,0
88991,0
88992,1
88993,0
88994,0
88995,0
88996,0
88997,0
88998,0
88999,1
89000,0
89001,0
89002,0
89003,0
89004,0
89005,0
89006,0
89007,0
89008,0
89009,0
89010,0
89011,0
89012,0
89013,0
89014,0
89015,1
89016,0
89017,0
89018,1
89019,0
89020,0
89021,1
89022,1
89023,0
89024,0
89025,0
89026,0
89027,0
89028,0
89029,0
89030,0
89031,0
89032,0
89033,1
89034,0
89035,0
89036,0
89037,0
89038,0
89039,0
89040,0
89041,0
89042,0
89043,1
89044,0
89045,0
89046,0
89047,0
89048,0
89049,0
89050,0
89051,0
89052,0
89053,0
89054,0
89055,0
89056,0
89057,0
89058,0
89059,0
89060,0
89061,0
89062,0
89063,0
89064,0
89065,0
89066,0
89067,0
89068,0
89069,0
89070,0
89071,0
89072,0
89073,0
89074,0
89075,0
89076,0
89077,0
89078,0
89079,0
89080,0
89081,0
89082,0
89083,0
89084,0
89085,0
89086,0
89087,0
89088,0
89089,0
89090,0
89091,0
89092,0
89093,0
89094,0
89095,0
89096,0
89097,0
89098,0
89099,0
89100,0
89101,0
89102,0
89103,0
89104,0
89105,0
89106,0
89107,0
89108,0
89109,0
89110,0
89111,0
89112,0
89113,0
89114,0
89115,0
89116,0
89117,0
89118,0
89119,1
89120,0
89121,0
89122,0
89123,0
89124,0
89125,0
89126,0
89127,0
89128,0
89129,0
89130,0
89131,1
89132,0
89133,0
89134,0
89135,0
89136,0
89137,0
89138,0
89139,0
89140,0
89141,1
89142,0
89143,0
89144,1
89145,0
89146,0
89147,0
89148,0
89149,0
89150,0
89151,0
89152,0
89153,1
89154,1
89155,0
89156,0
89157,1
89158,0
89159,1
89160,0
89161,0
89162,0
89163,0
89164,0
89165,0
89166,1
89167,0
89168,1
89169,0
89170,0
89171,0
89172,0
89173,0
89174,1
89175,0
89176,0
89177,0
89178,0
89179,0
89180,1
89181,0
89182,1
89183,1
89184,0
89185,0
89186,0
89187,0
89188,0
89189,0
89190,1
89191,0
89192,0
89193,0
89194,0
89195,1
89196,1
89197,0
89198,0
89199,0
89200,0
89201,0
89202,0
89203,1
89204,0
89205,0
89206,0
89207,0
89208,0
89209,0
89210,0
89211,0
89212,0
89213,0
89214,0
89215,0
89216,0
89217,0
89218,0
89219,0
89220,0
89221,0
89222,0
89223,0
89224,1
89225,0
89226,0
89227,0
89228,1
89229,1
89230,0
89231,0
89232,0
89233,0
89234,0
89235,0
89236,0
89237,0
89238,0
89239,0
89240,0
89241,0
89242,0
89243,1
89244,0
89245,0
89246,0
89247,1
89248,1
89249,0
89250,0
89251,0
89252,0
89253,0
89254,0
89255,0
89256,1
89257,0
89258,0
89259,0
89260,0
89261,1
89262,0
89263,0
89264,0
89265,0
89266,1
89267,0
89268,0
89269,0
89270,0
89271,0
89272,0
89273,0
89274,0
89275,1
89276,0
89277,0
89278,0
89279,0
89280,0
89281,0
89282,0
89283,0
89284,0
89285,0
89286,0
89287,1
89288,0
89289,0
89290,1
89291,0
89292,1
89293,1
89294,0
89295,0
89296,0
89297,0
89298,0
89299,0
89300,0
89301,0
89302,1
89303,0
89304,0
89305,0
89306,0
89307,0
89308,1
89309,0
89310,0
89311,0
89312,0
89313,0
89314,0
89315,0
89316,1
89317,1
89318,0
89319,0
89320,0
89321,0
89322,0
89323,0
89324,0
89325,0
89326,0
89327,0
89328,0
89329,0
89330,0
89331,0
89332,0
89333,0
89334,0
89335,0
89336,1
89337,0
89338,1
89339,0
89340,0
89341,0
89342,1
89343,1
89344,0
89345,0
89346,0
89347,0
89348,0
89349,0
89350,0
89351,0
89352,0
89353,0
89354,0
89355,0
89356,0
89357,0
89358,0
89359,0
89360,0
89361,0
89362,0
89363,0
89364,0
89365,0
89366,1
89367,0
89368,1
89369,0
89370,1
89371,0
89372,1
89373,0
89374,0
89375,0
89376,0
89377,0
89378,0
89379,0
89380,0
89381,0
89382,0
89383,0
89384,0
89385,0
89386,0
89387,1
89388,0
89389,0
89390,0
89391,0
89392,0
89393,0
89394,1
89395,0
89396,0
89397,0
89398,0
89399,0
89400,0
89401,0
89402,1
89403,0
89404,0
89405,0
89406,0
89407,0
89408,0
89409,1
89410,0
89411,0
89412,0
89413,0
89414,0
89415,0
89416,0
89417,0
89418,0
89419,0
89420,0
89421,1
89422,0
89423,0
89424,0
89425,0
89426,0
89427,0
89428,0
89429,0
89430,0
89431,0
89432,0
89433,0
89434,0
89435,0
89436,0
89437,0
89438,0
89439,0
89440,0
89441,1
89442,1
89443,0
89444,0
89445,0
89446,0
89447,0
89448,1
89449,0
89450,0
89451,0
89452,0
89453,0
89454,0
89455,0
89456,0
89457,0
89458,0
89459,0
89460,0
89461,0
89462,1
89463,0
89464,0
89465,0
89466,1
89467,0
89468,0
89469,1
89470,1
89471,0
89472,0
89473,0
89474,0
89475,0
89476,1
89477,0
89478,0
89479,0
89480,0
89481,0
89482,0
89483,0
89484,0
89485,0
89486,0
89487,0
89488,0
89489,0
89490,0
89491,0
89492,0
89493,0
89494,0
89495,0
89496,0
89497,0
89498,1
89499,1
89500,0
89501,0
89502,0
89503,0
89504,0
89505,0
89506,1
89507,0
89508,0
89509,0
89510,0
89511,0
89512,0
89513,0
89514,0
89515,0
89516,0
89517,0
89518,1
89519,0
89520,0
89521,0
89522,0
89523,0
89524,0
89525,1
89526,0
89527,0
89528,0
89529,1
89530,0
89531,0
89532,0
89533,1
89534,0
89535,0
89536,0
89537,0
89538,0
89539,0
89540,0
89541,0
89542,0
89543,0
89544,0
89545,0
89546,0
89547,0
89548,0
89549,0
89550,0
89551,0
89552,1
89553,1
89554,0
89555,0
89556,0
89557,0
89558,1
89559,0
89560,0
89561,0
89562,0
89563,0
89564,0
89565,0
89566,0
89567,0
89568,0
89569,0
89570,0
89571,0
89572,0
89573,0
89574,1
89575,0
89576,0
89577,1
89578,0
89579,0
89580,0
89581,0
89582,0
89583,0
89584,1
89585,0
89586,0
89587,0
89588,0
89589,0
89590,1
89591,0
89592,0
89593,0
89594,0
89595,0
89596,0
89597,1
89598,0
89599,0
89600,0
89601,0
89602,0
89603,0
89604,0
89605,1
89606,0
89607,0
89608,0
89609,0
89610,0
89611,0
89612,0
89613,0
89614,1
89615,1
89616,1
89617,0
89618,0
89619,0
89620,0
89621,0
89622,0
89623,0
89624,1
89625,0
89626,0
89627,0
89628,0
89629,1
89630,0
89631,0
89632,0
89633,0
89634,0
89635,0
89636,0
89637,0
89638,0
89639,0
89640,0
89641,0
89642,0
89643,1
89644,0
89645,0
89646,0
89647,0
89648,0
89649,1
89650,0
89651,0
89652,0
89653,0
89654,0
89655,0
89656,0
89657,1
89658,0
89659,0
89660,0
89661,0
89662,1
89663,0
89664,0
89665,0
89666,0
89667,0
89668,0
89669,1
89670,0
89671,0
89672,0
89673,1
89674,0
89675,0
89676,0
89677,0
89678,1
89679,0
89680,0
89681,0
89682,0
89683,0
89684,1
89685,1
89686,0
89687,0
89688,0
89689,0
89690,0
89691,0
89692,0
89693,0
89694,0
89695,0
89696,0
89697,1
89698,0
89699,0
89700,0
89701,0
89702,0
89703,0
89704,0
89705,0
89706,0
89707,0
89708,0
89709,0
89710,0
89711,0
89712,0
89713,0
89714,0
89715,0
89716,0
89717,0
89718,0
89719,0
89720,0
89721,0
89722,0
89723,0
89724,0
89725,0
89726,1
89727,0
89728,0
89729,0
89730,0
89731,0
89732,0
89733,0
89734,0
89735,0
89736,0
89737,0
89738,1
89739,0
89740,0
89741,0
89742,1
89743,1
89744,0
89745,0
89746,1
89747,0
89748,0
89749,0
89750,0
89751,0
89752,0
89753,0
89754,0
89755,0
89756,0
89757,0
89758,1
89759,0
89760,1
89761,0
89762,0
89763,0
89764,0
89765,0
89766,0
89767,1
89768,0
89769,0
89770,1
89771,0
89772,0
89773,0
89774,0
89775,0
89776,0
89777,0
89778,0
89779,0
89780,0
89781,0
89782,0
89783,0
89784,0
89785,0
89786,0
89787,0
89788,0
89789,0
89790,0
89791,0
89792,0
89793,0
89794,1
89795,0
89796,0
89797,0
89798,0
89799,0
89800,0
89801,0
89802,0
89803,0
89804,1
89805,0
89806,0
89807,1
89808,0
89809,1
89810,0
89811,0
89812,0
89813,0
89814,0
89815,0
89816,0
89817,0
89818,0
89819,0
89820,0
89821,0
89822,0
89823,0
89824,1
89825,0
89826,0
89827,0
89828,0
89829,0
89830,0
89831,0
89832,0
89833,0
89834,0
89835,0
89836,0
89837,0
89838,0
89839,0
89840,0
89841,0
89842,1
89843,1
89844,1
89845,0
89846,0
89847,0
89848,0
89849,0
89850,0
89851,0
89852,0
89853,0
89854,0
89855,0
89856,0
89857,0
89858,0
89859,1
89860,0
89861,0
89862,0
89863,0
89864,0
89865,0
89866,0
89867,0
89868,0
89869,0
89870,1
89871,0
89872,0
89873,0
89874,0
89875,0
89876,0
89877,0
89878,0
89879,0
89880,0
89881,0
89882,0
89883,0
89884,0
89885,0
89886,1
89887,0
89888,0
89889,0
89890,0
89891,0
89892,0
89893,0
89894,0
89895,0
89896,0
89897,0
89898,0
89899,0
89900,1
89901,1
89902,0
89903,0
89904,0
89905,0
89906,0
89907,0
89908,0
89909,1
89910,0
89911,0
89912,0
89913,0
89914,0
89915,0
89916,0
89917,0
89918,0
89919,0
89920,0
89921,0
89922,0
89923,0
89924,0
89925,1
89926,1
89927,0
89928,0
89929,0
89930,0
89931,0
89932,0
89933,1
89934,0
89935,0
89936,0
89937,0
89938,1
89939,0
89940,0
89941,1
89942,0
89943,0
89944,0
89945,0
89946,0
89947,0
89948,1
89949,0
89950,0
89951,0
89952,0
89953,0
89954,0
89955,0
89956,0
89957,0
89958,0
89959,0
89960,0
89961,1
89962,1
89963,0
89964,0
89965,0
89966,0
89967,0
89968,0
89969,0
89970,0
89971,0
89972,0
89973,0
89974,0
89975,1
89976,0
89977,0
89978,0
89979,0
89980,0
89981,0
89982,0
89983,1
89984,0
89985,0
89986,0
89987,0
89988,0
89989,0
89990,0
89991,0
89992,0
89993,0
89994,0
89995,0
89996,0
89997,1
89998,0
89999,0
90000,1
90001,0
90002,0
90003,0
90004,1
90005,0
90006,0
90007,0
90008,1
90009,1
90010,0
90011,1
90012,0
90013,0
90014,0
90015,0
90016,0
90017,0
90018,0
90019,0
90020,0
90021,0
90022,0
90023,0
90024,0
90025,0
90026,0
90027,0
90028,0
90029,0
90030,0
90031,1
90032,1
90033,0
90034,0
90035,0
90036,0
90037,0
90038,0
90039,0
90040,0
90041,0
90042,1
90043,0
90044,0
90045,0
90046,0
90047,0
90048,0
90049,0
90050,0
90051,0
90052,0
90053,0
90054,0
90055,0
90056,0
90057,0
90058,0
90059,0
90060,0
90061,0
90062,1
90063,0
90064,0
90065,1
90066,0
90067,0
90068,0
90069,0
90070,0
90071,0
90072,0
90073,0
90074,0
90075,1
90076,0
90077,0
90078,0
90079,0
90080,0
90081,0
90082,0
90083,0
90084,0
90085,0
90086,0
90087,0
90088,0
90089,0
90090,0
90091,0
90092,0
90093,0
90094,0
90095,0
90096,0
90097,0
90098,0
90099,0
90100,0
90101,0
90102,0
90103,0
90104,0
90105,0
90106,0
90107,1
90108,0
90109,0
90110,0
90111,0
90112,0
90113,0
90114,0
90115,0
90116,0
90117,0
90118,0
90119,0
90120,0
90121,0
90122,0
90123,0
90124,0
90125,1
90126,1
90127,1
90128,0
90129,0
90130,0
90131,0
90132,0
90133,1
90134,0
90135,0
90136,0
90137,0
90138,0
90139,1
90140,0
90141,0
90142,0
90143,0
90144,0
90145,0
90146,0
90147,0
90148,0
90149,0
90150,0
90151,0
90152,0
90153,0
90154,1
90155,0
90156,0
90157,0
90158,0
90159,0
90160,0
90161,0
90162,0
90163,0
90164,0
90165,0
90166,0
90167,0
90168,0
90169,0
90170,0
90171,0
90172,0
90173,0
90174,0
90175,0
90176,0
90177,0
90178,0
90179,0
90180,0
90181,1
90182,0
90183,0
90184,0
90185,0
90186,0
90187,1
90188,0
90189,0
90190,0
90191,0
90192,0
90193,0
90194,1
90195,1
90196,0
90197,0
90198,1
90199,0
90200,0
90201,0
90202,0
90203,0
90204,0
90205,0
90206,1
90207,0
90208,0
90209,0
90210,1
90211,0
90212,0
90213,1
90214,0
90215,0
90216,0
90217,0
90218,0
90219,0
90220,0
90221,0
90222,1
90223,0
90224,0
90225,0
90226,0
90227,0
90228,0
90229,0
90230,1
90231,1
90232,0
90233,0
90234,0
90235,0
90236,1
90237,1
90238,0
90239,0
90240,0
90241,0
90242,0
90243,0
90244,0
90245,0
90246,0
90247,0
90248,0
90249,0
90250,0
90251,1
90252,0
90253,0
90254,0
90255,0
90256,1
90257,0
90258,0
90259,1
90260,0
90261,1
90262,0
90263,0
90264,0
90265,0
90266,0
90267,1
90268,0
90269,0
90270,0
90271,0
90272,0
90273,0
90274,1
90275,1
90276,0
90277,0
90278,0
90279,0
90280,0
90281,0
90282,0
90283,0
90284,0
90285,0
90286,0
90287,0
90288,0
90289,0
90290,0
90291,0
90292,0
90293,0
90294,0
90295,0
90296,0
90297,0
90298,0
90299,1
90300,0
90301,0
90302,0
90303,0
90304,0
90305,0
90306,0
90307,0
90308,0
90309,1
90310,0
90311,1
90312,0
90313,0
90314,0
90315,0
90316,0
90317,0
90318,1
90319,0
90320,0
90321,0
90322,0
90323,0
90324,0
90325,0
90326,1
90327,0
90328,0
90329,0
90330,0
90331,0
90332,0
90333,0
90334,0
90335,0
90336,0
90337,0
90338,0
90339,0
90340,0
90341,0
90342,0
90343,1
90344,0
90345,0
90346,0
90347,1
90348,0
90349,0
90350,0
90351,1
90352,0
90353,0
90354,0
90355,0
90356,0
90357,0
90358,0
90359,0
90360,0
90361,0
90362,1
90363,0
90364,0
90365,0
90366,0
90367,0
90368,0
90369,1
90370,0
90371,0
90372,0
90373,0
90374,0
90375,0
90376,0
90377,0
90378,0
90379,0
90380,1
90381,0
90382,0
90383,0
90384,0
90385,0
90386,0
90387,0
90388,0
90389,1
90390,0
90391,0
90392,0
90393,0
90394,0
90395,0
90396,0
90397,0
90398,1
90399,0
90400,0
90401,0
90402,0
90403,0
90404,0
90405,0
90406,1
90407,0
90408,0
90409,0
90410,0
90411,0
90412,0
90413,0
90414,0
90415,0
90416,0
90417,0
90418,1
90419,0
90420,0
90421,0
90422,0
90423,0
90424,0
90425,1
90426,0
90427,0
90428,0
90429,0
90430,0
90431,0
90432,0
90433,0
90434,0
90435,0
90436,0
90437,0
90438,0
90439,1
90440,0
90441,0
90442,0
90443,0
90444,0
90445,0
90446,0
90447,0
90448,0
90449,0
90450,0
90451,0
90452,0
90453,0
90454,0
90455,0
90456,0
90457,0
90458,0
90459,0
90460,0
90461,0
90462,0
90463,1
90464,0
90465,0
90466,0
90467,0
90468,0
90469,0
90470,0
90471,0
90472,1
90473,0
90474,0
90475,0
90476,0
90477,1
90478,0
90479,0
90480,0
90481,0
90482,0
90483,0
90484,0
90485,0
90486,0
90487,0
90488,0
90489,0
90490,0
90491,0
90492,0
90493,0
90494,0
90495,0
90496,0
90497,1
90498,0
90499,1
90500,1
90501,0
90502,0
90503,0
90504,1
90505,0
90506,0
90507,0
90508,0
90509,0
90510,0
90511,0
90512,0
90513,0
90514,0
90515,0
90516,0
90517,0
90518,0
90519,0
90520,0
90521,0
90522,0
90523,0
90524,0
90525,0
90526,0
90527,0
90528,0
90529,0
90530,0
90531,0
90532,0
90533,0
90534,1
90535,0
90536,0
90537,0
90538,1
90539,0
90540,0
90541,0
90542,0
90543,0
90544,0
90545,1
90546,0
90547,0
90548,0
90549,0
90550,0
90551,0
90552,0
90553,0
90554,0
90555,0
90556,0
90557,0
90558,0
90559,0
90560,0
90561,0
90562,0
90563,0
90564,0
90565,0
90566,0
90567,0
90568,0
90569,0
90570,0
90571,0
90572,0
90573,0
90574,0
90575,0
90576,0
90577,0
90578,0
90579,0
90580,0
90581,0
90582,0
90583,0
90584,0
90585,0
90586,0
90587,0
90588,0
90589,0
90590,0
90591,0
90592,0
90593,0
90594,0
90595,0
90596,0
90597,0
90598,0
90599,0
90600,1
90601,0
90602,0
90603,1
90604,0
90605,1
90606,0
90607,0
90608,0
90609,0
90610,0
90611,0
90612,0
90613,1
90614,0
90615,0
90616,0
90617,0
90618,0
90619,0
90620,0
90621,0
90622,0
90623,0
90624,0
90625,0
90626,0
90627,0
90628,0
90629,0
90630,0
90631,0
90632,0
90633,0
90634,0
90635,0
90636,0
90637,0
90638,1
90639,0
90640,0
90641,0
90642,0
90643,1
90644,1
90645,0
90646,1
90647,0
90648,0
90649,0
90650,0
90651,0
90652,0
90653,0
90654,0
90655,0
90656,0
90657,0
90658,0
90659,0
90660,0
90661,0
90662,1
90663,0
90664,0
90665,0
90666,0
90667,0
90668,0
90669,0
90670,1
90671,0
90672,0
90673,1
90674,0
90675,0
90676,0
90677,0
90678,1
90679,1
90680,0
90681,0
90682,1
90683,0
90684,0
90685,0
90686,0
90687,0
90688,0
90689,0
90690,1
90691,1
90692,0
90693,0
90694,0
90695,1
90696,0
90697,0
90698,0
90699,0
90700,0
90701,0
90702,0
90703,0
90704,0
90705,0
90706,0
90707,0
90708,0
90709,0
90710,0
90711,0
90712,0
90713,0
90714,0
90715,0
90716,0
90717,0
90718,0
90719,0
90720,0
90721,1
90722,0
90723,0
90724,0
90725,0
90726,0
90727,0
90728,0
90729,0
90730,0
90731,0
90732,0
90733,0
90734,0
90735,0
90736,1
90737,0
90738,0
90739,0
90740,0
90741,0
90742,0
90743,1
90744,0
90745,0
90746,1
90747,0
90748,0
90749,0
90750,0
90751,0
90752,0
90753,0
90754,0
90755,0
90756,0
90757,0
90758,0
90759,0
90760,0
90761,0
90762,0
90763,0
90764,0
90765,0
90766,0
90767,0
90768,0
90769,0
90770,0
90771,0
90772,1
90773,0
90774,0
90775,1
90776,0
90777,0
90778,0
90779,1
90780,0
90781,0
90782,0
90783,0
90784,1
90785,0
90786,0
90787,0
90788,0
90789,0
90790,0
90791,1
90792,0
90793,0
90794,0
90795,0
90796,0
90797,0
90798,0
90799,0
90800,0
90801,0
90802,0
90803,0
90804,0
90805,0
90806,1
90807,0
90808,0
90809,1
90810,0
90811,0
90812,0
90813,1
90814,0
90815,0
90816,0
90817,1
90818,0
90819,0
90820,1
90821,0
90822,0
90823,0
90824,0
90825,0
90826,0
90827,0
90828,0
90829,0
90830,1
90831,0
90832,0
90833,1
90834,0
90835,0
90836,0
90837,1
90838,0
90839,0
90840,1
90841,0
90842,0
90843,0
90844,0
90845,0
90846,0
90847,0
90848,0
90849,0
90850,0
90851,0
90852,0
90853,0
90854,0
90855,0
90856,0
90857,0
90858,0
90859,0
90860,0
90861,0
90862,0
90863,0
90864,1
90865,0
90866,0
90867,0
90868,0
90869,0
90870,0
90871,0
90872,1
90873,0
90874,0
90875,1
90876,0
90877,0
90878,1
90879,0
90880,0
90881,0
90882,0
90883,0
90884,0
90885,0
90886,0
90887,0
90888,0
90889,0
90890,0
90891,0
90892,0
90893,0
90894,0
90895,0
90896,0
90897,0
90898,0
90899,0
90900,0
90901,0
90902,0
90903,0
90904,0
90905,0
90906,0
90907,1
90908,0
90909,0
90910,0
90911,0
90912,0
90913,1
90914,0
90915,0
90916,0
90917,0
90918,0
90919,0
90920,1
90921,0
90922,0
90923,0
90924,0
90925,0
90926,0
90927,0
90928,0
90929,0
90930,0
90931,0
90932,0
90933,0
90934,0
90935,0
90936,0
90937,0
90938,0
90939,0
90940,0
90941,0
90942,0
90943,0
90944,0
90945,1
90946,0
90947,0
90948,0
90949,0
90950,0
90951,0
90952,0
90953,0
90954,0
90955,0
90956,0
90957,0
90958,0
90959,0
90960,0
90961,0
90962,0
90963,0
90964,0
90965,0
90966,0
90967,0
90968,0
90969,0
90970,0
90971,0
90972,0
90973,0
90974,0
90975,0
90976,0
90977,1
90978,0
90979,0
90980,0
90981,1
90982,0
90983,0
90984,1
90985,0
90986,0
90987,0
90988,0
90989,0
90990,0
90991,0
90992,0
90993,0
90994,0
90995,0
90996,0
90997,1
90998,0
90999,1
91000,0
91001,0
91002,0
91003,0
91004,0
91005,0
91006,0
91007,0
91008,0
91009,0
91010,0
91011,0
91012,0
91013,1
91014,0
91015,0
91016,0
91017,0
91018,0
91019,0
91020,1
91021,0
91022,0
91023,0
91024,0
91025,0
91026,1
91027,0
91028,0
91029,0
91030,0
91031,0
91032,0
91033,0
91034,1
91035,0
91036,0
91037,0
91038,0
91039,0
91040,0
91041,0
91042,0
91043,0
91044,0
91045,0
91046,1
91047,0
91048,0
91049,1
91050,0
91051,0
91052,0
91053,0
91054,0
91055,0
91056,0
91057,1
91058,0
91059,0
91060,0
91061,0
91062,0
91063,1
91064,0
91065,0
91066,0
91067,0
91068,0
91069,0
91070,0
91071,0
91072,0
91073,0
91074,0
91075,0
91076,0
91077,0
91078,0
91079,0
91080,0
91081,0
91082,0
91083,0
91084,0
91085,0
91086,1
91087,0
91088,0
91089,1
91090,0
91091,0
91092,0
91093,0
91094,0
91095,0
91096,0
91097,0
91098,0
91099,0
91100,0
91101,0
91102,0
91103,0
91104,0
91105,0
91106,1
91107,0
91108,1
91109,0
91110,0
91111,0
91112,0
91113,0
91114,0
91115,1
91116,0
91117,1
91118,0
91119,0
91120,0
91121,0
91122,0
91123,0
91124,0
91125,0
91126,0
91127,1
91128,1
91129,0
91130,0
91131,1
91132,0
91133,0
91134,0
91135,0
91136,0
91137,1
91138,0
91139,0
91140,0
91141,0
91142,0
91143,0
91144,0
91145,0
91146,0
91147,0
91148,0
91149,0
91150,0
91151,0
91152,0
91153,0
91154,0
91155,1
91156,1
91157,0
91158,0
91159,0
91160,0
91161,0
91162,0
91163,0
91164,0
91165,0
91166,0
91167,0
91168,0
91169,0
91170,0
91171,1
91172,0
91173,1
91174,0
91175,0
91176,0
91177,0
91178,1
91179,0
91180,0
91181,0
91182,0
91183,0
91184,0
91185,0
91186,0
91187,0
91188,0
91189,0
91190,1
91191,0
91192,0
91193,0
91194,0
91195,0
91196,0
91197,0
91198,0
91199,0
91200,0
91201,0
91202,0
91203,0
91204,0
91205,0
91206,0
91207,0
91208,0
91209,0
91210,0
91211,0
91212,0
91213,0
91214,0
91215,0
91216,0
91217,0
91218,0
91219,0
91220,0
91221,0
91222,0
91223,0
91224,0
91225,0
91226,0
91227,0
91228,0
91229,0
91230,0
91231,0
91232,0
91233,0
91234,0
91235,0
91236,0
91237,0
91238,1
91239,0
91240,0
91241,0
91242,0
91243,0
91244,0
91245,0
91246,0
91247,0
91248,0
91249,0
91250,0
91251,1
91252,0
91253,0
91254,0
91255,0
91256,0
91257,0
91258,0
91259,0
91260,0
91261,0
91262,0
91263,1
91264,0
91265,0
91266,0
91267,0
91268,0
91269,1
91270,0
91271,1
91272,0
91273,0
91274,0
91275,0
91276,0
91277,0
91278,0
91279,0
91280,0
91281,0
91282,0
91283,1
91284,0
91285,1
91286,1
91287,0
91288,0
91289,0
91290,1
91291,0
91292,0
91293,0
91294,0
91295,0
91296,0
91297,0
91298,1
91299,1
91300,1
91301,0
91302,0
91303,1
91304,0
91305,0
91306,0
91307,0
91308,0
91309,0
91310,0
91311,0
91312,1
91313,0
91314,0
91315,0
91316,0
91317,0
91318,0
91319,0
91320,1
91321,0
91322,0
91323,0
91324,1
91325,0
91326,0
91327,0
91328,0
91329,0
91330,0
91331,0
91332,0
91333,0
91334,0
91335,0
91336,0
91337,1
91338,0
91339,0
91340,0
91341,0
91342,0
91343,0
91344,0
91345,0
91346,0
91347,0
91348,0
91349,0
91350,0
91351,0
91352,0
91353,0
91354,0
91355,1
91356,0
91357,0
91358,1
91359,0
91360,0
91361,0
91362,0
91363,1
91364,0
91365,0
91366,0
91367,0
91368,0
91369,1
91370,0
91371,1
91372,0
91373,0
91374,0
91375,0
91376,0
91377,0
91378,0
91379,1
91380,1
91381,0
91382,0
91383,0
91384,0
91385,0
91386,0
91387,1
91388,0
91389,0
91390,0
91391,0
91392,0
91393,0
91394,0
91395,0
91396,0
91397,0
91398,0
91399,0
91400,0
91401,1
91402,0
91403,0
91404,0
91405,0
91406,1
91407,0
91408,1
91409,1
91410,1
91411,0
91412,0
91413,0
91414,0
91415,0
91416,0
91417,0
91418,0
91419,0
91420,0
91421,1
91422,1
91423,0
91424,0
91425,0
91426,0
91427,0
91428,1
91429,0
91430,0
91431,0
91432,1
91433,0
91434,0
91435,0
91436,0
91437,0
91438,0
91439,0
91440,0
91441,0
91442,0
91443,1
91444,0
91445,0
91446,1
91447,0
91448,0
91449,0
91450,0
91451,1
91452,0
91453,0
91454,0
91455,0
91456,0
91457,0
91458,0
91459,0
91460,0
91461,0
91462,1
91463,0
91464,0
91465,0
91466,0
91467,0
91468,0
91469,0
91470,0
91471,0
91472,0
91473,0
91474,0
91475,0
91476,0
91477,0
91478,1
91479,0
91480,0
91481,0
91482,0
91483,0
91484,0
91485,0
91486,0
91487,1
91488,1
91489,0
91490,0
91491,0
91492,0
91493,0
91494,0
91495,0
91496,0
91497,0
91498,0
91499,0
91500,0
91501,1
91502,0
91503,0
91504,0
91505,0
91506,0
91507,1
91508,0
91509,0
91510,1
91511,0
91512,0
91513,0
91514,0
91515,0
91516,0
91517,0
91518,0
91519,0
91520,1
91521,0
91522,0
91523,0
91524,1
91525,0
91526,0
91527,0
91528,0
91529,0
91530,0
91531,0
91532,0
91533,0
91534,0
91535,0
91536,1
91537,0
91538,0
91539,0
91540,0
91541,0
91542,1
91543,1
91544,0
91545,0
91546,0
91547,0
91548,0
91549,0
91550,0
91551,0
91552,0
91553,0
91554,0
91555,0
91556,0
91557,0
91558,0
91559,0
91560,0
91561,0
91562,0
91563,0
91564,0
91565,0
91566,0
91567,0
91568,0
91569,0
91570,0
91571,0
91572,0
91573,0
91574,0
91575,1
91576,0
91577,0
91578,0
91579,1
91580,0
91581,0
91582,0
91583,0
91584,0
91585,0
91586,0
91587,1
91588,0
91589,0
91590,0
91591,0
91592,0
91593,0
91594,0
91595,0
91596,0
91597,0
91598,0
91599,0
91600,0
91601,0
91602,0
91603,0
91604,0
91605,0
91606,0
91607,0
91608,0
91609,0
91610,0
91611,0
91612,0
91613,0
91614,0
91615,0
91616,0
91617,0
91618,1
91619,1
91620,0
91621,1
91622,1
91623,0
91624,0
91625,0
91626,0
91627,1
91628,0
91629,0
91630,0
91631,0
91632,0
91633,0
91634,0
91635,0
91636,0
91637,0
91638,0
91639,0
91640,0
91641,0
91642,0
91643,1
91644,0
91645,0
91646,0
91647,0
91648,0
91649,0
91650,0
91651,0
91652,0
91653,0
91654,0
91655,0
91656,0
91657,0
91658,0
91659,0
91660,0
91661,0
91662,0
91663,0
91664,0
91665,0
91666,0
91667,0
91668,0
91669,0
91670,0
91671,0
91672,1
91673,0
91674,0
91675,0
91676,0
91677,0
91678,0
91679,0
91680,0
91681,0
91682,0
91683,1
91684,1
91685,0
91686,0
91687,0
91688,0
91689,0
91690,0
91691,0
91692,0
91693,0
91694,0
91695,1
91696,0
91697,0
91698,0
91699,0
91700,0
91701,1
91702,0
91703,0
91704,0
91705,0
91706,0
91707,0
91708,0
91709,0
91710,0
91711,0
91712,0
91713,0
91714,0
91715,1
91716,1
91717,1
91718,0
91719,0
91720,0
91721,0
91722,0
91723,1
91724,0
91725,0
91726,0
91727,0
91728,0
91729,0
91730,0
91731,1
91732,0
91733,0
91734,0
91735,0
91736,1
91737,0
91738,0
91739,0
91740,1
91741,0
91742,0
91743,0
91744,1
91745,0
91746,0
91747,0
91748,0
91749,1
91750,0
91751,0
91752,0
91753,1
91754,0
91755,0
91756,0
91757,0
91758,0
91759,0
91760,0
91761,0
91762,1
91763,0
91764,0
91765,0
91766,0
91767,1
91768,0
91769,0
91770,0
91771,0
91772,0
91773,0
91774,0
91775,0
91776,0
91777,0
91778,0
91779,0
91780,0
91781,0
91782,0
91783,0
91784,0
91785,0
91786,0
91787,0
91788,0
91789,1
91790,0
91791,0
91792,0
91793,1
91794,0
91795,0
91796,0
91797,0
91798,0
91799,0
91800,0
91801,0
91802,0
91803,0
91804,0
91805,1
91806,0
91807,0
91808,0
91809,0
91810,0
91811,0
91812,0
91813,0
91814,0
91815,0
91816,0
91817,0
91818,0
91819,0
91820,0
91821,0
91822,0
91823,0
91824,0
91825,0
91826,0
91827,0
91828,0
91829,0
91830,0
91831,0
91832,0
91833,0
91834,0
91835,1
91836,0
91837,0
91838,1
91839,0
91840,0
91841,0
91842,0
91843,0
91844,0
91845,0
91846,0
91847,0
91848,0
91849,0
91850,0
91851,1
91852,0
91853,0
91854,0
91855,0
91856,0
91857,0
91858,0
91859,0
91860,0
91861,0
91862,0
91863,0
91864,0
91865,0
91866,1
91867,0
91868,0
91869,0
91870,0
91871,1
91872,0
91873,0
91874,0
91875,0
91876,0
91877,0
91878,0
91879,0
91880,0
91881,0
91882,0
91883,0
91884,0
91885,0
91886,0
91887,0
91888,0
91889,0
91890,0
91891,0
91892,1
91893,0
91894,0
91895,0
91896,0
91897,0
91898,0
91899,0
91900,0
91901,0
91902,0
91903,0
91904,0
91905,0
91906,1
91907,0
91908,0
91909,0
91910,0
91911,1
91912,1
91913,0
91914,0
91915,0
91916,0
91917,0
91918,0
91919,0
91920,0
91921,0
91922,0
91923,0
91924,0
91925,0
91926,0
91927,1
91928,0
91929,0
91930,0
91931,0
91932,0
91933,0
91934,0
91935,0
91936,0
91937,0
91938,0
91939,0
91940,0
91941,0
91942,0
91943,0
91944,0
91945,1
91946,0
91947,0
91948,0
91949,0
91950,0
91951,0
91952,0
91953,0
91954,0
91955,0
91956,0
91957,0
91958,0
91959,0
91960,0
91961,0
91962,0
91963,0
91964,0
91965,0
91966,0
91967,0
91968,0
91969,0
91970,1
91971,0
91972,0
91973,0
91974,0
91975,0
91976,1
91977,0
91978,0
91979,0
91980,1
91981,0
91982,0
91983,0
91984,0
91985,0
91986,0
91987,0
91988,0
91989,0
91990,0
91991,1
91992,0
91993,0
91994,0
91995,0
91996,1
91997,0
91998,0
91999,0
92000,0
92001,0
92002,0
92003,0
92004,0
92005,0
92006,0
92007,0
92008,0
92009,0
92010,0
92011,0
92012,0
92013,1
92014,0
92015,1
92016,0
92017,0
92018,0
92019,1
92020,0
92021,0
92022,0
92023,0
92024,0
92025,1
92026,1
92027,1
92028,0
92029,0
92030,0
92031,0
92032,0
92033,0
92034,0
92035,0
92036,0
92037,0
92038,0
92039,0
92040,0
92041,0
92042,0
92043,0
92044,1
92045,0
92046,0
92047,0
92048,0
92049,0
92050,0
92051,0
92052,0
92053,0
92054,0
92055,0
92056,1
92057,0
92058,1
92059,0
92060,0
92061,0
92062,0
92063,0
92064,0
92065,0
92066,0
92067,0
92068,0
92069,0
92070,0
92071,0
92072,0
92073,0
92074,0
92075,0
92076,0
92077,0
92078,0
92079,1
92080,0
92081,0
92082,1
92083,0
92084,0
92085,0
92086,0
92087,0
92088,0
92089,0
92090,0
92091,0
92092,0
92093,0
92094,0
92095,1
92096,0
92097,0
92098,0
92099,0
92100,0
92101,0
92102,1
92103,0
92104,0
92105,0
92106,0
92107,0
92108,0
92109,0
92110,0
92111,0
92112,0
92113,0
92114,0
92115,0
92116,0
92117,0
92118,0
92119,0
92120,0
92121,0
92122,1
92123,1
92124,0
92125,0
92126,0
92127,0
92128,1
92129,0
92130,0
92131,1
92132,0
92133,0
92134,0
92135,0
92136,0
92137,0
92138,0
92139,0
92140,0
92141,0
92142,0
92143,0
92144,0
92145,0
92146,0
92147,0
92148,0
92149,1
92150,0
92151,0
92152,0
92153,0
92154,1
92155,1
92156,0
92157,0
92158,0
92159,0
92160,0
92161,0
92162,0
92163,0
92164,0
92165,0
92166,0
92167,0
92168,0
92169,0
92170,0
92171,0
92172,0
92173,0
92174,0
92175,0
92176,0
92177,0
92178,0
92179,0
92180,0
92181,0
92182,0
92183,0
92184,0
92185,0
92186,0
92187,1
92188,0
92189,0
92190,0
92191,0
92192,1
92193,0
92194,0
92195,0
92196,0
92197,0
92198,0
92199,0
92200,1
92201,0
92202,0
92203,0
92204,0
92205,0
92206,0
92207,0
92208,0
92209,0
92210,0
92211,0
92212,0
92213,0
92214,0
92215,0
92216,0
92217,0
92218,0
92219,0
92220,0
92221,0
92222,0
92223,0
92224,0
92225,0
92226,0
92227,0
92228,0
92229,0
92230,0
92231,0
92232,0
92233,0
92234,0
92235,0
92236,0
92237,1
92238,0
92239,0
92240,0
92241,0
92242,0
92243,0
92244,0
92245,1
92246,0
92247,0
92248,1
92249,0
92250,0
92251,0
92252,0
92253,0
92254,1
92255,1
92256,0
92257,0
92258,0
92259,0
92260,1
92261,0
92262,0
92263,0
92264,0
92265,0
92266,1
92267,1
92268,0
92269,0
92270,0
92271,0
92272,0
92273,0
92274,0
92275,0
92276,0
92277,0
92278,0
92279,0
92280,1
92281,0
92282,0
92283,1
92284,0
92285,0
92286,0
92287,0
92288,0
92289,0
92290,0
92291,0
92292,0
92293,0
92294,0
92295,0
92296,1
92297,0
92298,1
92299,0
92300,0
92301,0
92302,0
92303,0
92304,0
92305,1
92306,0
92307,0
92308,0
92309,0
92310,0
92311,0
92312,0
92313,0
92314,0
92315,0
92316,0
92317,0
92318,0
92319,0
92320,0
92321,0
92322,0
92323,0
92324,0
92325,0
92326,0
92327,1
92328,0
92329,1
92330,0
92331,0
92332,1
92333,1
92334,0
92335,0
92336,0
92337,0
92338,0
92339,0
92340,1
92341,0
92342,0
92343,0
92344,0
92345,0
92346,0
92347,0
92348,0
92349,0
92350,0
92351,1
92352,0
92353,1
92354,0
92355,0
92356,0
92357,0
92358,0
92359,0
92360,0
92361,0
92362,0
92363,0
92364,0
92365,0
92366,0
92367,0
92368,0
92369,0
92370,0
92371,0
92372,0
92373,0
92374,0
92375,0
92376,0
92377,0
92378,0
92379,0
92380,0
92381,0
92382,1
92383,0
92384,1
92385,0
92386,0
92387,0
92388,0
92389,0
92390,0
92391,0
92392,0
92393,1
92394,0
92395,0
92396,0
92397,0
92398,0
92399,1
92400,0
92401,0
92402,1
92403,0
92404,0
92405,0
92406,1
92407,0
92408,0
92409,1
92410,0
92411,0
92412,1
92413,0
92414,0
92415,0
92416,0
92417,1
92418,0
92419,0
92420,0
92421,0
92422,0
92423,0
92424,0
92425,0
92426,0
92427,0
92428,0
92429,0
92430,0
92431,0
92432,0
92433,0
92434,0
92435,0
92436,0
92437,0
92438,0
92439,0
92440,1
92441,0
92442,0
92443,1
92444,0
92445,0
92446,0
92447,1
92448,0
92449,0
92450,0
92451,0
92452,0
92453,0
92454,0
92455,0
92456,0
92457,0
92458,1
92459,0
92460,0
92461,0
92462,0
92463,0
92464,1
92465,0
92466,0
92467,0
92468,0
92469,0
92470,0
92471,0
92472,0
92473,0
92474,0
92475,0
92476,0
92477,0
92478,1
92479,0
92480,0
92481,0
92482,0
92483,1
92484,0
92485,0
92486,0
92487,0
92488,0
92489,0
92490,0
92491,0
92492,1
92493,0
92494,0
92495,0
92496,0
92497,0
92498,0
92499,0
92500,0
92501,1
92502,0
92503,0
92504,0
92505,0
92506,0
92507,0
92508,0
92509,1
92510,1
92511,0
92512,0
92513,0
92514,0
92515,0
92516,0
92517,0
92518,0
92519,0
92520,0
92521,0
92522,0
92523,0
92524,0
92525,0
92526,0
92527,0
92528,0
92529,0
92530,0
92531,0
92532,0
92533,1
92534,0
92535,0
92536,0
92537,0
92538,0
92539,0
92540,1
92541,0
92542,0
92543,0
92544,0
92545,0
92546,0
92547,0
92548,0
92549,0
92550,0
92551,1
92552,0
92553,0
92554,0
92555,0
92556,0
92557,0
92558,0
92559,0
92560,0
92561,0
92562,0
92563,0
92564,0
92565,0
92566,0
92567,0
92568,1
92569,0
92570,0
92571,0
92572,1
92573,0
92574,0
92575,1
92576,0
92577,1
92578,0
92579,0
92580,0
92581,0
92582,0
92583,1
92584,0
92585,0
92586,0
92587,0
92588,0
92589,0
92590,0
92591,1
92592,0
92593,0
92594,0
92595,0
92596,0
92597,0
92598,0
92599,0
92600,0
92601,0
92602,0
92603,1
92604,0
92605,0
92606,0
92607,0
92608,0
92609,0
92610,1
92611,1
92612,0
92613,0
92614,0
92615,0
92616,0
92617,0
92618,0
92619,0
92620,0
92621,0
92622,0
92623,0
92624,1
92625,0
92626,0
92627,1
92628,0
92629,0
92630,0
92631,0
92632,0
92633,0
92634,0
92635,0
92636,0
92637,0
92638,0
92639,0
92640,0
92641,0
92642,0
92643,1
92644,0
92645,0
92646,0
92647,0
92648,0
92649,0
92650,0
92651,0
92652,0
92653,0
92654,0
92655,0
92656,0
92657,0
92658,0
92659,0
92660,0
92661,0
92662,0
92663,0
92664,0
92665,0
92666,0
92667,0
92668,0
92669,0
92670,0
92671,0
92672,0
92673,1
92674,0
92675,0
92676,0
92677,1
92678,0
92679,0
92680,1
92681,1
92682,0
92683,0
92684,0
92685,0
92686,0
92687,0
92688,0
92689,0
92690,0
92691,0
92692,0
92693,0
92694,0
92695,0
92696,1
92697,0
92698,0
92699,0
92700,0
92701,0
92702,0
92703,0
92704,0
92705,0
92706,0
92707,0
92708,0
92709,1
92710,0
92711,1
92712,0
92713,0
92714,1
92715,0
92716,0
92717,0
92718,0
92719,0
92720,0
92721,0
92722,0
92723,0
92724,0
92725,1
92726,0
92727,0
92728,0
92729,0
92730,0
92731,0
92732,0
92733,0
92734,0
92735,0
92736,0
92737,0
92738,0
92739,1
92740,0
92741,0
92742,0
92743,0
92744,0
92745,0
92746,1
92747,0
92748,0
92749,0
92750,0
92751,0
92752,0
92753,0
92754,0
92755,0
92756,0
92757,0
92758,0
92759,0
92760,0
92761,0
92762,1
92763,0
92764,0
92765,0
92766,0
92767,0
92768,0
92769,0
92770,0
92771,0
92772,0
92773,0
92774,0
92775,0
92776,0
92777,0
92778,0
92779,0
92780,0
92781,0
92782,0
92783,0
92784,0
92785,0
92786,1
92787,0
92788,1
92789,0
92790,0
92791,0
92792,0
92793,0
92794,1
92795,0
92796,0
92797,0
92798,0
92799,0
92800,0
92801,0
92802,1
92803,0
92804,0
92805,0
92806,0
92807,0
92808,1
92809,0
92810,0
92811,0
92812,0
92813,0
92814,0
92815,0
92816,0
92817,0
92818,0
92819,0
92820,0
92821,0
92822,0
92823,1
92824,0
92825,0
92826,0
92827,0
92828,0
92829,0
92830,0
92831,0
92832,0
92833,0
92834,0
92835,0
92836,0
92837,0
92838,0
92839,0
92840,0
92841,0
92842,0
92843,1
92844,0
92845,0
92846,1
92847,0
92848,1
92849,0
92850,0
92851,1
92852,0
92853,0
92854,0
92855,0
92856,0
92857,0
92858,0
92859,0
92860,0
92861,0
92862,0
92863,0
92864,0
92865,0
92866,1
92867,0
92868,0
92869,0
92870,0
92871,0
92872,0
92873,0
92874,1
92875,0
92876,0
92877,0
92878,0
92879,0
92880,0
92881,0
92882,0
92883,0
92884,0
92885,0
92886,1
92887,0
92888,0
92889,0
92890,0
92891,0
92892,0
92893,0
92894,0
92895,0
92896,0
92897,0
92898,0
92899,0
92900,0
92901,1
92902,1
92903,0
92904,0
92905,0
92906,0
92907,0
92908,0
92909,0
92910,0
92911,0
92912,0
92913,0
92914,0
92915,0
92916,0
92917,0
92918,0
92919,0
92920,0
92921,0
92922,0
92923,0
92924,0
92925,0
92926,0
92927,0
92928,0
92929,0
92930,0
92931,0
92932,0
92933,0
92934,0
92935,0
92936,1
92937,0
92938,0
92939,0
92940,0
92941,0
92942,0
92943,0
92944,0
92945,0
92946,0
92947,0
92948,0
92949,0
92950,0
92951,0
92952,0
92953,0
92954,0
92955,0
92956,0
92957,0
92958,1
92959,0
92960,0
92961,0
92962,0
92963,0
92964,1
92965,0
92966,0
92967,0
92968,0
92969,0
92970,0
92971,1
92972,0
92973,0
92974,0
92975,0
92976,0
92977,0
92978,0
92979,0
92980,0
92981,1
92982,0
92983,0
92984,0
92985,0
92986,0
92987,0
92988,0
92989,1
92990,0
92991,0
92992,0
92993,0
92994,0
92995,0
92996,0
92997,1
92998,0
92999,0
93000,0
93001,0
93002,0
93003,0
93004,0
93005,0
93006,0
93007,0
93008,1
93009,0
93010,0
93011,0
93012,0
93013,0
93014,0
93015,0
93016,0
93017,1
93018,1
93019,0
93020,0
93021,1
93022,0
93023,0
93024,0
93025,1
93026,0
93027,1
93028,0
93029,1
93030,0
93031,1
93032,0
93033,0
93034,0
93035,0
93036,1
93037,0
93038,0
93039,0
93040,0
93041,0
93042,0
93043,0
93044,0
93045,0
93046,0
93047,0
93048,0
93049,0
93050,0
93051,0
93052,0
93053,0
93054,0
93055,0
93056,0
93057,0
93058,1
93059,0
93060,0
93061,0
93062,0
93063,0
93064,0
93065,0
93066,0
93067,1
93068,0
93069,0
93070,0
93071,0
93072,0
93073,0
93074,0
93075,0
93076,0
93077,0
93078,0
93079,0
93080,0
93081,0
93082,0
93083,0
93084,0
93085,0
93086,0
93087,0
93088,0
93089,0
93090,1
93091,0
93092,1
93093,0
93094,0
93095,0
93096,1
93097,0
93098,0
93099,0
93100,0
93101,0
93102,0
93103,0
93104,0
93105,0
93106,0
93107,0
93108,0
93109,0
93110,1
93111,0
93112,0
93113,0
93114,0
93115,0
93116,0
93117,0
93118,0
93119,0
93120,0
93121,0
93122,0
93123,0
93124,1
93125,0
93126,0
93127,1
93128,0
93129,0
93130,0
93131,0
93132,0
93133,0
93134,0
93135,0
93136,0
93137,0
93138,0
93139,0
93140,0
93141,0
93142,0
93143,0
93144,0
93145,1
93146,0
93147,0
93148,0
93149,0
93150,0
93151,0
93152,1
93153,1
93154,0
93155,0
93156,0
93157,0
93158,0
93159,1
93160,0
93161,0
93162,0
93163,0
93164,0
93165,0
93166,0
93167,0
93168,0
93169,0
93170,0
93171,0
93172,0
93173,0
93174,0
93175,0
93176,1
93177,1
93178,0
93179,0
93180,1
93181,0
93182,0
93183,0
93184,0
93185,0
93186,0
93187,0
93188,0
93189,0
93190,0
93191,0
93192,1
93193,0
93194,1
93195,0
93196,0
93197,0
93198,0
93199,0
93200,0
93201,0
93202,0
93203,0
93204,0
93205,0
93206,0
93207,0
93208,0
93209,0
93210,0
93211,1
93212,0
93213,0
93214,1
93215,0
93216,1
93217,0
93218,0
93219,0
93220,0
93221,0
93222,0
93223,0
93224,0
93225,0
93226,0
93227,0
93228,0
93229,0
93230,0
93231,0
93232,0
93233,0
93234,0
93235,0
93236,0
93237,0
93238,1
93239,1
93240,0
93241,1
93242,0
93243,0
93244,0
93245,0
93246,0
93247,0
93248,0
93249,0
93250,0
93251,0
93252,0
93253,0
93254,0
93255,1
93256,0
93257,0
93258,0
93259,1
93260,0
93261,0
93262,1
93263,0
93264,0
93265,0
93266,0
93267,0
93268,1
93269,0
93270,0
93271,0
93272,0
93273,1
93274,0
93275,0
93276,0
93277,0
93278,0
93279,0
93280,0
93281,0
93282,0
93283,0
93284,0
93285,0
93286,0
93287,0
93288,0
93289,0
93290,0
93291,0
93292,0
93293,0
93294,0
93295,0
93296,0
93297,0
93298,0
93299,0
93300,0
93301,0
93302,0
93303,0
93304,0
93305,0
93306,1
93307,0
93308,1
93309,0
93310,0
93311,0
93312,0
93313,0
93314,0
93315,0
93316,0
93317,0
93318,0
93319,0
93320,0
93321,0
93322,0
93323,0
93324,1
93325,0
93326,0
93327,0
93328,0
93329,0
93330,0
93331,1
93332,0
93333,0
93334,0
93335,0
93336,1
93337,0
93338,0
93339,1
93340,1
93341,0
93342,0
93343,0
93344,0
93345,0
93346,0
93347,0
93348,0
93349,0
93350,0
93351,0
93352,0
93353,0
93354,0
93355,0
93356,0
93357,0
93358,0
93359,0
93360,0
93361,0
93362,0
93363,0
93364,0
93365,0
93366,1
93367,0
93368,0
93369,1
93370,0
93371,0
93372,0
93373,0
93374,0
93375,1
93376,0
93377,0
93378,0
93379,0
93380,0
93381,0
93382,0
93383,0
93384,0
93385,0
93386,0
93387,0
93388,0
93389,1
93390,1
93391,0
93392,0
93393,1
93394,0
93395,0
93396,0
93397,1
93398,0
93399,1
93400,0
93401,0
93402,1
93403,0
93404,0
93405,0
93406,0
93407,0
93408,0
93409,0
93410,0
93411,0
93412,0
93413,0
93414,0
93415,1
93416,0
93417,0
93418,0
93419,0
93420,0
93421,1
93422,1
93423,1
93424,1
93425,0
93426,0
93427,1
93428,0
93429,0
93430,0
93431,0
93432,0
93433,0
93434,1
93435,0
93436,0
93437,0
93438,0
93439,0
93440,0
93441,0
93442,0
93443,0
93444,0
93445,1
93446,0
93447,0
93448,0
93449,0
93450,1
93451,0
93452,0
93453,0
93454,0
93455,0
93456,1
93457,0
93458,0
93459,1
93460,0
93461,0
93462,0
93463,0
93464,0
93465,0
93466,0
93467,0
93468,0
93469,0
93470,0
93471,0
93472,0
93473,0
93474,0
93475,0
93476,0
93477,0
93478,0
93479,0
93480,0
93481,0
93482,0
93483,1
93484,0
93485,0
93486,0
93487,0
93488,0
93489,1
93490,0
93491,0
93492,0
93493,1
93494,0
93495,0
93496,0
93497,0
93498,0
93499,1
93500,0
93501,0
93502,0
93503,0
93504,0
93505,0
93506,0
93507,0
93508,0
93509,0
93510,0
93511,0
93512,0
93513,0
93514,1
93515,0
93516,0
93517,0
93518,0
93519,0
93520,0
93521,0
93522,0
93523,0
93524,0
93525,0
93526,0
93527,0
93528,0
93529,1
93530,0
93531,0
93532,0
93533,0
93534,1
93535,0
93536,0
93537,0
93538,0
93539,0
93540,0
93541,0
93542,0
93543,0
93544,0
93545,0
93546,0
93547,0
93548,0
93549,0
93550,0
93551,0
93552,0
93553,0
93554,0
93555,0
93556,1
93557,0
93558,0
93559,0
93560,0
93561,1
93562,1
93563,0
93564,0
93565,0
93566,0
93567,0
93568,0
93569,0
93570,0
93571,0
93572,0
93573,0
93574,0
93575,0
93576,0
93577,0
93578,0
93579,0
93580,0
93581,0
93582,0
93583,0
93584,1
93585,0
93586,0
93587,0
93588,0
93589,0
93590,0
93591,0
93592,0
93593,0
93594,0
93595,0
93596,0
93597,0
93598,1
93599,0
93600,0
93601,0
93602,0
93603,1
93604,1
93605,0
93606,0
93607,0
93608,0
93609,1
93610,0
93611,0
93612,0
93613,0
93614,0
93615,0
93616,0
93617,0
93618,0
93619,0
93620,0
93621,0
93622,0
93623,0
93624,1
93625,0
93626,0
93627,0
93628,0
93629,0
93630,0
93631,0
93632,0
93633,0
93634,0
93635,0
93636,0
93637,0
93638,0
93639,0
93640,0
93641,0
93642,0
93643,0
93644,0
93645,0
93646,1
93647,0
93648,0
93649,0
93650,0
93651,0
93652,0
93653,0
93654,0
93655,0
93656,0
93657,1
93658,0
93659,0
93660,0
93661,0
93662,0
93663,0
93664,0
93665,0
93666,0
93667,0
93668,0
93669,0
93670,0
93671,0
93672,0
93673,0
93674,0
93675,0
93676,0
93677,1
93678,0
93679,0
93680,0
93681,0
93682,0
93683,0
93684,0
93685,1
93686,0
93687,0
93688,1
93689,0
93690,0
93691,1
93692,0
93693,0
93694,0
93695,0
93696,1
93697,1
93698,0
93699,1
93700,0
93701,0
93702,0
93703,0
93704,0
93705,0
93706,0
93707,0
93708,0
93709,0
93710,0
93711,0
93712,0
93713,0
93714,0
93715,0
93716,0
93717,0
93718,0
93719,0
93720,0
93721,0
93722,0
93723,1
93724,0
93725,0
93726,1
93727,0
93728,0
93729,0
93730,0
93731,0
93732,0
93733,0
93734,0
93735,0
93736,0
93737,0
93738,0
93739,0
93740,0
93741,0
93742,0
93743,0
93744,0
93745,1
93746,0
93747,0
93748,0
93749,0
93750,0
93751,0
93752,0
93753,0
93754,1
93755,0
93756,0
93757,0
93758,0
93759,0
93760,0
93761,0
93762,0
93763,0
93764,0
93765,0
93766,0
93767,0
93768,0
93769,0
93770,0
93771,0
93772,0
93773,0
93774,0
93775,0
93776,0
93777,0
93778,0
93779,1
93780,0
93781,0
93782,1
93783,0
93784,0
93785,0
93786,0
93787,0
93788,0
93789,0
93790,0
93791,0
93792,0
93793,0
93794,0
93795,0
93796,0
93797,0
93798,0
93799,0
93800,0
93801,0
93802,0
93803,0
93804,0
93805,0
93806,1
93807,0
93808,0
93809,0
93810,0
93811,0
93812,0
93813,0
93814,0
93815,0
93816,0
93817,0
93818,0
93819,0
93820,0
93821,0
93822,1
93823,0
93824,0
93825,0
93826,0
93827,0
93828,0
93829,0
93830,0
93831,0
93832,0
93833,0
93834,0
93835,1
93836,0
93837,0
93838,1
93839,1
93840,0
93841,0
93842,0
93843,0
93844,0
93845,0
93846,0
93847,0
93848,0
93849,0
93850,1
93851,0
93852,0
93853,0
93854,0
93855,0
93856,0
93857,0
93858,0
93859,0
93860,1
93861,0
93862,0
93863,0
93864,0
93865,0
93866,1
93867,0
93868,0
93869,0
93870,0
93871,0
93872,1
93873,0
93874,1
93875,0
93876,0
93877,0
93878,1
93879,0
93880,0
93881,1
93882,0
93883,0
93884,0
93885,0
93886,1
93887,0
93888,1
93889,0
93890,0
93891,0
93892,0
93893,0
93894,0
93895,1
93896,0
93897,0
93898,0
93899,0
93900,0
93901,0
93902,0
93903,0
93904,1
93905,1
93906,0
93907,0
93908,1
93909,0
93910,0
93911,0
93912,0
93913,0
93914,1
93915,0
93916,0
93917,0
93918,0
93919,0
93920,0
93921,0
93922,1
93923,0
93924,0
93925,0
93926,0
93927,0
93928,0
93929,0
93930,0
93931,0
93932,0
93933,0
93934,0
93935,0
93936,1
93937,0
93938,0
93939,0
93940,0
93941,0
93942,0
93943,0
93944,0
93945,0
93946,0
93947,1
93948,0
93949,0
93950,0
93951,0
93952,0
93953,0
93954,1
93955,0
93956,0
93957,0
93958,0
93959,0
93960,0
93961,0
93962,1
93963,0
93964,0
93965,1
93966,0
93967,0
93968,0
93969,0
93970,0
93971,0
93972,0
93973,0
93974,0
93975,0
93976,1
93977,0
93978,0
93979,0
93980,0
93981,0
93982,0
93983,0
93984,0
93985,0
93986,0
93987,1
93988,0
93989,0
93990,1
93991,0
93992,0
93993,0
93994,0
93995,0
93996,0
93997,0
93998,0
93999,0
94000,0
94001,0
94002,0
94003,0
94004,0
94005,0
94006,0
94007,0
94008,0
94009,0
94010,0
94011,0
94012,0
94013,0
94014,0
94015,0
94016,0
94017,0
94018,0
94019,0
94020,0
94021,0
94022,0
94023,0
94024,0
94025,1
94026,1
94027,0
94028,0
94029,0
94030,1
94031,0
94032,0
94033,0
94034,0
94035,0
94036,0
94037,0
94038,0
94039,0
94040,0
94041,0
94042,0
94043,0
94044,1
94045,0
94046,0
94047,0
94048,0
94049,0
94050,0
94051,0
94052,0
94053,0
94054,0
94055,0
94056,0
94057,0
94058,0
94059,0
94060,0
94061,1
94062,0
94063,0
94064,0
94065,0
94066,0
94067,0
94068,1
94069,0
94070,0
94071,0
94072,0
94073,0
94074,0
94075,0
94076,0
94077,0
94078,0
94079,0
94080,0
94081,0
94082,0
94083,0
94084,1
94085,0
94086,1
94087,0
94088,0
94089,0
94090,0
94091,0
94092,0
94093,0
94094,0
94095,0
94096,0
94097,0
94098,0
94099,0
94100,0
94101,0
94102,0
94103,0
94104,0
94105,0
94106,0
94107,0
94108,0
94109,0
94110,0
94111,0
94112,1
94113,0
94114,0
94115,0
94116,0
94117,1
94118,0
94119,0
94120,0
94121,0
94122,1
94123,0
94124,0
94125,0
94126,0
94127,0
94128,0
94129,0
94130,0
94131,0
94132,0
94133,0
94134,0
94135,0
94136,0
94137,0
94138,0
94139,0
94140,0
94141,1
94142,0
94143,0
94144,0
94145,0
94146,0
94147,0
94148,0
94149,0
94150,0
94151,0
94152,0
94153,0
94154,0
94155,0
94156,0
94157,0
94158,0
94159,0
94160,0
94161,0
94162,0
94163,0
94164,0
94165,0
94166,0
94167,0
94168,0
94169,0
94170,0
94171,0
94172,0
94173,0
94174,0
94175,0
94176,0
94177,0
94178,1
94179,0
94180,0
94181,0
94182,0
94183,0
94184,0
94185,0
94186,0
94187,0
94188,0
94189,1
94190,0
94191,0
94192,0
94193,0
94194,0
94195,0
94196,0
94197,1
94198,0
94199,0
94200,0
94201,0
94202,0
94203,0
94204,1
94205,0
94206,0
94207,0
94208,0
94209,0
94210,0
94211,0
94212,0
94213,0
94214,0
94215,0
94216,0
94217,1
94218,0
94219,0
94220,0
94221,1
94222,0
94223,1
94224,0
94225,0
94226,1
94227,0
94228,0
94229,0
94230,0
94231,0
94232,1
94233,0
94234,0
94235,0
94236,0
94237,0
94238,0
94239,0
94240,0
94241,1
94242,0
94243,0
94244,0
94245,0
94246,0
94247,0
94248,0
94249,0
94250,0
94251,0
94252,0
94253,1
94254,0
94255,0
94256,1
94257,0
94258,0
94259,0
94260,0
94261,0
94262,0
94263,0
94264,0
94265,0
94266,0
94267,0
94268,0
94269,0
94270,0
94271,0
94272,0
94273,1
94274,0
94275,0
94276,0
94277,0
94278,0
94279,0
94280,0
94281,0
94282,0
94283,0
94284,0
94285,1
94286,1
94287,0
94288,0
94289,0
94290,0
94291,0
94292,0
94293,0
94294,0
94295,0
94296,0
94297,0
94298,0
94299,1
94300,0
94301,0
94302,0
94303,0
94304,0
94305,0
94306,0
94307,0
94308,0
94309,0
94310,0
94311,0
94312,0
94313,1
94314,0
94315,0
94316,0
94317,0
94318,0
94319,0
94320,0
94321,0
94322,0
94323,0
94324,0
94325,0
94326,0
94327,0
94328,0
94329,0
94330,0
94331,1
94332,0
94333,0
94334,0
94335,0
94336,0
94337,0
94338,0
94339,0
94340,0
94341,0
94342,0
94343,0
94344,0
94345,0
94346,0
94347,1
94348,0
94349,0
94350,0
94351,1
94352,0
94353,0
94354,0
94355,0
94356,0
94357,0
94358,0
94359,0
94360,1
94361,0
94362,0
94363,1
94364,0
94365,0
94366,0
94367,0
94368,0
94369,0
94370,0
94371,0
94372,0
94373,0
94374,0
94375,0
94376,0
94377,0
94378,0
94379,0
94380,0
94381,0
94382,0
94383,0
94384,0
94385,0
94386,1
94387,0
94388,0
94389,0
94390,0
94391,0
94392,0
94393,1
94394,0
94395,0
94396,0
94397,0
94398,0
94399,0
94400,0
94401,0
94402,0
94403,0
94404,0
94405,0
94406,0
94407,0
94408,0
94409,0
94410,1
94411,0
94412,0
94413,0
94414,0
94415,0
94416,0
94417,0
94418,0
94419,0
94420,0
94421,0
94422,0
94423,0
94424,0
94425,0
94426,1
94427,0
94428,1
94429,0
94430,0
94431,1
94432,0
94433,0
94434,0
94435,0
94436,1
94437,1
94438,1
94439,0
94440,0
94441,0
94442,0
94443,0
94444,0
94445,0
94446,0
94447,0
94448,0
94449,0
94450,0
94451,0
94452,0
94453,0
94454,1
94455,0
94456,0
94457,0
94458,0
94459,1
94460,0
94461,0
94462,0
94463,0
94464,0
94465,0
94466,0
94467,0
94468,0
94469,0
94470,1
94471,0
94472,0
94473,0
94474,0
94475,0
94476,0
94477,0
94478,0
94479,1
94480,0
94481,0
94482,0
94483,1
94484,0
94485,0
94486,0
94487,0
94488,0
94489,0
94490,0
94491,0
94492,1
94493,0
94494,0
94495,0
94496,0
94497,0
94498,1
94499,0
94500,0
94501,0
94502,0
94503,0
94504,0
94505,0
94506,0
94507,0
94508,0
94509,0
94510,0
94511,0
94512,0
94513,0
94514,0
94515,0
94516,0
94517,0
94518,0
94519,0
94520,0
94521,0
94522,0
94523,0
94524,0
94525,0
94526,1
94527,1
94528,1
94529,0
94530,0
94531,0
94532,0
94533,0
94534,0
94535,0
94536,0
94537,0
94538,1
94539,0
94540,0
94541,0
94542,0
94543,0
94544,0
94545,0
94546,0
94547,0
94548,0
94549,1
94550,0
94551,0
94552,0
94553,0
94554,0
94555,1
94556,0
94557,0
94558,0
94559,0
94560,0
94561,0
94562,0
94563,0
94564,0
94565,0
94566,1
94567,0
94568,0
94569,0
94570,0
94571,0
94572,0
94573,0
94574,0
94575,0
94576,0
94577,0
94578,0
94579,0
94580,1
94581,1
94582,1
94583,0
94584,0
94585,1
94586,0
94587,0
94588,0
94589,1
94590,1
94591,0
94592,0
94593,0
94594,0
94595,0
94596,0
94597,0
94598,0
94599,0
94600,0
94601,0
94602,0
94603,0
94604,0
94605,0
94606,1
94607,1
94608,0
94609,0
94610,1
94611,0
94612,0
94613,0
94614,0
94615,1
94616,0
94617,0
94618,0
94619,0
94620,0
94621,1
94622,0
94623,0
94624,0
94625,0
94626,0
94627,0
94628,0
94629,0
94630,0
94631,0
94632,0
94633,1
94634,0
94635,0
94636,0
94637,0
94638,0
94639,0
94640,1
94641,0
94642,0
94643,0
94644,0
94645,0
94646,0
94647,0
94648,0
94649,0
94650,0
94651,0
94652,0
94653,0
94654,0
94655,0
94656,0
94657,0
94658,0
94659,1
94660,0
94661,0
94662,0
94663,0
94664,0
94665,0
94666,0
94667,0
94668,0
94669,0
94670,0
94671,0
94672,0
94673,0
94674,0
94675,0
94676,0
94677,0
94678,0
94679,1
94680,1
94681,1
94682,0
94683,0
94684,0
94685,0
94686,0
94687,0
94688,0
94689,0
94690,0
94691,0
94692,0
94693,0
94694,0
94695,1
94696,0
94697,0
94698,0
94699,1
94700,0
94701,0
94702,0
94703,0
94704,0
94705,0
94706,0
94707,0
94708,0
94709,0
94710,0
94711,0
94712,0
94713,0
94714,0
94715,0
94716,0
94717,1
94718,0
94719,0
94720,0
94721,0
94722,0
94723,0
94724,0
94725,0
94726,0
94727,0
94728,0
94729,0
94730,0
94731,0
94732,0
94733,0
94734,0
94735,0
94736,0
94737,0
94738,0
94739,0
94740,0
94741,0
94742,0
94743,1
94744,0
94745,0
94746,0
94747,0
94748,0
94749,0
94750,0
94751,0
94752,0
94753,0
94754,1
94755,0
94756,0
94757,0
94758,0
94759,0
94760,0
94761,0
94762,0
94763,0
94764,0
94765,1
94766,0
94767,0
94768,0
94769,0
94770,0
94771,1
94772,0
94773,0
94774,0
94775,0
94776,0
94777,0
94778,0
94779,0
94780,0
94781,0
94782,0
94783,0
94784,0
94785,0
94786,0
94787,0
94788,0
94789,1
94790,0
94791,0
94792,0
94793,0
94794,0
94795,0
94796,0
94797,0
94798,0
94799,0
94800,0
94801,0
94802,1
94803,0
94804,0
94805,0
94806,0
94807,0
94808,1
94809,1
94810,0
94811,0
94812,0
94813,1
94814,0
94815,0
94816,0
94817,0
94818,0
94819,0
94820,0
94821,0
94822,1
94823,0
94824,0
94825,0
94826,0
94827,0
94828,0
94829,0
94830,0
94831,0
94832,0
94833,0
94834,0
94835,0
94836,0
94837,0
94838,0
94839,0
94840,0
94841,0
94842,0
94843,0
94844,0
94845,1
94846,1
94847,0
94848,0
94849,0
94850,0
94851,0
94852,0
94853,0
94854,1
94855,0
94856,0
94857,0
94858,1
94859,0
94860,0
94861,0
94862,0
94863,1
94864,0
94865,0
94866,1
94867,0
94868,0
94869,1
94870,0
94871,0
94872,0
94873,1
94874,0
94875,0
94876,0
94877,1
94878,0
94879,1
94880,0
94881,0
94882,0
94883,0
94884,0
94885,1
94886,0
94887,0
94888,0
94889,0
94890,0
94891,0
94892,0
94893,0
94894,0
94895,0
94896,0
94897,1
94898,0
94899,1
94900,0
94901,0
94902,0
94903,0
94904,0
94905,0
94906,0
94907,0
94908,0
94909,0
94910,0
94911,0
94912,0
94913,0
94914,0
94915,0
94916,0
94917,0
94918,0
94919,0
94920,0
94921,0
94922,0
94923,0
94924,0
94925,1
94926,1
94927,0
94928,0
94929,0
94930,0
94931,0
94932,0
94933,0
94934,0
94935,0
94936,0
94937,1
94938,0
94939,1
94940,0
94941,0
94942,0
94943,0
94944,0
94945,0
94946,0
94947,0
94948,0
94949,1
94950,0
94951,0
94952,0
94953,0
94954,0
94955,0
94956,0
94957,0
94958,1
94959,0
94960,0
94961,0
94962,0
94963,0
94964,0
94965,0
94966,0
94967,1
94968,0
94969,0
94970,0
94971,0
94972,0
94973,0
94974,0
94975,0
94976,0
94977,0
94978,0
94979,0
94980,0
94981,0
94982,0
94983,0
94984,1
94985,0
94986,0
94987,0
94988,0
94989,0
94990,0
94991,0
94992,0
94993,0
94994,0
94995,1
94996,0
94997,1
94998,0
94999,1
95000,0
95001,1
95002,0
95003,1
95004,0
95005,0
95006,0
95007,0
95008,0
95009,0
95010,0
95011,1
95012,0
95013,0
95014,0
95015,0
95016,0
95017,0
95018,0
95019,0
95020,0
95021,0
95022,0
95023,0
95024,0
95025,1
95026,0
95027,0
95028,0
95029,0
95030,0
95031,1
95032,1
95033,1
95034,0
95035,0
95036,0
95037,0
95038,1
95039,0
95040,1
95041,0
95042,0
95043,0
95044,0
95045,0
95046,0
95047,0
95048,1
95049,1
95050,0
95051,0
95052,0
95053,0
95054,0
95055,0
95056,0
95057,0
95058,0
95059,0
95060,0
95061,0
95062,0
95063,0
95064,0
95065,0
95066,0
95067,0
95068,0
95069,0
95070,0
95071,0
95072,1
95073,0
95074,0
95075,0
95076,0
95077,0
95078,0
95079,0
95080,0
95081,0
95082,0
95083,0
95084,0
95085,0
95086,0
95087,0
95088,0
95089,0
95090,0
95091,0
95092,0
95093,1
95094,0
95095,1
95096,0
95097,0
95098,0
95099,0
95100,0
95101,0
95102,0
95103,1
95104,0
95105,0
95106,0
95107,0
95108,0
95109,0
95110,0
95111,1
95112,1
95113,1
95114,0
95115,0
95116,0
95117,0
95118,0
95119,0
95120,0
95121,0
95122,0
95123,0
95124,0
95125,0
95126,0
95127,0
95128,0
95129,0
95130,0
95131,0
95132,0
95133,0
95134,1
95135,0
95136,1
95137,0
95138,0
95139,0
95140,0
95141,0
95142,0
95143,0
95144,0
95145,0
95146,0
95147,0
95148,0
95149,0
95150,0
95151,0
95152,0
95153,0
95154,0
95155,0
95156,0
95157,1
95158,0
95159,0
95160,0
95161,0
95162,0
95163,0
95164,0
95165,0
95166,0
95167,1
95168,1
95169,0
95170,0
95171,1
95172,0
95173,0
95174,0
95175,0
95176,1
95177,0
95178,0
95179,0
95180,0
95181,0
95182,0
95183,0
95184,0
95185,0
95186,0
95187,0
95188,0
95189,0
95190,1
95191,1
95192,0
95193,0
95194,0
95195,0
95196,0
95197,0
95198,0
95199,0
95200,1
95201,0
95202,1
95203,0
95204,1
95205,0
95206,0
95207,0
95208,0
95209,0
95210,0
95211,1
95212,0
95213,0
95214,0
95215,0
95216,0
95217,0
95218,0
95219,0
95220,0
95221,0
95222,0
95223,0
95224,0
95225,1
95226,0
95227,1
95228,0
95229,1
95230,0
95231,0
95232,0
95233,0
95234,0
95235,1
95236,0
95237,0
95238,0
95239,0
95240,0
95241,0
95242,0
95243,0
95244,0
95245,0
95246,0
95247,0
95248,0
95249,0
95250,0
95251,0
95252,0
95253,1
95254,0
95255,0
95256,0
95257,0
95258,0
95259,0
95260,0
95261,0
95262,1
95263,0
95264,0
95265,0
95266,0
95267,0
95268,0
95269,0
95270,1
95271,0
95272,0
95273,0
95274,0
95275,0
95276,0
95277,0
95278,0
95279,1
95280,0
95281,1
95282,0
95283,1
95284,0
95285,0
95286,0
95287,0
95288,0
95289,0
95290,0
95291,0
95292,0
95293,0
95294,0
95295,0
95296,1
95297,0
95298,1
95299,0
95300,0
95301,0
95302,0
95303,0
95304,0
95305,0
95306,0
95307,0
95308,0
95309,0
95310,0
95311,0
95312,0
95313,0
95314,0
95315,0
95316,0
95317,1
95318,0
95319,0
95320,0
95321,0
95322,0
95323,0
95324,0
95325,0
95326,0
95327,0
95328,0
95329,0
95330,0
95331,1
95332,0
95333,0
95334,0
95335,1
95336,0
95337,0
95338,0
95339,0
95340,0
95341,0
95342,0
95343,0
95344,1
95345,0
95346,0
95347,0
95348,0
95349,1
95350,0
95351,0
95352,0
95353,0
95354,0
95355,0
95356,0
95357,0
95358,0
95359,0
95360,0
95361,0
95362,1
95363,0
95364,0
95365,0
95366,0
95367,0
95368,0
95369,0
95370,0
95371,0
95372,1
95373,0
95374,0
95375,0
95376,0
95377,0
95378,0
95379,0
95380,0
95381,0
95382,0
95383,0
95384,0
95385,0
95386,1
95387,0
95388,0
95389,0
95390,0
95391,0
95392,0
95393,0
95394,1
95395,0
95396,0
95397,0
95398,0
95399,1
95400,0
95401,0
95402,0
95403,0
95404,0
95405,0
95406,0
95407,0
95408,0
95409,0
95410,0
95411,0
95412,0
95413,0
95414,1
95415,1
95416,0
95417,0
95418,0
95419,0
95420,0
95421,0
95422,0
95423,0
95424,0
95425,0
95426,0
95427,0
95428,0
95429,0
95430,0
95431,0
95432,0
95433,0
95434,0
95435,0
95436,0
95437,0
95438,1
95439,0
95440,0
95441,0
95442,1
95443,0
95444,0
95445,0
95446,0
95447,0
95448,1
95449,0
95450,0
95451,0
95452,1
95453,0
95454,0
95455,1
95456,1
95457,0
95458,0
95459,0
95460,0
95461,0
95462,0
95463,0
95464,0
95465,0
95466,0
95467,0
95468,0
95469,0
95470,0
95471,0
95472,0
95473,0
95474,0
95475,1
95476,0
95477,0
95478,0
95479,0
95480,0
95481,0
95482,0
95483,1
95484,0
95485,0
95486,0
95487,0
95488,0
95489,0
95490,0
95491,0
95492,0
95493,0
95494,0
95495,0
95496,0
95497,0
95498,1
95499,0
95500,0
95501,0
95502,1
95503,0
95504,0
95505,0
95506,0
95507,1
95508,0
95509,1
95510,1
95511,0
95512,0
95513,0
95514,0
95515,0
95516,0
95517,0
95518,1
95519,0
95520,0
95521,0
95522,0
95523,0
95524,0
95525,0
95526,0
95527,0
95528,0
95529,0
95530,0
95531,0
95532,0
95533,0
95534,0
95535,0
95536,1
95537,0
95538,1
95539,0
95540,0
95541,1
95542,0
95543,0
95544,0
95545,0
95546,0
95547,1
95548,0
95549,0
95550,0
95551,0
95552,0
95553,0
95554,0
95555,0
95556,1
95557,0
95558,1
95559,0
95560,0
95561,1
95562,0
95563,0
95564,1
95565,0
95566,0
95567,0
95568,0
95569,0
95570,0
95571,0
95572,0
95573,1
95574,0
95575,0
95576,0
95577,1
95578,0
95579,0
95580,0
95581,0
95582,0
95583,0
95584,0
95585,1
95586,0
95587,0
95588,0
95589,0
95590,0
95591,0
95592,0
95593,0
95594,0
95595,0
95596,0
95597,0
95598,0
95599,0
95600,0
95601,0
95602,0
95603,0
95604,0
95605,0
95606,0
95607,0
95608,0
95609,0
95610,0
95611,0
95612,0
95613,0
95614,0
95615,0
95616,0
95617,0
95618,0
95619,0
95620,0
95621,0
95622,1
95623,0
95624,0
95625,0
95626,0
95627,0
95628,0
95629,0
95630,0
95631,0
95632,0
95633,0
95634,0
95635,0
95636,0
95637,0
95638,0
95639,0
95640,0
95641,0
95642,0
95643,0
95644,0
95645,0
95646,0
95647,0
95648,0
95649,0
95650,0
95651,0
95652,0
95653,0
95654,0
95655,0
95656,0
95657,1
95658,0
95659,0
95660,0
95661,0
95662,0
95663,0
95664,0
95665,0
95666,0
95667,0
95668,1
95669,0
95670,0
95671,0
95672,0
95673,0
95674,0
95675,0
95676,0
95677,1
95678,0
95679,0
95680,0
95681,0
95682,0
95683,0
95684,1
95685,0
95686,0
95687,0
95688,0
95689,0
95690,1
95691,0
95692,0
95693,0
95694,0
95695,0
95696,0
95697,0
95698,0
95699,0
95700,0
95701,0
95702,0
95703,0
95704,0
95705,0
95706,0
95707,1
95708,1
95709,0
95710,0
95711,0
95712,0
95713,0
95714,0
95715,0
95716,0
95717,0
95718,0
95719,0
95720,0
95721,0
95722,0
95723,0
95724,0
95725,0
95726,0
95727,1
95728,0
95729,0
95730,1
95731,1
95732,0
95733,0
95734,0
95735,0
95736,0
95737,0
95738,0
95739,0
95740,0
95741,0
95742,0
95743,0
95744,0
95745,0
95746,0
95747,0
95748,1
95749,0
95750,1
95751,0
95752,0
95753,0
95754,0
95755,0
95756,1
95757,0
95758,0
95759,0
95760,0
95761,0
95762,0
95763,0
95764,0
95765,0
95766,0
95767,0
95768,0
95769,0
95770,0
95771,0
95772,1
95773,0
95774,0
95775,0
95776,0
95777,0
95778,1
95779,0
95780,0
95781,0
95782,0
95783,0
95784,0
95785,0
95786,0
95787,0
95788,0
95789,0
95790,0
95791,0
95792,0
95793,0
95794,1
95795,0
95796,0
95797,0
95798,0
95799,0
95800,0
95801,1
95802,0
95803,0
95804,0
95805,0
95806,1
95807,0
95808,0
95809,0
95810,0
95811,0
95812,0
95813,0
95814,0
95815,1
95816,1
95817,0
95818,0
95819,0
95820,0
95821,0
95822,0
95823,0
95824,0
95825,0
95826,1
95827,0
95828,0
95829,1
95830,0
95831,0
95832,0
95833,0
95834,0
95835,0
95836,1
95837,1
95838,0
95839,0
95840,0
95841,0
95842,0
95843,0
95844,1
95845,0
95846,0
95847,0
95848,0
95849,0
95850,0
95851,0
95852,0
95853,0
95854,0
95855,0
95856,0
95857,0
95858,0
95859,0
95860,0
95861,0
95862,0
95863,0
95864,1
95865,0
95866,0
95867,1
95868,1
95869,0
95870,0
95871,0
95872,0
95873,0
95874,1
95875,0
95876,0
95877,0
95878,0
95879,0
95880,0
95881,0
95882,1
95883,0
95884,0
95885,0
95886,0
95887,0
95888,0
95889,0
95890,0
95891,0
95892,0
95893,0
95894,0
95895,0
95896,0
95897,0
95898,0
95899,1
95900,0
95901,0
95902,0
95903,0
95904,0
95905,0
95906,0
95907,0
95908,0
95909,1
95910,0
95911,0
95912,0
95913,0
95914,0
95915,0
95916,0
95917,0
95918,0
95919,0
95920,0
95921,0
95922,1
95923,0
95924,0
95925,0
95926,0
95927,0
95928,0
95929,0
95930,0
95931,0
95932,0
95933,0
95934,1
95935,1
95936,0
95937,0
95938,0
95939,0
95940,0
95941,0
95942,0
95943,1
95944,0
95945,0
95946,0
95947,0
95948,0
95949,0
95950,0
95951,1
95952,0
95953,0
95954,1
95955,0
95956,0
95957,0
95958,0
95959,0
95960,0
95961,0
95962,1
95963,1
95964,0
95965,0
95966,0
95967,0
95968,1
95969,1
95970,0
95971,0
95972,0
95973,1
95974,0
95975,0
95976,1
95977,0
95978,0
95979,1
95980,0
95981,0
95982,1
95983,0
95984,0
95985,0
95986,0
95987,0
95988,0
95989,0
95990,0
95991,0
95992,0
95993,0
95994,0
95995,0
95996,0
95997,0
95998,0
95999,0
96000,0
96001,0
96002,0
96003,0
96004,0
96005,1
96006,0
96007,0
96008,0
96009,0
96010,0
96011,0
96012,0
96013,0
96014,0
96015,0
96016,0
96017,0
96018,0
96019,0
96020,1
96021,1
96022,0
96023,1
96024,0
96025,1
96026,0
96027,0
96028,1
96029,0
96030,0
96031,0
96032,0
96033,0
96034,0
96035,1
96036,0
96037,0
96038,0
96039,1
96040,1
96041,0
96042,0
96043,0
96044,1
96045,1
96046,0
96047,0
96048,0
96049,0
96050,0
96051,0
96052,0
96053,0
96054,0
96055,0
96056,0
96057,0
96058,0
96059,1
96060,0
96061,1
96062,0
96063,0
96064,0
96065,0
96066,0
96067,0
96068,0
96069,0
96070,0
96071,0
96072,0
96073,0
96074,0
96075,0
96076,0
96077,0
96078,1
96079,0
96080,0
96081,1
96082,0
96083,0
96084,0
96085,0
96086,0
96087,0
96088,0
96089,0
96090,0
96091,0
96092,0
96093,0
96094,0
96095,0
96096,0
96097,0
96098,0
96099,0
96100,0
96101,0
96102,1
96103,0
96104,0
96105,0
96106,0
96107,0
96108,0
96109,0
96110,0
96111,1
96112,0
96113,1
96114,0
96115,1
96116,0
96117,0
96118,1
96119,0
96120,0
96121,0
96122,0
96123,0
96124,0
96125,0
96126,0
96127,0
96128,0
96129,0
96130,0
96131,0
96132,0
96133,0
96134,0
96135,0
96136,1
96137,0
96138,0
96139,0
96140,0
96141,0
96142,0
96143,0
96144,1
96145,0
96146,1
96147,0
96148,0
96149,0
96150,0
96151,0
96152,0
96153,0
96154,1
96155,0
96156,1
96157,0
96158,0
96159,1
96160,0
96161,0
96162,0
96163,0
96164,0
96165,0
96166,0
96167,0
96168,0
96169,0
96170,0
96171,0
96172,1
96173,0
96174,0
96175,0
96176,0
96177,0
96178,1
96179,0
96180,0
96181,0
96182,0
96183,0
96184,0
96185,0
96186,0
96187,0
96188,1
96189,0
96190,0
96191,0
96192,0
96193,0
96194,0
96195,0
96196,0
96197,0
96198,0
96199,0
96200,0
96201,0
96202,0
96203,0
96204,0
96205,0
96206,0
96207,1
96208,0
96209,0
96210,1
96211,1
96212,0
96213,0
96214,0
96215,0
96216,0
96217,0
96218,1
96219,0
96220,0
96221,0
96222,0
96223,1
96224,0
96225,0
96226,0
96227,0
96228,0
96229,0
96230,1
96231,0
96232,0
96233,1
96234,0
96235,0
96236,0
96237,0
96238,0
96239,0
96240,0
96241,0
96242,0
96243,1
96244,0
96245,0
96246,0
96247,0
96248,0
96249,0
96250,0
96251,0
96252,0
96253,0
96254,0
96255,0
96256,0
96257,1
96258,0
96259,1
96260,0
96261,0
96262,0
96263,0
96264,0
96265,1
96266,0
96267,0
96268,0
96269,0
96270,1
96271,0
96272,0
96273,1
96274,1
96275,0
96276,0
96277,0
96278,1
96279,0
96280,0
96281,0
96282,0
96283,0
96284,0
96285,0
96286,0
96287,0
96288,0
96289,0
96290,0
96291,0
96292,1
96293,0
96294,1
96295,0
96296,0
96297,0
96298,0
96299,0
96300,0
96301,1
96302,0
96303,0
96304,0
96305,0
96306,0
96307,0
96308,0
96309,0
96310,0
96311,0
96312,0
96313,0
96314,1
96315,0
96316,0
96317,1
96318,0
96319,0
96320,0
96321,0
96322,0
96323,0
96324,0
96325,1
96326,0
96327,0
96328,0
96329,0
96330,0
96331,0
96332,0
96333,0
96334,0
96335,0
96336,0
96337,0
96338,0
96339,0
96340,1
96341,1
96342,1
96343,0
96344,0
96345,0
96346,0
96347,1
96348,0
96349,0
96350,0
96351,0
96352,1
96353,0
96354,0
96355,0
96356,1
96357,0
96358,1
96359,0
96360,1
96361,0
96362,0
96363,0
96364,0
96365,0
96366,0
96367,0
96368,0
96369,0
96370,1
96371,0
96372,0
96373,0
96374,0
96375,0
96376,0
96377,0
96378,0
96379,0
96380,0
96381,0
96382,0
96383,0
96384,0
96385,0
96386,0
96387,0
96388,0
96389,0
96390,0
96391,0
96392,0
96393,0
96394,0
96395,0
96396,0
96397,0
96398,0
96399,0
96400,0
96401,0
96402,0
96403,1
96404,0
96405,0
96406,0
96407,0
96408,1
96409,0
96410,1
96411,0
96412,0
96413,0
96414,0
96415,0
96416,1
96417,0
96418,0
96419,0
96420,1
96421,0
96422,1
96423,0
96424,0
96425,0
96426,0
96427,1
96428,0
96429,0
96430,0
96431,0
96432,0
96433,0
96434,0
96435,0
96436,0
96437,0
96438,0
96439,0
96440,0
96441,0
96442,0
96443,0
96444,0
96445,0
96446,0
96447,0
96448,0
96449,0
96450,1
96451,0
96452,0
96453,0
96454,0
96455,0
96456,0
96457,0
96458,0
96459,1
96460,0
96461,0
96462,0
96463,1
96464,1
96465,0
96466,0
96467,0
96468,0
96469,0
96470,0
96471,0
96472,0
96473,0
96474,0
96475,0
96476,0
96477,0
96478,0
96479,0
96480,0
96481,0
96482,0
96483,1
96484,0
96485,1
96486,1
96487,0
96488,0
96489,0
96490,0
96491,0
96492,0
96493,0
96494,0
96495,0
96496,0
96497,0
96498,0
96499,0
96500,0
96501,0
96502,0
96503,0
96504,0
96505,0
96506,0
96507,1
96508,0
96509,0
96510,0
96511,0
96512,0
96513,0
96514,0
96515,0
96516,0
96517,0
96518,0
96519,0
96520,0
96521,0
96522,1
96523,0
96524,0
96525,1
96526,0
96527,0
96528,0
96529,0
96530,0
96531,0
96532,0
96533,0
96534,0
96535,0
96536,0
96537,0
96538,1
96539,0
96540,0
96541,0
96542,0
96543,0
96544,1
96545,0
96546,0
96547,0
96548,1
96549,1
96550,1
96551,0
96552,0
96553,0
96554,0
96555,0
96556,0
96557,0
96558,0
96559,0
96560,0
96561,0
96562,0
96563,0
96564,0
96565,0
96566,0
96567,0
96568,0
96569,0
96570,0
96571,0
96572,0
96573,0
96574,0
96575,1
96576,0
96577,0
96578,0
96579,0
96580,0
96581,0
96582,0
96583,0
96584,1
96585,0
96586,0
96587,0
96588,0
96589,0
96590,0
96591,0
96592,0
96593,0
96594,0
96595,0
96596,0
96597,0
96598,0
96599,0
96600,0
96601,0
96602,0
96603,0
96604,0
96605,0
96606,0
96607,1
96608,0
96609,0
96610,0
96611,0
96612,0
96613,0
96614,0
96615,0
96616,0
96617,0
96618,0
96619,0
96620,0
96621,0
96622,1
96623,1
96624,0
96625,0
96626,0
96627,0
96628,0
96629,1
96630,1
96631,0
96632,1
96633,0
96634,0
96635,0
96636,0
96637,1
96638,0
96639,0
96640,0
96641,0
96642,0
96643,0
96644,0
96645,0
96646,0
96647,0
96648,0
96649,0
96650,1
96651,0
96652,1
96653,0
96654,0
96655,0
96656,0
96657,0
96658,0
96659,0
96660,0
96661,0
96662,0
96663,0
96664,0
96665,0
96666,0
96667,0
96668,0
96669,1
96670,0
96671,0
96672,0
96673,0
96674,0
96675,0
96676,0
96677,1
96678,1
96679,0
96680,0
96681,0
96682,0
96683,0
96684,0
96685,0
96686,0
96687,0
96688,0
96689,0
96690,0
96691,0
96692,0
96693,0
96694,0
96695,1
96696,0
96697,0
96698,0
96699,0
96700,0
96701,0
96702,0
96703,1
96704,1
96705,0
96706,0
96707,0
96708,0
96709,0
96710,0
96711,0
96712,0
96713,0
96714,0
96715,0
96716,0
96717,0
96718,0
96719,0
96720,0
96721,0
96722,0
96723,0
96724,0
96725,0
96726,1
96727,0
96728,1
96729,0
96730,0
96731,0
96732,0
96733,1
96734,0
96735,0
96736,0
96737,0
96738,0
96739,0
96740,0
96741,1
96742,0
96743,0
96744,0
96745,0
96746,0
96747,0
96748,1
96749,0
96750,0
96751,0
96752,0
96753,0
96754,0
96755,0
96756,0
96757,0
96758,0
96759,0
96760,1
96761,0
96762,0
96763,0
96764,0
96765,0
96766,0
96767,0
96768,1
96769,0
96770,1
96771,0
96772,0
96773,0
96774,1
96775,0
96776,0
96777,0
96778,0
96779,0
96780,0
96781,0
96782,0
96783,0
96784,0
96785,0
96786,0
96787,0
96788,1
96789,0
96790,0
96791,1
96792,0
96793,0
96794,1
96795,0
96796,0
96797,1
96798,0
96799,0
96800,0
96801,0
96802,1
96803,0
96804,0
96805,0
96806,0
96807,0
96808,1
96809,0
96810,0
96811,0
96812,0
96813,1
96814,0
96815,0
96816,0
96817,0
96818,0
96819,0
96820,0
96821,0
96822,0
96823,0
96824,0
96825,0
96826,0
96827,0
96828,0
96829,0
96830,1
96831,0
96832,0
96833,1
96834,1
96835,0
96836,0
96837,0
96838,0
96839,0
96840,0
96841,0
96842,0
96843,0
96844,0
96845,0
96846,0
96847,0
96848,0
96849,1
96850,0
96851,1
96852,0
96853,0
96854,0
96855,0
96856,0
96857,0
96858,0
96859,1
96860,0
96861,0
96862,0
96863,0
96864,0
96865,0
96866,0
96867,0
96868,0
96869,0
96870,0
96871,0
96872,1
96873,0
96874,0
96875,0
96876,0
96877,0
96878,0
96879,1
96880,0
96881,0
96882,0
96883,1
96884,1
96885,0
96886,0
96887,0
96888,0
96889,0
96890,0
96891,0
96892,0
96893,0
96894,0
96895,0
96896,0
96897,0
96898,0
96899,0
96900,0
96901,0
96902,1
96903,0
96904,0
96905,0
96906,0
96907,0
96908,0
96909,0
96910,0
96911,0
96912,1
96913,0
96914,0
96915,0
96916,0
96917,1
96918,0
96919,0
96920,0
96921,0
96922,0
96923,0
96924,0
96925,0
96926,0
96927,0
96928,0
96929,0
96930,0
96931,0
96932,0
96933,1
96934,0
96935,0
96936,1
96937,0
96938,0
96939,0
96940,0
96941,0
96942,0
96943,0
96944,0
96945,0
96946,0
96947,0
96948,0
96949,0
96950,0
96951,0
96952,1
96953,1
96954,0
96955,1
96956,0
96957,0
96958,0
96959,0
96960,0
96961,0
96962,0
96963,0
96964,0
96965,0
96966,0
96967,0
96968,1
96969,0
96970,0
96971,0
96972,0
96973,0
96974,0
96975,0
96976,0
96977,0
96978,0
96979,0
96980,0
96981,0
96982,1
96983,0
96984,0
96985,0
96986,0
96987,0
96988,0
96989,0
96990,1
96991,0
96992,0
96993,0
96994,0
96995,0
96996,0
96997,0
96998,0
96999,0
97000,0
97001,0
97002,0
97003,0
97004,0
97005,0
97006,0
97007,0
97008,0
97009,0
97010,0
97011,0
97012,0
97013,0
97014,0
97015,0
97016,0
97017,0
97018,0
97019,0
97020,0
97021,0
97022,0
97023,0
97024,0
97025,0
97026,0
97027,0
97028,0
97029,0
97030,0
97031,0
97032,1
97033,0
97034,0
97035,0
97036,0
97037,0
97038,1
97039,0
97040,0
97041,0
97042,1
97043,0
97044,0
97045,1
97046,0
97047,0
97048,0
97049,0
97050,0
97051,1
97052,0
97053,0
97054,0
97055,0
97056,0
97057,1
97058,0
97059,0
97060,0
97061,0
97062,0
97063,0
97064,0
97065,0
97066,0
97067,0
97068,0
97069,0
97070,0
97071,0
97072,0
97073,0
97074,0
97075,0
97076,1
97077,0
97078,1
97079,0
97080,0
97081,1
97082,0
97083,1
97084,0
97085,0
97086,1
97087,0
97088,0
97089,0
97090,0
97091,0
97092,0
97093,0
97094,0
97095,0
97096,0
97097,0
97098,0
97099,0
97100,0
97101,1
97102,0
97103,0
97104,0
97105,1
97106,0
97107,0
97108,0
97109,0
97110,0
97111,0
97112,0
97113,0
97114,0
97115,0
97116,0
97117,1
97118,0
97119,0
97120,1
97121,1
97122,1
97123,1
97124,0
97125,0
97126,0
97127,0
97128,0
97129,1
97130,0
97131,0
97132,0
97133,0
97134,0
97135,0
97136,0
97137,1
97138,0
97139,0
97140,0
97141,0
97142,0
97143,0
97144,0
97145,0
97146,0
97147,1
97148,0
97149,0
97150,1
97151,0
97152,0
97153,0
97154,0
97155,0
97156,0
97157,0
97158,0
97159,0
97160,1
97161,0
97162,0
97163,0
97164,0
97165,0
97166,0
97167,0
97168,0
97169,1
97170,0
97171,0
97172,0
97173,0
97174,0
97175,0
97176,0
97177,1
97178,0
97179,0
97180,0
97181,0
97182,0
97183,1
97184,0
97185,1
97186,0
97187,0
97188,0
97189,0
97190,0
97191,0
97192,0
97193,0
97194,0
97195,0
97196,0
97197,0
97198,0
97199,0
97200,0
97201,0
97202,0
97203,0
97204,0
97205,0
97206,0
97207,0
97208,0
97209,0
97210,0
97211,0
97212,0
97213,0
97214,0
97215,0
97216,0
97217,0
97218,0
97219,0
97220,1
97221,0
97222,0
97223,0
97224,0
97225,0
97226,0
97227,0
97228,0
97229,0
97230,0
97231,0
97232,0
97233,1
97234,0
97235,1
97236,0
97237,0
97238,0
97239,1
97240,0
97241,1
97242,0
97243,0
97244,0
97245,1
97246,0
97247,0
97248,0
97249,0
97250,0
97251,0
97252,0
97253,1
97254,0
97255,0
97256,0
97257,0
97258,1
97259,0
97260,0
97261,0
97262,0
97263,0
97264,0
97265,0
97266,1
97267,0
97268,0
97269,1
97270,0
97271,0
97272,0
97273,0
97274,0
97275,0
97276,0
97277,0
97278,1
97279,0
97280,0
97281,0
97282,0
97283,0
97284,0
97285,0
97286,0
97287,0
97288,0
97289,0
97290,0
97291,0
97292,0
97293,1
97294,0
97295,0
97296,0
97297,1
97298,0
97299,0
97300,0
97301,0
97302,0
97303,0
97304,0
97305,0
97306,0
97307,0
97308,0
97309,1
97310,0
97311,0
97312,0
97313,0
97314,1
97315,0
97316,0
97317,0
97318,1
97319,1
97320,0
97321,0
97322,0
97323,0
97324,1
97325,1
97326,1
97327,0
97328,0
97329,0
97330,0
97331,0
97332,0
97333,0
97334,0
97335,0
97336,0
97337,0
97338,1
97339,0
97340,0
97341,0
97342,0
97343,0
97344,0
97345,0
97346,0
97347,0
97348,0
97349,0
97350,1
97351,0
97352,0
97353,0
97354,0
97355,1
97356,0
97357,0
97358,0
97359,0
97360,0
97361,0
97362,0
97363,0
97364,1
97365,0
97366,0
97367,0
97368,0
97369,0
97370,0
97371,0
97372,0
97373,0
97374,0
97375,0
97376,0
97377,0
97378,0
97379,0
97380,0
97381,0
97382,0
97383,0
97384,0
97385,0
97386,0
97387,0
97388,0
97389,0
97390,0
97391,0
97392,0
97393,0
97394,1
97395,0
97396,0
97397,0
97398,0
97399,0
97400,0
97401,0
97402,0
97403,1
97404,0
97405,1
97406,0
97407,0
97408,0
97409,0
97410,1
97411,0
97412,0
97413,0
97414,0
97415,0
97416,0
97417,0
97418,0
97419,0
97420,0
97421,0
97422,0
97423,0
97424,0
97425,0
97426,0
97427,0
97428,0
97429,0
97430,0
97431,0
97432,1
97433,0
97434,0
97435,0
97436,0
97437,0
97438,0
97439,0
97440,0
97441,0
97442,0
97443,0
97444,1
97445,0
97446,0
97447,0
97448,0
97449,0
97450,0
97451,0
97452,0
97453,1
97454,0
97455,0
97456,1
97457,0
97458,0
97459,0
97460,0
97461,0
97462,0
97463,0
97464,0
97465,0
97466,0
97467,0
97468,0
97469,0
97470,0
97471,0
97472,0
97473,0
97474,0
97475,0
97476,0
97477,0
97478,0
97479,0
97480,1
97481,0
97482,0
97483,0
97484,0
97485,0
97486,0
97487,0
97488,0
97489,0
97490,0
97491,0
97492,0
97493,0
97494,1
97495,0
97496,0
97497,0
97498,1
97499,0
97500,0
97501,1
97502,0
97503,0
97504,0
97505,0
97506,0
97507,0
97508,0
97509,1
97510,0
97511,0
97512,0
97513,0
97514,0
97515,0
97516,0
97517,0
97518,0
97519,0
97520,0
97521,0
97522,0
97523,0
97524,0
97525,0
97526,1
97527,0
97528,0
97529,0
97530,0
97531,0
97532,1
97533,0
97534,1
97535,0
97536,0
97537,0
97538,0
97539,0
97540,0
97541,0
97542,0
97543,0
97544,0
97545,0
97546,0
97547,0
97548,0
97549,0
97550,0
97551,1
97552,0
97553,0
97554,0
97555,0
97556,0
97557,0
97558,0
97559,0
97560,1
97561,0
97562,0
97563,0
97564,0
97565,0
97566,0
97567,0
97568,0
97569,0
97570,0
97571,0
97572,0
97573,0
97574,0
97575,0
97576,0
97577,0
97578,0
97579,0
97580,0
97581,0
97582,0
97583,0
97584,0
97585,0
97586,1
97587,0
97588,0
97589,1
97590,0
97591,0
97592,0
97593,0
97594,0
97595,0
97596,0
97597,0
97598,0
97599,0
97600,1
97601,0
97602,1
97603,0
97604,0
97605,0
97606,0
97607,1
97608,0
97609,1
97610,0
97611,0
97612,0
97613,0
97614,1
97615,0
97616,0
97617,0
97618,0
97619,0
97620,0
97621,0
97622,0
97623,0
97624,1
97625,0
97626,0
97627,0
97628,0
97629,0
97630,0
97631,0
97632,0
97633,0
97634,0
97635,0
97636,0
97637,0
97638,0
97639,0
97640,0
97641,0
97642,0
97643,0
97644,0
97645,0
97646,0
97647,0
97648,0
97649,0
97650,0
97651,0
97652,0
97653,0
97654,1
97655,1
97656,0
97657,0
97658,0
97659,0
97660,0
97661,0
97662,0
97663,0
97664,1
97665,0
97666,0
97667,0
97668,0
97669,0
97670,0
97671,0
97672,0
97673,1
97674,0
97675,0
97676,0
97677,0
97678,0
97679,0
97680,0
97681,0
97682,0
97683,0
97684,0
97685,0
97686,0
97687,0
97688,0
97689,0
97690,1
97691,0
97692,0
97693,0
97694,0
97695,0
97696,0
97697,0
97698,1
97699,0
97700,0
97701,0
97702,0
97703,0
97704,0
97705,0
97706,0
97707,0
97708,1
97709,0
97710,0
97711,0
97712,0
97713,0
97714,0
97715,0
97716,0
97717,0
97718,0
97719,0
97720,0
97721,0
97722,0
97723,0
97724,0
97725,0
97726,0
97727,0
97728,0
97729,0
97730,0
97731,0
97732,0
97733,0
97734,0
97735,0
97736,0
97737,0
97738,0
97739,1
97740,0
97741,0
97742,1
97743,0
97744,0
97745,0
97746,0
97747,0
97748,1
97749,0
97750,0
97751,0
97752,0
97753,0
97754,0
97755,0
97756,0
97757,0
97758,0
97759,0
97760,0
97761,0
97762,1
97763,0
97764,0
97765,1
97766,0
97767,0
97768,0
97769,0
97770,0
97771,1
97772,1
97773,0
97774,0
97775,0
97776,0
97777,0
97778,0
97779,0
97780,0
97781,1
97782,0
97783,0
97784,0
97785,0
97786,0
97787,0
97788,0
97789,0
97790,0
97791,0
97792,0
97793,0
97794,1
97795,0
97796,0
97797,0
97798,0
97799,0
97800,0
97801,0
97802,0
97803,0
97804,0
97805,0
97806,0
97807,0
97808,0
97809,0
97810,0
97811,1
97812,0
97813,0
97814,0
97815,1
97816,0
97817,0
97818,0
97819,1
97820,0
97821,0
97822,0
97823,0
97824,0
97825,0
97826,0
97827,1
97828,0
97829,0
97830,0
97831,1
97832,0
97833,0
97834,0
97835,1
97836,0
97837,0
97838,1
97839,0
97840,0
97841,0
97842,0
97843,0
97844,0
97845,1
97846,0
97847,0
97848,0
97849,0
97850,1
97851,0
97852,0
97853,0
97854,0
97855,1
97856,0
97857,0
97858,0
97859,0
97860,0
97861,1
97862,0
97863,0
97864,0
97865,0
97866,0
97867,1
97868,0
97869,0
97870,0
97871,0
97872,0
97873,0
97874,0
97875,0
97876,0
97877,0
97878,0
97879,0
97880,0
97881,0
97882,0
97883,0
97884,0
97885,1
97886,0
97887,0
97888,0
97889,0
97890,1
97891,0
97892,0
97893,0
97894,0
97895,0
97896,0
97897,0
97898,0
97899,0
97900,0
97901,0
97902,0
97903,1
97904,1
97905,0
97906,0
97907,0
97908,0
97909,0
97910,0
97911,1
97912,0
97913,1
97914,0
97915,0
97916,0
97917,0
97918,0
97919,0
97920,0
97921,0
97922,0
97923,0
97924,0
97925,0
97926,1
97927,0
97928,0
97929,0
97930,0
97931,0
97932,0
97933,0
97934,0
97935,0
97936,0
97937,0
97938,0
97939,0
97940,0
97941,0
97942,0
97943,0
97944,0
97945,1
97946,0
97947,0
97948,1
97949,1
97950,0
97951,0
97952,0
97953,0
97954,0
97955,0
97956,1
97957,1
97958,1
97959,0
97960,0
97961,0
97962,0
97963,0
97964,0
97965,0
97966,0
97967,0
97968,0
97969,0
97970,0
97971,0
97972,0
97973,0
97974,0
97975,0
97976,1
97977,0
97978,0
97979,0
97980,0
97981,0
97982,0
97983,0
97984,0
97985,0
97986,0
97987,0
97988,0
97989,0
97990,0
97991,1
97992,0
97993,0
97994,1
97995,0
97996,0
97997,1
97998,0
97999,0
98000,0
98001,1
98002,0
98003,0
98004,0
98005,0
98006,0
98007,0
98008,0
98009,0
98010,0
98011,0
98012,1
98013,0
98014,0
98015,0
98016,0
98017,0
98018,0
98019,0
98020,0
98021,0
98022,0
98023,1
98024,0
98025,0
98026,1
98027,0
98028,0
98029,0
98030,0
98031,1
98032,1
98033,0
98034,0
98035,1
98036,1
98037,0
98038,0
98039,0
98040,0
98041,0
98042,0
98043,0
98044,0
98045,0
98046,1
98047,0
98048,0
98049,0
98050,0
98051,0
98052,0
98053,0
98054,0
98055,0
98056,0
98057,0
98058,0
98059,0
98060,0
98061,0
98062,0
98063,1
98064,0
98065,1
98066,0
98067,0
98068,0
98069,0
98070,0
98071,0
98072,0
98073,0
98074,0
98075,0
98076,0
98077,0
98078,1
98079,1
98080,0
98081,0
98082,0
98083,0
98084,0
98085,0
98086,0
98087,1
98088,0
98089,0
98090,0
98091,0
98092,0
98093,0
98094,0
98095,0
98096,0
98097,0
98098,0
98099,0
98100,1
98101,0
98102,1
98103,0
98104,0
98105,0
98106,0
98107,0
98108,0
98109,0
98110,0
98111,0
98112,0
98113,0
98114,0
98115,0
98116,0
98117,0
98118,0
98119,0
98120,0
98121,1
98122,0
98123,0
98124,0
98125,0
98126,1
98127,0
98128,0
98129,0
98130,0
98131,1
98132,0
98133,0
98134,1
98135,1
98136,0
98137,0
98138,0
98139,0
98140,0
98141,0
98142,0
98143,0
98144,0
98145,0
98146,0
98147,0
98148,0
98149,0
98150,1
98151,0
98152,0
98153,0
98154,0
98155,0
98156,0
98157,0
98158,0
98159,0
98160,0
98161,0
98162,1
98163,1
98164,0
98165,0
98166,0
98167,0
98168,0
98169,0
98170,0
98171,0
98172,0
98173,0
98174,0
98175,0
98176,0
98177,0
98178,0
98179,0
98180,0
98181,0
98182,0
98183,1
98184,0
98185,0
98186,0
98187,0
98188,0
98189,0
98190,0
98191,0
98192,1
98193,0
98194,0
98195,0
98196,1
98197,0
98198,0
98199,0
98200,0
98201,0
98202,0
98203,0
98204,0
98205,0
98206,0
98207,0
98208,0
98209,0
98210,0
98211,0
98212,0
98213,0
98214,0
98215,0
98216,0
98217,0
98218,0
98219,0
98220,0
98221,0
98222,0
98223,0
98224,0
98225,0
98226,0
98227,0
98228,0
98229,0
98230,0
98231,0
98232,0
98233,0
98234,0
98235,0
98236,1
98237,0
98238,0
98239,1
98240,0
98241,0
98242,1
98243,0
98244,1
98245,0
98246,1
98247,0
98248,1
98249,0
98250,0
98251,1
98252,0
98253,1
98254,0
98255,0
98256,0
98257,1
98258,0
98259,0
98260,0
98261,1
98262,0
98263,0
98264,0
98265,0
98266,0
98267,0
98268,0
98269,0
98270,0
98271,0
98272,0
98273,0
98274,0
98275,0
98276,1
98277,0
98278,0
98279,0
98280,0
98281,0
98282,0
98283,0
98284,0
98285,0
98286,0
98287,1
98288,0
98289,0
98290,0
98291,0
98292,0
98293,0
98294,0
98295,0
98296,0
98297,0
98298,1
98299,0
98300,0
98301,0
98302,0
98303,0
98304,0
98305,0
98306,1
98307,0
98308,0
98309,1
98310,0
98311,0
98312,0
98313,0
98314,0
98315,0
98316,0
98317,1
98318,0
98319,0
98320,1
98321,0
98322,0
98323,0
98324,0
98325,1
98326,1
98327,0
98328,1
98329,0
98330,0
98331,1
98332,0
98333,0
98334,0
98335,0
98336,0
98337,1
98338,0
98339,0
98340,0
98341,0
98342,0
98343,0
98344,0
98345,0
98346,0
98347,0
98348,0
98349,0
98350,0
98351,0
98352,0
98353,0
98354,0
98355,0
98356,0
98357,0
98358,0
98359,1
98360,1
98361,0
98362,0
98363,1
98364,0
98365,0
98366,0
98367,0
98368,0
98369,0
98370,0
98371,0
98372,0
98373,0
98374,0
98375,0
98376,0
98377,0
98378,1
98379,0
98380,0
98381,0
98382,0
98383,0
98384,0
98385,0
98386,0
98387,0
98388,0
98389,0
98390,0
98391,0
98392,0
98393,0
98394,0
98395,0
98396,0
98397,0
98398,0
98399,0
98400,0
98401,0
98402,0
98403,0
98404,0
98405,0
98406,0
98407,0
98408,0
98409,0
98410,0
98411,0
98412,0
98413,1
98414,0
98415,0
98416,1
98417,0
98418,1
98419,0
98420,0
98421,0
98422,0
98423,0
98424,0
98425,0
98426,0
98427,0
98428,0
98429,0
98430,1
98431,0
98432,0
98433,0
98434,0
98435,0
98436,0
98437,0
98438,0
98439,1
98440,0
98441,0
98442,0
98443,0
98444,0
98445,0
98446,0
98447,0
98448,0
98449,0
98450,1
98451,0
98452,0
98453,0
98454,0
98455,0
98456,0
98457,0
98458,1
98459,0
98460,0
98461,0
98462,0
98463,1
98464,0
98465,0
98466,0
98467,0
98468,0
98469,0
98470,0
98471,1
98472,0
98473,0
98474,0
98475,1
98476,0
98477,0
98478,0
98479,0
98480,0
98481,0
98482,0
98483,0
98484,1
98485,0
98486,0
98487,1
98488,0
98489,0
98490,1
98491,0
98492,0
98493,0
98494,0
98495,0
98496,1
98497,0
98498,0
98499,0
98500,0
98501,1
98502,0
98503,1
98504,0
98505,0
98506,0
98507,1
98508,0
98509,0
98510,0
98511,0
98512,0
98513,0
98514,0
98515,0
98516,0
98517,1
98518,0
98519,0
98520,0
98521,0
98522,0
98523,0
98524,0
98525,0
98526,0
98527,0
98528,0
98529,0
98530,1
98531,0
98532,1
98533,0
98534,0
98535,0
98536,0
98537,0
98538,0
98539,0
98540,0
98541,0
98542,1
98543,0
98544,0
98545,0
98546,0
98547,0
98548,0
98549,0
98550,0
98551,0
98552,0
98553,0
98554,0
98555,0
98556,0
98557,0
98558,0
98559,0
98560,0
98561,0
98562,1
98563,0
98564,0
98565,0
98566,0
98567,1
98568,0
98569,0
98570,0
98571,0
98572,1
98573,0
98574,0
98575,0
98576,0
98577,0
98578,0
98579,1
98580,0
98581,0
98582,0
98583,0
98584,0
98585,0
98586,0
98587,0
98588,1
98589,0
98590,1
98591,0
98592,0
98593,0
98594,1
98595,0
98596,0
98597,0
98598,0
98599,0
98600,0
98601,0
98602,1
98603,1
98604,0
98605,0
98606,0
98607,0
98608,0
98609,0
98610,0
98611,0
98612,0
98613,0
98614,0
98615,0
98616,0
98617,0
98618,0
98619,0
98620,0
98621,0
98622,0
98623,0
98624,0
98625,1
98626,0
98627,0
98628,0
98629,0
98630,0
98631,0
98632,0
98633,0
98634,0
98635,1
98636,0
98637,0
98638,0
98639,0
98640,0
98641,0
98642,0
98643,0
98644,0
98645,0
98646,0
98647,0
98648,0
98649,0
98650,0
98651,0
98652,0
98653,0
98654,0
98655,0
98656,0
98657,0
98658,0
98659,0
98660,0
98661,0
98662,0
98663,0
98664,0
98665,1
98666,0
98667,0
98668,0
98669,0
98670,0
98671,0
98672,0
98673,0
98674,1
98675,0
98676,0
98677,0
98678,0
98679,1
98680,0
98681,0
98682,1
98683,0
98684,0
98685,0
98686,1
98687,0
98688,0
98689,0
98690,0
98691,0
98692,0
98693,0
98694,0
98695,0
98696,0
98697,0
98698,0
98699,0
98700,0
98701,0
98702,0
98703,0
98704,0
98705,0
98706,0
98707,0
98708,0
98709,0
98710,0
98711,0
98712,0
98713,1
98714,0
98715,0
98716,0
98717,0
98718,0
98719,0
98720,1
98721,0
98722,0
98723,0
98724,0
98725,0
98726,0
98727,0
98728,0
98729,0
98730,0
98731,0
98732,0
98733,0
98734,0
98735,0
98736,0
98737,0
98738,0
98739,0
98740,1
98741,0
98742,0
98743,0
98744,1
98745,0
98746,0
98747,0
98748,0
98749,0
98750,0
98751,0
98752,0
98753,1
98754,1
98755,0
98756,0
98757,1
98758,0
98759,1
98760,0
98761,0
98762,0
98763,0
98764,0
98765,0
98766,0
98767,0
98768,0
98769,0
98770,0
98771,0
98772,0
98773,0
98774,0
98775,1
98776,0
98777,0
98778,0
98779,0
98780,0
98781,0
98782,0
98783,0
98784,0
98785,0
98786,0
98787,0
98788,0
98789,0
98790,0
98791,0
98792,1
98793,0
98794,0
98795,0
98796,0
98797,0
98798,0
98799,0
98800,0
98801,0
98802,0
98803,1
98804,0
98805,0
98806,0
98807,0
98808,0
98809,0
98810,0
98811,1
98812,0
98813,0
98814,0
98815,0
98816,0
98817,0
98818,0
98819,0
98820,0
98821,0
98822,0
98823,0
98824,0
98825,0
98826,1
98827,0
98828,1
98829,0
98830,0
98831,0
98832,0
98833,0
98834,0
98835,0
98836,1
98837,0
98838,0
98839,0
98840,0
98841,0
98842,0
98843,0
98844,1
98845,0
98846,0
98847,0
98848,1
98849,0
98850,0
98851,1
98852,0
98853,0
98854,0
98855,0
98856,0
98857,0
98858,0
98859,1
98860,0
98861,0
98862,0
98863,0
98864,1
98865,0
98866,0
98867,0
98868,0
98869,0
98870,0
98871,1
98872,1
98873,0
98874,0
98875,0
98876,0
98877,1
98878,0
98879,0
98880,0
98881,0
98882,0
98883,1
98884,0
98885,0
98886,0
98887,0
98888,0
98889,0
98890,0
98891,0
98892,0
98893,0
98894,0
98895,1
98896,0
98897,0
98898,0
98899,1
98900,0
98901,0
98902,0
98903,0
98904,0
98905,0
98906,0
98907,0
98908,0
98909,0
98910,0
98911,0
98912,0
98913,0
98914,0
98915,0
98916,0
98917,0
98918,0
98919,0
98920,0
98921,0
98922,0
98923,0
98924,0
98925,0
98926,0
98927,0
98928,0
98929,1
98930,0
98931,0
98932,0
98933,0
98934,0
98935,1
98936,1
98937,0
98938,0
98939,0
98940,1
98941,0
98942,0
98943,0
98944,0
98945,1
98946,0
98947,0
98948,0
98949,0
98950,0
98951,0
98952,0
98953,0
98954,0
98955,1
98956,0
98957,0
98958,0
98959,1
98960,0
98961,0
98962,0
98963,0
98964,0
98965,0
98966,1
98967,0
98968,0
98969,0
98970,1
98971,0
98972,0
98973,0
98974,0
98975,0
98976,0
98977,1
98978,0
98979,1
98980,0
98981,0
98982,1
98983,1
98984,0
98985,0
98986,0
98987,0
98988,0
98989,0
98990,0
98991,0
98992,0
98993,1
98994,0
98995,0
98996,0
98997,0
98998,0
98999,0
99000,0
99001,0
99002,0
99003,0
99004,0
99005,0
99006,0
99007,0
99008,0
99009,0
99010,0
99011,0
99012,0
99013,0
99014,0
99015,0
99016,0
99017,0
99018,0
99019,0
99020,0
99021,0
99022,0
99023,0
99024,0
99025,0
99026,0
99027,1
99028,0
99029,0
99030,0
99031,0
99032,0
99033,0
99034,0
99035,0
99036,0
99037,0
99038,0
99039,0
99040,0
99041,0
99042,0
99043,0
99044,0
99045,0
99046,0
99047,0
99048,0
99049,0
99050,0
99051,1
99052,1
99053,0
99054,1
99055,1
99056,1
99057,0
99058,0
99059,0
99060,0
99061,0
99062,0
99063,0
99064,0
99065,0
99066,1
99067,0
99068,1
99069,0
99070,0
99071,0
99072,0
99073,0
99074,0
99075,0
99076,0
99077,0
99078,0
99079,0
99080,0
99081,0
99082,0
99083,0
99084,1
99085,0
99086,0
99087,0
99088,0
99089,1
99090,0
99091,0
99092,0
99093,0
99094,0
99095,0
99096,0
99097,0
99098,0
99099,0
99100,0
99101,0
99102,0
99103,0
99104,0
99105,0
99106,0
99107,0
99108,0
99109,0
99110,0
99111,0
99112,0
99113,0
99114,0
99115,0
99116,0
99117,0
99118,0
99119,0
99120,0
99121,0
99122,0
99123,0
99124,0
99125,0
99126,0
99127,0
99128,0
99129,0
99130,0
99131,0
99132,0
99133,0
99134,0
99135,0
99136,0
99137,0
99138,0
99139,0
99140,0
99141,1
99142,0
99143,1
99144,0
99145,0
99146,0
99147,0
99148,0
99149,1
99150,0
99151,0
99152,0
99153,0
99154,0
99155,1
99156,0
99157,0
99158,0
99159,1
99160,0
99161,0
99162,0
99163,0
99164,0
99165,0
99166,0
99167,0
99168,0
99169,0
99170,1
99171,0
99172,0
99173,0
99174,0
99175,0
99176,1
99177,0
99178,0
99179,0
99180,1
99181,0
99182,0
99183,0
99184,0
99185,0
99186,0
99187,0
99188,0
99189,0
99190,0
99191,0
99192,1
99193,0
99194,0
99195,0
99196,0
99197,0
99198,0
99199,0
99200,0
99201,0
99202,0
99203,1
99204,0
99205,0
99206,0
99207,0
99208,0
99209,0
99210,0
99211,0
99212,0
99213,0
99214,0
99215,0
99216,0
99217,0
99218,0
99219,1
99220,0
99221,0
99222,1
99223,0
99224,0
99225,0
99226,1
99227,0
99228,0
99229,0
99230,0
99231,0
99232,0
99233,0
99234,0
99235,0
99236,0
99237,0
99238,0
99239,1
99240,0
99241,0
99242,0
99243,0
99244,0
99245,0
99246,0
99247,0
99248,1
99249,0
99250,1
99251,0
99252,0
99253,0
99254,0
99255,0
99256,1
99257,0
99258,0
99259,0
99260,0
99261,1
99262,0
99263,1
99264,0
99265,0
99266,0
99267,0
99268,0
99269,0
99270,0
99271,0
99272,0
99273,0
99274,0
99275,0
99276,0
99277,0
99278,0
99279,0
99280,0
99281,0
99282,0
99283,0
99284,0
99285,0
99286,0
99287,0
99288,0
99289,1
99290,1
99291,0
99292,0
99293,0
99294,0
99295,0
99296,0
99297,0
99298,0
99299,0
99300,1
99301,0
99302,0
99303,0
99304,1
99305,0
99306,1
99307,0
99308,0
99309,0
99310,0
99311,0
99312,0
99313,0
99314,0
99315,0
99316,0
99317,0
99318,0
99319,0
99320,0
99321,0
99322,0
99323,0
99324,0
99325,0
99326,1
99327,0
99328,0
99329,0
99330,0
99331,0
99332,0
99333,1
99334,0
99335,0
99336,0
99337,0
99338,0
99339,0
99340,0
99341,0
99342,0
99343,0
99344,0
99345,0
99346,0
99347,0
99348,1
99349,0
99350,0
99351,0
99352,1
99353,0
99354,0
99355,0
99356,0
99357,0
99358,0
99359,0
99360,0
99361,0
99362,1
99363,0
99364,0
99365,0
99366,0
99367,0
99368,0
99369,0
99370,0
99371,0
99372,0
99373,0
99374,0
99375,0
99376,0
99377,0
99378,0
99379,0
99380,0
99381,0
99382,0
99383,0
99384,0
99385,1
99386,0
99387,1
99388,0
99389,1
99390,0
99391,0
99392,1
99393,0
99394,0
99395,0
99396,0
99397,0
99398,0
99399,0
99400,0
99401,0
99402,1
99403,0
99404,0
99405,0
99406,1
99407,0
99408,0
99409,0
99410,0
99411,0
99412,0
99413,0
99414,0
99415,0
99416,0
99417,0
99418,0
99419,0
99420,0
99421,0
99422,0
99423,0
99424,0
99425,0
99426,0
99427,1
99428,0
99429,0
99430,1
99431,0
99432,0
99433,0
99434,0
99435,0
99436,0
99437,0
99438,0
99439,0
99440,0
99441,0
99442,0
99443,0
99444,0
99445,0
99446,1
99447,0
99448,0
99449,1
99450,0
99451,0
99452,0
99453,0
99454,0
99455,0
99456,0
99457,0
99458,1
99459,0
99460,0
99461,0
99462,1
99463,0
99464,1
99465,1
99466,0
99467,0
99468,0
99469,0
99470,0
99471,0
99472,0
99473,0
99474,0
99475,0
99476,0
99477,0
99478,0
99479,0
99480,0
99481,0
99482,0
99483,0
99484,0
99485,0
99486,0
99487,0
99488,0
99489,0
99490,0
99491,0
99492,0
99493,0
99494,0
99495,0
99496,0
99497,0
99498,1
99499,1
99500,0
99501,1
99502,0
99503,0
99504,1
99505,0
99506,1
99507,1
99508,1
99509,0
99510,0
99511,0
99512,0
99513,0
99514,0
99515,0
99516,0
99517,0
99518,0
99519,0
99520,0
99521,0
99522,0
99523,0
99524,0
99525,0
99526,1
99527,0
99528,0
99529,0
99530,0
99531,0
99532,0
99533,0
99534,0
99535,0
99536,1
99537,0
99538,0
99539,0
99540,0
99541,0
99542,0
99543,0
99544,0
99545,0
99546,0
99547,0
99548,0
99549,0
99550,0
99551,1
99552,0
99553,0
99554,0
99555,0
99556,0
99557,1
99558,0
99559,1
99560,0
99561,0
99562,1
99563,0
99564,0
99565,0
99566,1
99567,0
99568,0
99569,0
99570,0
99571,0
99572,1
99573,0
99574,1
99575,0
99576,0
99577,0
99578,0
99579,0
99580,0
99581,0
99582,0
99583,0
99584,0
99585,0
99586,0
99587,0
99588,0
99589,0
99590,0
99591,0
99592,0
99593,1
99594,0
99595,0
99596,0
99597,1
99598,0
99599,0
99600,0
99601,0
99602,0
99603,0
99604,0
99605,0
99606,0
99607,1
99608,0
99609,0
99610,0
99611,1
99612,0
99613,1
99614,0
99615,1
99616,0
99617,0
99618,0
99619,0
99620,0
99621,0
99622,0
99623,0
99624,0
99625,0
99626,1
99627,1
99628,0
99629,0
99630,0
99631,1
99632,0
99633,0
99634,0
99635,0
99636,1
99637,0
99638,0
99639,1
99640,0
99641,0
99642,0
99643,0
99644,0
99645,1
99646,0
99647,1
99648,1
99649,0
99650,1
99651,0
99652,0
99653,0
99654,0
99655,0
99656,1
99657,0
99658,1
99659,0
99660,0
99661,0
99662,1
99663,0
99664,0
99665,1
99666,0
99667,0
99668,0
99669,0
99670,0
99671,0
99672,0
99673,0
99674,0
99675,0
99676,0
99677,0
99678,0
99679,0
99680,0
99681,0
99682,0
99683,0
99684,0
99685,0
99686,0
99687,0
99688,0
99689,1
99690,0
99691,0
99692,0
99693,1
99694,1
99695,0
99696,0
99697,1
99698,0
99699,0
99700,0
99701,0
99702,0
99703,0
99704,1
99705,0
99706,0
99707,0
99708,0
99709,0
99710,0
99711,0
99712,0
99713,0
99714,0
99715,0
99716,0
99717,0
99718,0
99719,0
99720,1
99721,0
99722,0
99723,1
99724,0
99725,0
99726,0
99727,1
99728,0
99729,0
99730,0
99731,0
99732,0
99733,0
99734,1
99735,0
99736,0
99737,0
99738,0
99739,0
99740,0
99741,0
99742,0
99743,1
99744,0
99745,0
99746,0
99747,0
99748,0
99749,0
99750,0
99751,0
99752,0
99753,0
99754,0
99755,0
99756,1
99757,0
99758,0
99759,0
99760,0
99761,0
99762,0
99763,0
99764,0
99765,0
99766,0
99767,0
99768,0
99769,0
99770,1
99771,0
99772,0
99773,0
99774,0
99775,0
99776,0
99777,1
99778,0
99779,0
99780,0
99781,0
99782,0
99783,0
99784,0
99785,0
99786,0
99787,1
99788,0
99789,0
99790,0
99791,0
99792,0
99793,0
99794,0
99795,0
99796,0
99797,0
99798,0
99799,1
99800,0
99801,0
99802,0
99803,1
99804,0
99805,0
99806,0
99807,0
99808,1
99809,1
99810,1
99811,0
99812,0
99813,1
99814,0
99815,0
99816,0
99817,0
99818,0
99819,0
99820,0
99821,0
99822,0
99823,0
99824,1
99825,0
99826,0
99827,0
99828,0
99829,0
99830,0
99831,0
99832,0
99833,0
99834,0
99835,0
99836,0
99837,0
99838,1
99839,0
99840,0
99841,0
99842,0
99843,0
99844,0
99845,0
99846,0
99847,0
99848,1
99849,1
99850,0
99851,0
99852,0
99853,0
99854,0
99855,0
99856,1
99857,0
99858,0
99859,0
99860,0
99861,0
99862,0
99863,0
99864,0
99865,0
99866,0
99867,0
99868,0
99869,0
99870,0
99871,0
99872,0
99873,1
99874,0
99875,0
99876,1
99877,0
99878,0
99879,0
99880,0
99881,0
99882,0
99883,0
99884,0
99885,0
99886,0
99887,0
99888,0
99889,1
99890,0
99891,0
99892,0
99893,0
99894,1
99895,0
99896,0
99897,0
99898,0
99899,0
99900,1
99901,0
99902,0
99903,1
99904,0
99905,0
99906,0
99907,0
99908,0
99909,0
99910,0
99911,0
99912,0
99913,0
99914,0
99915,0
99916,0
99917,0
99918,0
99919,0
99920,0
99921,0
99922,0
99923,0
99924,0
99925,0
99926,0
99927,1
99928,0
99929,0
99930,0
99931,0
99932,0
99933,0
99934,0
99935,0
99936,1
99937,0
99938,0
99939,0
99940,0
99941,0
99942,0
99943,0
99944,0
99945,0
99946,0
99947,0
99948,0
99949,0
99950,0
99951,0
99952,0
99953,0
99954,0
99955,0
99956,0
99957,0
99958,0
99959,0
99960,1
99961,0
99962,0
99963,0
99964,0
99965,0
99966,0
99967,0
99968,0
99969,0
99970,0
99971,0
99972,0
99973,1
99974,0
99975,0
99976,0
99977,0
99978,0
99979,1
99980,0
99981,0
99982,0
99983,1
99984,0
99985,0
99986,0
99987,0
99988,0
99989,0
99990,0
99991,1
99992,0
99993,0
99994,0
99995,0
99996,0
99997,0
99998,1
99999,0
100000,0
100001,0
100002,0
100003,0
100004,1
100005,0
100006,0
100007,0
100008,0
100009,0
100010,0
100011,1
100012,0
100013,0
100014,0
100015,0
100016,0
100017,0
100018,0
100019,1
100020,0
100021,0
100022,0
100023,1
100024,0
100025,0
100026,0
100027,0
100028,0
100029,0
100030,0
100031,0
100032,0
100033,0
100034,0
100035,0
100036,0
100037,0
100038,0
100039,0
100040,0
100041,0
100042,0
100043,0
100044,0
100045,0
100046,0
100047,0
100048,0
100049,1
100050,0
100051,0
100052,0
100053,0
100054,0
100055,0
100056,0
100057,0
100058,0
100059,0
100060,0
100061,0
100062,0
100063,0
100064,0
100065,0
100066,0
100067,0
100068,1
100069,0
100070,0
100071,0
100072,0
100073,0
100074,0
100075,1
100076,0
100077,0
100078,0
100079,0
100080,0
100081,0
100082,0
100083,0
100084,1
100085,0
100086,0
100087,0
100088,0
100089,0
100090,0
100091,0
100092,0
100093,0
100094,0
100095,0
100096,0
100097,0
100098,0
100099,0
100100,0
100101,0
100102,0
100103,0
100104,0
100105,0
100106,0
100107,0
100108,0
100109,1
100110,0
100111,0
100112,0
100113,0
100114,0
100115,0
100116,0
100117,0
100118,0
100119,0
100120,0
100121,0
100122,0
100123,0
100124,0
100125,0
100126,0
100127,0
100128,0
100129,0
100130,0
100131,0
100132,1
100133,0
100134,0
100135,0
100136,0
100137,0
100138,0
100139,0
100140,0
100141,0
100142,0
100143,0
100144,0
100145,0
100146,0
100147,0
100148,0
100149,0
100150,0
100151,0
100152,0
100153,0
100154,0
100155,0
100156,0
100157,1
100158,0
100159,0
100160,0
100161,0
100162,0
100163,0
100164,0
100165,0
100166,0
100167,0
100168,0
100169,0
100170,0
100171,0
100172,1
100173,0
100174,0
100175,0
100176,0
100177,0
100178,0
100179,0
100180,0
100181,0
100182,0
100183,0
100184,0
100185,0
100186,1
100187,1
100188,0
100189,0
100190,0
100191,0
100192,0
100193,0
100194,0
100195,0
100196,0
100197,1
100198,0
100199,1
100200,1
100201,1
100202,0
100203,0
100204,0
100205,0
100206,1
100207,1
100208,0
100209,0
100210,0
100211,0
100212,0
100213,0
100214,0
100215,0
100216,0
100217,0
100218,0
100219,0
100220,0
100221,0
100222,1
100223,0
100224,0
100225,0
100226,0
100227,0
100228,0
100229,0
100230,1
100231,0
100232,0
100233,0
100234,0
100235,0
100236,0
100237,0
100238,0
100239,0
100240,1
100241,0
100242,0
100243,0
100244,1
100245,0
100246,0
100247,0
100248,0
100249,0
100250,0
100251,0
100252,0
100253,0
100254,0
100255,0
100256,0
100257,0
100258,0
100259,0
100260,0
100261,0
100262,0
100263,1
100264,0
100265,0
100266,0
100267,1
100268,0
100269,0
100270,0
100271,1
100272,0
100273,0
100274,0
100275,0
100276,0
100277,1
100278,0
100279,0
100280,0
100281,0
100282,0
100283,1
100284,0
100285,0
100286,0
100287,1
100288,0
100289,0
100290,1
100291,0
100292,0
100293,0
100294,1
100295,0
100296,0
100297,0
100298,0
100299,0
100300,0
100301,0
100302,0
100303,0
100304,1
100305,0
100306,0
100307,0
100308,0
100309,0
100310,0
100311,0
100312,0
100313,0
100314,0
100315,1
100316,0
100317,0
100318,0
100319,0
100320,0
100321,0
100322,0
100323,0
100324,0
100325,0
100326,0
100327,0
100328,0
100329,0
100330,0
100331,0
100332,0
100333,0
100334,0
100335,0
100336,0
100337,0
100338,0
100339,0
100340,0
100341,0
100342,0
100343,0
100344,1
100345,0
100346,1
100347,0
100348,0
100349,0
100350,0
100351,0
100352,1
100353,0
100354,0
100355,0
100356,0
100357,0
100358,0
100359,0
100360,0
100361,0
100362,0
100363,0
100364,0
100365,0
100366,0
100367,0
100368,0
100369,0
100370,0
100371,1
100372,0
100373,0
100374,0
100375,1
100376,0
100377,0
100378,1
100379,1
100380,0
100381,0
100382,0
100383,0
100384,0
100385,0
100386,0
100387,0
100388,0
100389,0
100390,0
100391,0
100392,1
100393,0
100394,0
100395,0
100396,1
100397,0
100398,0
100399,0
100400,1
100401,0
100402,0
100403,0
100404,0
100405,0
100406,0
100407,0
100408,0
100409,0
100410,0
100411,0
100412,0
100413,0
100414,0
100415,0
100416,0
100417,0
100418,1
100419,0
100420,0
100421,0
100422,1
100423,0
100424,0
100425,0
100426,0
100427,0
100428,0
100429,0
100430,0
100431,0
100432,0
100433,0
100434,0
100435,0
100436,0
100437,0
100438,0
100439,1
100440,0
100441,0
100442,0
100443,0
100444,0
100445,0
100446,0
100447,0
100448,1
100449,0
100450,0
100451,0
100452,0
100453,0
100454,0
100455,0
100456,0
100457,0
100458,1
100459,0
100460,0
100461,0
100462,0
100463,0
100464,0
100465,0
100466,0
100467,0
100468,0
100469,0
100470,0
100471,0
100472,0
100473,1
100474,0
100475,0
100476,0
100477,0
100478,0
100479,0
100480,0
100481,0
100482,1
100483,1
100484,0
100485,0
100486,1
100487,0
100488,0
100489,0
100490,0
100491,0
100492,1
100493,0
100494,0
100495,0
100496,0
100497,0
100498,0
100499,0
100500,0
100501,0
100502,0
100503,0
100504,0
100505,0
100506,0
100507,0
100508,0
100509,0
100510,0
100511,0
100512,0
100513,0
100514,0
100515,0
100516,0
100517,0
100518,0
100519,0
100520,0
100521,0
100522,0
100523,0
100524,1
100525,0
100526,0
100527,0
100528,0
100529,1
100530,0
100531,0
100532,0
100533,1
100534,0
100535,0
100536,0
100537,0
100538,0
100539,0
100540,0
100541,0
100542,0
100543,0
100544,0
100545,0
100546,0
100547,0
100548,0
100549,0
100550,1
100551,0
100552,1
100553,0
100554,0
100555,0
100556,0
100557,0
100558,0
100559,0
100560,0
100561,0
100562,0
100563,0
100564,1
100565,0
100566,0
100567,0
100568,0
100569,0
100570,0
100571,0
100572,0
100573,0
100574,0
100575,0
100576,0
100577,0
100578,0
100579,0
100580,0
100581,0
100582,0
100583,0
100584,0
100585,0
100586,0
100587,0
100588,0
100589,0
100590,0
100591,0
100592,0
100593,0
100594,0
100595,1
100596,1
100597,0
100598,0
100599,0
100600,0
100601,0
100602,0
100603,0
100604,0
100605,0
100606,0
100607,0
100608,0
100609,0
100610,1
100611,0
100612,0
100613,0
100614,0
100615,0
100616,0
100617,1
100618,0
100619,0
100620,0
100621,0
100622,0
100623,0
100624,0
100625,0
100626,0
100627,0
100628,1
100629,0
100630,0
100631,0
100632,0
100633,1
100634,0
100635,0
100636,0
100637,0
100638,0
100639,0
100640,0
100641,0
100642,0
100643,0
100644,0
100645,0
100646,0
100647,0
100648,1
100649,0
100650,0
100651,1
100652,0
100653,0
100654,0
100655,0
100656,0
100657,0
100658,0
100659,0
100660,0
100661,0
100662,0
100663,0
100664,1
100665,0
100666,0
100667,0
100668,1
100669,0
100670,0
100671,0
100672,0
100673,0
100674,0
100675,0
100676,0
100677,0
100678,0
100679,0
100680,0
100681,0
100682,0
100683,0
100684,0
100685,1
100686,0
100687,0
100688,0
100689,0
100690,1
100691,0
100692,0
100693,0
100694,0
100695,0
100696,0
100697,0
100698,1
100699,0
100700,0
100701,0
100702,0
100703,0
100704,0
100705,1
100706,0
100707,0
100708,0
100709,0
100710,0
100711,0
100712,0
100713,0
100714,1
100715,0
100716,1
100717,0
100718,0
100719,0
100720,0
100721,0
100722,0
100723,0
100724,0
100725,0
100726,0
100727,0
100728,0
100729,0
100730,0
100731,0
100732,1
100733,0
100734,0
100735,0
100736,0
100737,0
100738,0
100739,0
100740,0
100741,0
100742,0
100743,0
100744,0
100745,0
100746,0
100747,0
100748,0
100749,0
100750,0
100751,1
100752,0
100753,0
100754,0
100755,0
100756,0
100757,0
100758,1
100759,0
100760,0
100761,0
100762,0
100763,0
100764,0
100765,0
100766,0
100767,0
100768,0
100769,0
100770,0
100771,0
100772,0
100773,0
100774,0
100775,0
100776,1
100777,0
100778,0
100779,0
100780,0
100781,0
100782,0
100783,0
100784,0
100785,1
100786,0
100787,0
100788,1
100789,0
100790,0
100791,1
100792,0
100793,1
100794,0
100795,0
100796,0
100797,0
100798,0
100799,0
100800,0
100801,0
100802,1
100803,0
100804,1
100805,0
100806,0
100807,0
100808,0
100809,1
100810,0
100811,0
100812,1
100813,0
100814,0
100815,0
100816,0
100817,0
100818,0
100819,0
100820,1
100821,0
100822,0
100823,0
100824,0
100825,0
100826,0
100827,0
100828,1
100829,0
100830,0
100831,0
100832,0
100833,0
100834,0
100835,0
100836,0
100837,0
100838,0
100839,1
100840,0
100841,0
100842,1
100843,0
100844,1
100845,0
100846,0
100847,0
100848,0
100849,0
100850,0
100851,0
100852,0
100853,1
100854,0
100855,0
100856,0
100857,0
100858,0
100859,0
100860,0
100861,0
100862,0
100863,0
100864,0
100865,0
100866,0
100867,0
100868,0
100869,0
100870,0
100871,0
100872,0
100873,0
100874,0
100875,0
100876,1
100877,0
100878,0
100879,0
100880,1
100881,1
100882,0
100883,0
100884,0
100885,0
100886,0
100887,0
100888,0
100889,0
100890,0
100891,0
100892,0
100893,0
100894,0
100895,0
100896,0
100897,1
100898,0
100899,0
100900,0
100901,0
100902,0
100903,0
100904,1
100905,0
100906,0
100907,0
100908,0
100909,0
100910,0
100911,0
100912,0
100913,0
100914,0
100915,0
100916,0
100917,0
100918,0
100919,0
100920,0
100921,0
100922,0
100923,0
100924,0
100925,0
100926,0
100927,0
100928,0
100929,0
100930,1
100931,0
100932,0
100933,0
100934,0
100935,0
100936,0
100937,0
100938,0
100939,1
100940,0
100941,0
100942,0
100943,0
100944,0
100945,1
100946,0
100947,0
100948,0
100949,0
100950,0
100951,0
100952,0
100953,0
100954,0
100955,1
100956,1
100957,0
100958,0
100959,0
100960,0
100961,0
100962,0
100963,0
100964,0
100965,1
100966,1
100967,0
100968,1
100969,0
100970,0
100971,1
100972,0
100973,0
100974,0
100975,0
100976,0
100977,0
100978,0
100979,0
100980,1
100981,0
100982,0
100983,0
100984,0
100985,0
100986,0
100987,0
100988,0
100989,0
100990,0
100991,0
100992,0
100993,0
100994,1
100995,0
100996,0
100997,0
100998,0
100999,0
101000,0
101001,0
101002,0
101003,0
101004,0
101005,0
101006,0
101007,0
101008,1
101009,0
101010,1
101011,0
101012,0
101013,0
101014,0
101015,1
101016,0
101017,0
101018,0
101019,0
101020,0
101021,0
101022,0
101023,0
101024,0
101025,0
101026,0
101027,0
101028,1
101029,0
101030,0
101031,0
101032,0
101033,0
101034,0
101035,0
101036,0
101037,0
101038,0
101039,0
101040,0
101041,0
101042,0
101043,0
101044,1
101045,0
101046,0
101047,0
101048,0
101049,0
101050,0
101051,0
101052,0
101053,0
101054,0
101055,1
101056,0
101057,0
101058,0
101059,0
101060,1
101061,0
101062,1
101063,0
101064,0
101065,0
101066,0
101067,0
101068,0
101069,0
101070,0
101071,0
101072,1
101073,0
101074,1
101075,0
101076,0
101077,0
101078,0
101079,0
101080,0
101081,0
101082,0
101083,0
101084,0
101085,0
101086,0
101087,0
101088,1
101089,0
101090,0
101091,0
101092,1
101093,0
101094,1
101095,1
101096,1
101097,0
101098,0
101099,0
101100,1
101101,0
101102,1
101103,0
101104,0
101105,0
101106,0
101107,0
101108,0
101109,0
101110,0
101111,0
101112,0
101113,0
101114,0
101115,0
101116,0
101117,0
101118,0
101119,0
101120,0
101121,0
101122,0
101123,0
101124,0
101125,0
101126,0
101127,0
101128,0
101129,0
101130,1
101131,0
101132,0
101133,0
101134,0
101135,0
101136,0
101137,0
101138,0
101139,0
101140,0
101141,0
101142,1
101143,0
101144,0
101145,0
101146,0
101147,0
101148,0
101149,0
101150,0
101151,0
101152,0
101153,0
101154,0
101155,0
101156,1
101157,0
101158,0
101159,0
101160,0
101161,0
101162,0
101163,0
101164,0
101165,0
101166,0
101167,0
101168,0
101169,0
101170,1
101171,0
101172,0
101173,0
101174,0
101175,0
101176,0
101177,0
101178,0
101179,1
101180,1
101181,0
101182,0
101183,0
101184,0
101185,0
101186,0
101187,0
101188,0
101189,0
101190,0
101191,0
101192,0
101193,0
101194,0
101195,0
101196,0
101197,0
101198,1
101199,0
101200,0
101201,0
101202,0
101203,0
101204,0
101205,0
101206,0
101207,0
101208,0
101209,0
101210,0
101211,0
101212,0
101213,0
101214,1
101215,0
101216,0
101217,0
101218,0
101219,1
101220,0
101221,0
101222,0
101223,0
101224,0
101225,1
101226,0
101227,0
101228,0
101229,1
101230,0
101231,0
101232,0
101233,0
101234,0
101235,0
101236,0
101237,0
101238,0
101239,0
101240,0
101241,0
101242,0
101243,0
101244,0
101245,0
101246,0
101247,0
101248,0
101249,0
101250,0
101251,1
101252,0
101253,0
101254,0
101255,0
101256,0
101257,0
101258,1
101259,1
101260,0
101261,0
101262,0
101263,0
101264,0
101265,1
101266,0
101267,0
101268,0
101269,0
101270,0
101271,0
101272,0
101273,0
101274,0
101275,0
101276,0
101277,0
101278,0
101279,0
101280,1
101281,0
101282,0
101283,1
101284,0
101285,0
101286,0
101287,0
101288,0
101289,0
101290,0
101291,0
101292,0
101293,0
101294,0
101295,0
101296,1
101297,0
101298,0
101299,0
101300,0
101301,0
101302,1
101303,1
101304,0
101305,0
101306,0
101307,0
101308,1
101309,0
101310,0
101311,0
101312,0
101313,0
101314,0
101315,0
101316,0
101317,1
101318,0
101319,0
101320,0
101321,0
101322,0
101323,0
101324,0
101325,0
101326,0
101327,0
101328,0
101329,1
101330,0
101331,0
101332,0
101333,0
101334,0
101335,0
101336,0
101337,0
101338,0
101339,0
101340,0
101341,0
101342,0
101343,0
101344,0
101345,0
101346,1
101347,0
101348,1
101349,0
101350,0
101351,1
101352,0
101353,0
101354,0
101355,0
101356,0
101357,0
101358,0
101359,0
101360,1
101361,0
101362,0
101363,0
101364,0
101365,0
101366,0
101367,0
101368,0
101369,0
101370,0
101371,0
101372,0
101373,1
101374,1
101375,0
101376,0
101377,0
101378,0
101379,0
101380,0
101381,0
101382,0
101383,0
101384,0
101385,0
101386,0
101387,0
101388,0
101389,0
101390,0
101391,0
101392,0
101393,0
101394,0
101395,0
101396,0
101397,0
101398,0
101399,0
101400,0
101401,0
101402,0
101403,0
101404,0
101405,0
101406,0
101407,0
101408,0
101409,0
101410,0
101411,1
101412,0
101413,0
101414,0
101415,0
101416,0
101417,0
101418,0
101419,0
101420,0
101421,1
101422,1
101423,0
101424,0
101425,0
101426,0
101427,0
101428,0
101429,0
101430,0
101431,1
101432,0
101433,0
101434,0
101435,1
101436,0
101437,0
101438,0
101439,0
101440,0
101441,0
101442,1
101443,0
101444,0
101445,0
101446,0
101447,0
101448,0
101449,0
101450,0
101451,0
101452,0
101453,0
101454,0
101455,0
101456,0
101457,0
101458,1
101459,0
101460,1
101461,1
101462,0
101463,0
101464,0
101465,0
101466,0
101467,0
101468,0
101469,0
101470,0
101471,1
101472,0
101473,0
101474,0
101475,1
101476,1
101477,0
101478,0
101479,1
101480,0
101481,0
101482,0
101483,1
101484,0
101485,0
101486,0
101487,0
101488,0
101489,0
101490,0
101491,1
101492,0
101493,0
101494,0
101495,0
101496,0
101497,1
101498,0
101499,1
101500,0
101501,0
101502,0
101503,0
101504,0
101505,0
101506,0
101507,0
101508,1
101509,0
101510,0
101511,0
101512,1
101513,1
101514,0
101515,1
101516,0
101517,0
101518,0
101519,1
101520,0
101521,0
101522,0
101523,0
101524,1
101525,1
101526,1
101527,0
101528,0
101529,0
101530,0
101531,0
101532,1
101533,0
101534,0
101535,0
101536,0
101537,0
101538,1
101539,0
101540,0
101541,0
101542,0
101543,0
101544,0
101545,0
101546,0
101547,1
101548,0
101549,0
101550,0
101551,0
101552,1
101553,0
101554,0
101555,0
101556,0
101557,0
101558,0
101559,0
101560,0
101561,0
101562,0
101563,0
101564,1
101565,0
101566,1
101567,0
101568,0
101569,0
101570,0
101571,0
101572,0
101573,0
101574,0
101575,0
101576,0
101577,0
101578,0
101579,0
101580,0
101581,0
101582,0
101583,0
101584,0
101585,0
101586,0
101587,0
101588,0
101589,0
101590,0
101591,0
101592,0
101593,0
101594,0
101595,0
101596,0
101597,0
101598,0
101599,1
101600,0
101601,0
101602,0
101603,0
101604,1
101605,0
101606,0
101607,1
101608,0
101609,0
101610,0
101611,0
101612,0
101613,0
101614,1
101615,0
101616,0
101617,0
101618,0
101619,0
101620,0
101621,0
101622,0
101623,0
101624,0
101625,0
101626,0
101627,0
101628,0
101629,0
101630,0
101631,0
101632,0
101633,0
101634,0
101635,0
101636,0
101637,0
101638,0
101639,0
101640,0
101641,0
101642,0
101643,0
101644,0
101645,0
101646,0
101647,0
101648,0
101649,0
101650,0
101651,0
101652,1
101653,0
101654,0
101655,0
101656,1
101657,0
101658,0
101659,0
101660,0
101661,0
101662,0
101663,0
101664,0
101665,0
101666,1
101667,0
101668,0
101669,0
101670,0
101671,0
101672,0
101673,0
101674,0
101675,0
101676,0
101677,0
101678,0
101679,0
101680,0
101681,1
101682,0
101683,0
101684,0
101685,0
101686,0
101687,0
101688,0
101689,0
101690,0
101691,0
101692,1
101693,0
101694,0
101695,0
101696,0
101697,0
101698,0
101699,1
101700,0
101701,1
101702,1
101703,0
101704,0
101705,1
101706,1
101707,0
101708,0
101709,0
101710,0
101711,1
101712,0
101713,1
101714,0
101715,0
101716,0
101717,0
101718,0
101719,0
101720,1
101721,0
101722,0
101723,0
101724,0
101725,0
101726,0
101727,0
101728,0
101729,0
101730,0
101731,0
101732,0
101733,1
101734,0
101735,1
101736,1
101737,0
101738,0
101739,0
101740,0
101741,0
101742,0
101743,0
101744,0
101745,0
101746,0
101747,0
101748,0
101749,0
101750,0
101751,0
101752,0
101753,1
101754,0
101755,0
101756,0
101757,0
101758,0
101759,0
101760,0
101761,0
101762,0
101763,1
101764,0
101765,0
101766,0
101767,0
101768,0
101769,0
101770,1
101771,1
101772,0
101773,0
101774,0
101775,0
101776,0
101777,0
101778,1
101779,0
101780,0
101781,0
101782,0
101783,0
101784,0
101785,1
101786,0
101787,0
101788,1
101789,0
101790,0
101791,1
101792,1
101793,0
101794,0
101795,0
101796,0
101797,0
101798,0
101799,0
101800,0
101801,1
101802,0
101803,0
101804,1
101805,0
101806,0
101807,0
101808,0
101809,0
101810,0
101811,0
101812,0
101813,0
101814,0
101815,0
101816,0
101817,0
101818,0
101819,0
101820,0
101821,0
101822,1
101823,0
101824,0
101825,0
101826,0
101827,1
101828,0
101829,0
101830,0
101831,0
101832,1
101833,0
101834,0
101835,0
101836,0
101837,1
101838,0
101839,0
101840,0
101841,0
101842,0
101843,0
101844,0
101845,1
101846,0
101847,0
101848,1
101849,0
101850,0
101851,0
101852,0
101853,0
101854,0
101855,1
101856,0
101857,0
101858,0
101859,0
101860,0
101861,0
101862,0
101863,0
101864,0
101865,0
101866,0
101867,0
101868,0
101869,0
101870,0
101871,0
101872,0
101873,1
101874,0
101875,0
101876,0
101877,0
101878,0
101879,0
101880,1
101881,0
101882,0
101883,0
101884,0
101885,0
101886,0
101887,0
101888,1
101889,1
101890,1
101891,0
101892,1
101893,0
101894,0
101895,0
101896,0
101897,0
101898,0
101899,0
101900,0
101901,0
101902,0
101903,0
101904,1
101905,0
101906,0
101907,0
101908,0
101909,0
101910,1
101911,0
101912,0
101913,0
101914,0
101915,1
101916,0
101917,0
101918,0
101919,1
101920,0
101921,0
101922,0
101923,0
101924,0
101925,0
101926,0
101927,0
101928,1
101929,0
101930,0
101931,0
101932,0
101933,0
101934,0
101935,0
101936,0
101937,0
101938,0
101939,0
101940,0
101941,0
101942,0
101943,0
101944,0
101945,1
101946,0
101947,0
101948,1
101949,0
101950,0
101951,0
101952,0
101953,0
101954,0
101955,0
101956,0
101957,0
101958,0
101959,0
101960,0
101961,0
101962,1
101963,1
101964,0
101965,0
101966,0
101967,0
101968,0
101969,0
101970,0
101971,1
101972,0
101973,0
101974,1
101975,0
101976,0
101977,0
101978,0
101979,0
101980,0
101981,0
101982,1
101983,0
101984,0
101985,0
101986,0
101987,0
101988,0
101989,0
101990,0
101991,0
101992,0
101993,0
101994,0
101995,0
101996,0
101997,0
101998,1
101999,0
102000,0
102001,0
102002,0
102003,0
102004,0
102005,0
102006,0
102007,0
102008,0
102009,0
102010,0
102011,0
102012,0
102013,1
102014,0
102015,0
102016,0
102017,0
102018,1
102019,0
102020,0
102021,0
102022,0
102023,0
102024,0
102025,0
102026,1
102027,1
102028,0
102029,0
102030,0
102031,0
102032,0
102033,0
102034,0
102035,0
102036,0
102037,0
102038,0
102039,0
102040,0
102041,0
102042,0
102043,0
102044,0
102045,0
102046,0
102047,0
102048,0
102049,0
102050,0
102051,0
102052,1
102053,0
102054,0
102055,0
102056,0
102057,0
102058,0
102059,0
102060,0
102061,0
102062,0
102063,0
102064,0
102065,0
102066,0
102067,0
102068,0
102069,0
102070,0
102071,0
102072,0
102073,0
102074,0
102075,0
102076,0
102077,0
102078,0
102079,0
102080,0
102081,0
102082,0
102083,0
102084,0
102085,0
102086,0
102087,0
102088,0
102089,0
102090,0
102091,0
102092,0
102093,0
102094,0
102095,0
102096,0
102097,0
102098,0
102099,0
102100,0
102101,0
102102,0
102103,0
102104,0
102105,0
102106,0
102107,0
102108,0
102109,0
102110,0
102111,0
102112,1
102113,1
102114,0
102115,0
102116,0
102117,0
102118,0
102119,1
102120,0
102121,0
102122,0
102123,0
102124,0
102125,0
102126,0
102127,0
102128,0
102129,0
102130,0
102131,0
102132,0
102133,0
102134,0
102135,0
102136,1
102137,0
102138,0
102139,0
102140,0
102141,0
102142,0
102143,0
102144,0
102145,0
102146,1
102147,1
102148,0
102149,0
102150,0
102151,0
102152,0
102153,0
102154,0
102155,0
102156,0
102157,0
102158,0
102159,0
102160,0
102161,0
102162,0
102163,0
102164,0
102165,1
102166,1
102167,0
102168,0
102169,1
102170,0
102171,0
102172,0
102173,0
102174,0
102175,0
102176,0
102177,0
102178,0
102179,0
102180,0
102181,0
102182,0
102183,1
102184,0
102185,0
102186,0
102187,0
102188,0
102189,0
102190,0
102191,0
102192,1
102193,1
102194,0
102195,0
102196,0
102197,0
102198,0
102199,0
102200,0
102201,0
102202,0
102203,0
102204,0
102205,0
102206,0
102207,1
102208,0
102209,0
102210,0
102211,0
102212,0
102213,0
102214,0
102215,0
102216,0
102217,0
102218,1
102219,0
102220,0
102221,0
102222,0
102223,0
102224,0
102225,1
102226,0
102227,0
102228,0
102229,0
102230,0
102231,1
102232,0
102233,0
102234,0
102235,0
102236,1
102237,1
102238,0
102239,0
102240,0
102241,0
102242,0
102243,0
102244,0
102245,1
102246,0
102247,1
102248,0
102249,0
102250,0
102251,0
102252,0
102253,0
102254,0
102255,0
102256,0
102257,0
102258,0
102259,0
102260,0
102261,0
102262,0
102263,0
102264,0
102265,1
102266,0
102267,0
102268,1
102269,0
102270,0
102271,0
102272,0
102273,0
102274,1
102275,1
102276,0
102277,0
102278,1
102279,0
102280,0
102281,0
102282,1
102283,1
102284,0
102285,0
102286,0
102287,0
102288,0
102289,0
102290,0
102291,0
102292,0
102293,0
102294,0
102295,0
102296,0
102297,0
102298,0
102299,0
102300,0
102301,0
102302,0
102303,0
102304,0
102305,0
102306,0
102307,0
102308,0
102309,1
102310,0
102311,0
102312,0
102313,0
102314,0
102315,0
102316,0
102317,0
102318,0
102319,0
102320,0
102321,0
102322,0
102323,0
102324,0
102325,0
102326,0
102327,1
102328,0
102329,0
102330,0
102331,0
102332,0
102333,0
102334,0
102335,0
102336,0
102337,0
102338,0
102339,1
102340,0
102341,0
102342,0
102343,0
102344,0
102345,0
102346,0
102347,0
102348,0
102349,1
102350,0
102351,0
102352,1
102353,0
102354,1
102355,0
102356,0
102357,0
102358,0
102359,0
102360,0
102361,0
102362,0
102363,0
102364,0
102365,0
102366,0
102367,0
102368,0
102369,0
102370,0
102371,0
102372,0
102373,1
102374,0
102375,1
102376,0
102377,0
102378,0
102379,0
102380,0
102381,0
102382,0
102383,0
102384,0
102385,0
102386,0
102387,0
102388,0
102389,0
102390,0
102391,0
102392,0
102393,0
102394,0
102395,0
102396,0
102397,0
102398,0
102399,0
102400,0
102401,0
102402,1
102403,0
102404,0
102405,1
102406,0
102407,0
102408,0
102409,0
102410,0
102411,0
102412,0
102413,0
102414,0
102415,0
102416,0
102417,0
102418,0
102419,1
102420,0
102421,0
102422,0
102423,0
102424,0
102425,1
102426,0
102427,1
102428,0
102429,1
102430,0
102431,0
102432,0
102433,0
102434,0
102435,0
102436,0
102437,0
102438,0
102439,0
102440,0
102441,0
102442,0
102443,0
102444,0
102445,0
102446,1
102447,0
102448,0
102449,0
102450,0
102451,0
102452,0
102453,0
102454,0
102455,0
102456,0
102457,0
102458,1
102459,0
102460,1
102461,0
102462,1
102463,0
102464,0
102465,0
102466,0
102467,0
102468,0
102469,0
102470,0
102471,0
102472,0
102473,1
102474,0
102475,1
102476,0
102477,0
102478,1
102479,0
102480,0
102481,0
102482,0
102483,0
102484,1
102485,0
102486,0
102487,0
102488,0
102489,0
102490,0
102491,0
102492,0
102493,0
102494,0
102495,0
102496,0
102497,0
102498,0
102499,0
102500,0
102501,0
102502,0
102503,0
102504,0
102505,1
102506,0
102507,0
102508,0
102509,1
102510,0
102511,0
102512,0
102513,0
102514,1
102515,0
102516,0
102517,0
102518,0
102519,0
102520,0
102521,0
102522,0
102523,1
102524,0
102525,1
102526,0
102527,0
102528,0
102529,1
102530,0
102531,0
102532,0
102533,0
102534,0
102535,1
102536,0
102537,0
102538,1
102539,0
102540,0
102541,0
102542,0
102543,0
102544,0
102545,0
102546,0
102547,0
102548,0
102549,0
102550,0
102551,0
102552,0
102553,1
102554,0
102555,0
102556,0
102557,0
102558,1
102559,0
102560,0
102561,0
102562,1
102563,0
102564,0
102565,0
102566,0
102567,1
102568,0
102569,0
102570,0
102571,0
102572,0
102573,0
102574,0
102575,0
102576,0
102577,0
102578,1
102579,0
102580,0
102581,0
102582,0
102583,0
102584,0
102585,0
102586,0
102587,0
102588,0
102589,0
102590,0
102591,0
102592,1
102593,0
102594,1
102595,0
102596,0
102597,0
102598,0
102599,0
102600,1
102601,0
102602,0
102603,0
102604,0
102605,0
102606,0
102607,0
102608,0
102609,0
102610,0
102611,0
102612,0
102613,0
102614,0
102615,0
102616,0
102617,0
102618,0
102619,0
102620,0
102621,0
102622,0
102623,0
102624,1
102625,0
102626,0
102627,0
102628,0
102629,0
102630,0
102631,1
102632,1
102633,0
102634,0
102635,0
102636,0
102637,0
102638,0
102639,0
102640,0
102641,0
102642,0
102643,0
102644,0
102645,0
102646,1
102647,0
102648,1
102649,0
102650,0
102651,0
102652,0
102653,0
102654,0
102655,0
102656,0
102657,0
102658,0
102659,0
102660,0
102661,0
102662,0
102663,0
102664,0
102665,0
102666,0
102667,0
102668,0
102669,0
102670,0
102671,0
102672,1
102673,1
102674,0
102675,1
102676,0
102677,0
102678,0
102679,0
102680,1
102681,0
102682,0
102683,1
102684,0
102685,0
102686,0
102687,0
102688,0
102689,0
102690,0
102691,0
102692,0
102693,0
102694,0
102695,0
102696,0
102697,0
102698,0
102699,0
102700,0
102701,0
102702,0
102703,0
102704,0
102705,0
102706,0
102707,0
102708,0
102709,0
102710,0
102711,0
102712,0
102713,1
102714,0
102715,0
102716,0
102717,0
102718,0
102719,0
102720,0
102721,0
102722,1
102723,1
102724,0
102725,0
102726,0
102727,0
102728,0
102729,0
102730,0
102731,0
102732,0
102733,0
102734,0
102735,0
102736,0
102737,1
102738,1
102739,0
102740,1
102741,1
102742,1
102743,0
102744,0
102745,0
102746,0
102747,0
102748,0
102749,0
102750,0
102751,0
102752,0
102753,0
102754,0
102755,0
102756,0
102757,0
102758,0
102759,0
102760,0
102761,0
102762,0
102763,0
102764,1
102765,0
102766,0
102767,0
102768,0
102769,0
102770,0
102771,0
102772,0
102773,0
102774,0
102775,0
102776,0
102777,0
102778,0
102779,0
102780,0
102781,0
102782,1
102783,0
102784,1
102785,0
102786,0
102787,0
102788,0
102789,0
102790,0
102791,0
102792,1
102793,0
102794,1
102795,0
102796,0
102797,0
102798,0
102799,0
102800,1
102801,0
102802,0
102803,1
102804,0
102805,0
102806,0
102807,0
102808,0
102809,1
102810,1
102811,0
102812,0
102813,0
102814,1
102815,0
102816,0
102817,0
102818,1
102819,0
102820,1
102821,0
102822,0
102823,1
102824,0
102825,0
102826,0
102827,0
102828,1
102829,0
102830,0
102831,0
102832,1
102833,0
102834,0
102835,0
102836,0
102837,0
102838,0
102839,0
102840,0
102841,0
102842,0
102843,0
102844,0
102845,0
102846,0
102847,0
102848,0
102849,1
102850,0
102851,0
102852,1
102853,0
102854,0
102855,0
102856,0
102857,1
102858,0
102859,1
102860,0
102861,0
102862,0
102863,1
102864,0
102865,0
102866,0
102867,0
102868,0
102869,0
102870,1
102871,1
102872,0
102873,0
102874,0
102875,0
102876,1
102877,0
102878,0
102879,0
102880,1
102881,0
102882,0
102883,0
102884,0
102885,1
102886,0
102887,1
102888,0
102889,0
102890,0
102891,0
102892,0
102893,0
102894,0
102895,0
102896,0
102897,0
102898,0
102899,0
102900,0
102901,0
102902,0
102903,0
102904,0
102905,0
102906,0
102907,0
102908,0
102909,0
102910,0
102911,0
102912,1
102913,0
102914,0
102915,1
102916,0
102917,0
102918,0
102919,0
102920,0
102921,0
102922,0
102923,0
102924,1
102925,0
102926,0
102927,0
102928,0
102929,0
102930,0
102931,0
102932,1
102933,0
102934,0
102935,0
102936,0
102937,1
102938,1
102939,1
102940,0
102941,0
102942,0
102943,0
102944,1
102945,0
102946,1
102947,0
102948,1
102949,0
102950,0
102951,0
102952,1
102953,0
102954,0
102955,0
102956,0
102957,1
102958,0
102959,0
102960,0
102961,0
102962,1
102963,1
102964,0
102965,0
102966,0
102967,1
102968,0
102969,0
102970,0
102971,0
102972,0
102973,0
102974,0
102975,0
102976,0
102977,0
102978,0
102979,0
102980,0
102981,0
102982,0
102983,0
102984,1
102985,0
102986,0
102987,0
102988,0
102989,0
102990,0
102991,0
102992,0
102993,1
102994,0
102995,0
102996,0
102997,0
102998,0
102999,0
103000,0
103001,0
103002,0
103003,0
103004,0
103005,0
103006,0
103007,0
103008,0
103009,0
103010,0
103011,0
103012,0
103013,0
103014,0
103015,0
103016,0
103017,0
103018,0
103019,0
103020,0
103021,0
103022,0
103023,0
103024,0
103025,0
103026,0
103027,0
103028,0
103029,0
103030,0
103031,0
103032,0
103033,0
103034,1
103035,0
103036,0
103037,0
103038,0
103039,0
103040,0
103041,0
103042,0
103043,0
103044,0
103045,0
103046,0
103047,1
103048,1
103049,0
103050,0
103051,0
103052,0
103053,0
103054,0
103055,0
103056,0
103057,1
103058,0
103059,0
103060,0
103061,0
103062,0
103063,0
103064,0
103065,0
103066,0
103067,0
103068,0
103069,0
103070,0
103071,0
103072,0
103073,0
103074,0
103075,0
103076,0
103077,0
103078,0
103079,0
103080,0
103081,1
103082,0
103083,0
103084,0
103085,0
103086,0
103087,0
103088,1
103089,0
103090,0
103091,0
103092,1
103093,0
103094,0
103095,0
103096,0
103097,0
103098,0
103099,0
103100,1
103101,0
103102,0
103103,0
103104,1
103105,0
103106,0
103107,0
103108,1
103109,0
103110,0
103111,0
103112,0
103113,1
103114,0
103115,0
103116,0
103117,0
103118,0
103119,0
103120,0
103121,0
103122,1
103123,0
103124,0
103125,0
103126,0
103127,0
103128,0
103129,0
103130,1
103131,0
103132,0
103133,0
103134,1
103135,0
103136,0
103137,0
103138,0
103139,0
103140,0
103141,0
103142,0
103143,0
103144,0
103145,0
103146,0
103147,0
103148,0
103149,0
103150,0
103151,0
103152,0
103153,0
103154,0
103155,0
103156,0
103157,0
103158,0
103159,1
103160,0
103161,0
103162,0
103163,1
103164,0
103165,1
103166,0
103167,0
103168,0
103169,0
103170,0
103171,0
103172,0
103173,0
103174,0
103175,0
103176,0
103177,0
103178,0
103179,0
103180,1
103181,0
103182,0
103183,0
103184,0
103185,0
103186,1
103187,0
103188,0
103189,0
103190,0
103191,0
103192,0
103193,0
103194,0
103195,0
103196,0
103197,0
103198,0
103199,0
103200,0
103201,0
103202,0
103203,0
103204,0
103205,0
103206,0
103207,0
103208,0
103209,0
103210,0
103211,0
103212,0
103213,1
103214,0
103215,0
103216,0
103217,0
103218,0
103219,0
103220,0
103221,1
103222,0
103223,0
103224,0
103225,0
103226,0
103227,0
103228,0
103229,0
103230,0
103231,0
103232,0
103233,0
103234,0
103235,0
103236,1
103237,0
103238,0
103239,0
103240,0
103241,0
103242,0
103243,0
103244,0
103245,0
103246,0
103247,0
103248,0
103249,0
103250,0
103251,0
103252,0
103253,0
103254,0
103255,0
103256,0
103257,0
103258,0
103259,0
103260,0
103261,0
103262,0
103263,1
103264,1
103265,0
103266,0
103267,0
103268,0
103269,0
103270,0
103271,0
103272,0
103273,0
103274,1
103275,0
103276,0
103277,0
103278,0
103279,0
103280,1
103281,1
103282,0
103283,1
103284,0
103285,0
103286,0
103287,0
103288,0
103289,1
103290,0
103291,0
103292,0
103293,0
103294,0
103295,0
103296,0
103297,0
103298,0
103299,0
103300,1
103301,1
103302,0
103303,0
103304,0
103305,0
103306,0
103307,0
103308,0
103309,0
103310,0
103311,0
103312,0
103313,1
103314,0
103315,0
103316,0
103317,1
103318,0
103319,0
103320,0
103321,0
103322,0
103323,0
103324,0
103325,0
103326,0
103327,0
103328,0
103329,0
103330,0
103331,0
103332,1
103333,0
103334,0
103335,0
103336,0
103337,0
103338,0
103339,0
103340,0
103341,0
103342,0
103343,0
103344,0
103345,0
103346,0
103347,1
103348,0
103349,0
103350,0
103351,0
103352,1
103353,0
103354,1
103355,0
103356,0
103357,0
103358,0
103359,1
103360,0
103361,0
103362,0
103363,0
103364,0
103365,0
103366,0
103367,0
103368,1
103369,0
103370,0
103371,0
103372,0
103373,1
103374,0
103375,0
103376,0
103377,0
103378,0
103379,1
103380,1
103381,0
103382,1
103383,0
103384,0
103385,1
103386,1
103387,0
103388,0
103389,0
103390,0
103391,0
103392,0
103393,0
103394,0
103395,0
103396,0
103397,0
103398,0
103399,0
103400,0
103401,1
103402,0
103403,1
103404,0
103405,0
103406,0
103407,1
103408,0
103409,0
103410,0
103411,0
103412,0
103413,1
103414,0
103415,0
103416,0
103417,0
103418,0
103419,0
103420,0
103421,0
103422,1
103423,0
103424,0
103425,0
103426,0
103427,0
103428,1
103429,0
103430,0
103431,0
103432,0
103433,0
103434,0
103435,1
103436,0
103437,0
103438,0
103439,0
103440,0
103441,0
103442,0
103443,1
103444,0
103445,0
103446,0
103447,0
103448,0
103449,0
103450,0
103451,0
103452,1
103453,0
103454,0
103455,0
103456,0
103457,0
103458,0
103459,0
103460,0
103461,0
103462,0
103463,0
103464,0
103465,0
103466,0
103467,0
103468,0
103469,0
103470,0
103471,0
103472,1
103473,0
103474,1
103475,0
103476,0
103477,1
103478,0
103479,0
103480,0
103481,0
103482,0
103483,0
103484,0
103485,0
103486,0
103487,0
103488,0
103489,0
103490,0
103491,0
103492,0
103493,1
103494,0
103495,0
103496,0
103497,1
103498,0
103499,0
103500,0
103501,0
103502,0
103503,0
103504,0
103505,0
103506,0
103507,0
103508,0
103509,0
103510,0
103511,1
103512,1
103513,0
103514,0
103515,1
103516,1
103517,1
103518,0
103519,0
103520,0
103521,0
103522,0
103523,0
103524,0
103525,0
103526,0
103527,0
103528,0
103529,1
103530,0
103531,1
103532,0
103533,0
103534,0
103535,0
103536,0
103537,0
103538,0
103539,0
103540,0
103541,0
103542,0
103543,1
103544,0
103545,0
103546,1
103547,0
103548,1
103549,0
103550,0
103551,0
103552,0
103553,0
103554,0
103555,0
103556,0
103557,0
103558,0
103559,0
103560,1
103561,1
103562,0
103563,1
103564,0
103565,0
103566,0
103567,1
103568,0
103569,0
103570,0
103571,0
103572,0
103573,0
103574,1
103575,0
103576,0
103577,0
103578,1
103579,1
103580,0
103581,0
103582,0
103583,0
103584,0
103585,0
103586,0
103587,0
103588,0
103589,0
103590,1
103591,0
103592,0
103593,1
103594,0
103595,0
103596,0
103597,1
103598,0
103599,0
103600,0
103601,0
103602,0
103603,0
103604,0
103605,0
103606,0
103607,0
103608,0
103609,0
103610,0
103611,0
103612,0
103613,0
103614,0
103615,0
103616,0
103617,0
103618,0
103619,0
103620,0
103621,0
103622,0
103623,0
103624,1
103625,0
103626,0
103627,0
103628,0
103629,0
103630,0
103631,0
103632,0
103633,0
103634,0
103635,0
103636,0
103637,0
103638,0
103639,0
103640,0
103641,0
103642,0
103643,1
103644,1
103645,0
103646,0
103647,0
103648,0
103649,0
103650,0
103651,1
103652,0
103653,0
103654,0
103655,0
103656,1
103657,0
103658,0
103659,0
103660,0
103661,0
103662,0
103663,0
103664,0
103665,0
103666,0
103667,0
103668,0
103669,0
103670,1
103671,1
103672,0
103673,0
103674,0
103675,0
103676,0
103677,0
103678,0
103679,0
103680,0
103681,0
103682,0
103683,0
103684,0
103685,0
103686,0
103687,1
103688,0
103689,0
103690,1
103691,0
103692,0
103693,0
103694,0
103695,0
103696,0
103697,1
103698,0
103699,0
103700,0
103701,0
103702,0
103703,1
103704,0
103705,0
103706,0
103707,0
103708,0
103709,0
103710,0
103711,0
103712,0
103713,0
103714,0
103715,0
103716,0
103717,1
103718,0
103719,0
103720,0
103721,0
103722,0
103723,0
103724,0
103725,0
103726,0
103727,0
103728,0
103729,0
103730,0
103731,0
103732,0
103733,0
103734,0
103735,0
103736,0
103737,0
103738,1
103739,0
103740,0
103741,0
103742,0
103743,0
103744,0
103745,0
103746,0
103747,0
103748,0
103749,0
103750,1
103751,0
103752,0
103753,0
103754,0
103755,0
103756,0
103757,0
103758,0
103759,0
103760,0
103761,1
103762,0
103763,0
103764,0
103765,0
103766,0
103767,0
103768,0
103769,1
103770,0
103771,0
103772,0
103773,0
103774,0
103775,1
103776,1
103777,1
103778,0
103779,0
103780,0
103781,1
103782,0
103783,0
103784,0
103785,0
103786,0
103787,1
103788,1
103789,0
103790,0
103791,0
103792,0
103793,0
103794,0
103795,0
103796,1
103797,0
103798,1
103799,1
103800,0
103801,0
103802,0
103803,0
103804,0
103805,0
103806,0
103807,0
103808,1
103809,0
103810,1
103811,0
103812,0
103813,0
103814,0
103815,0
103816,0
103817,0
103818,0
103819,0
103820,0
103821,0
103822,0
103823,0
103824,0
103825,1
103826,0
103827,0
103828,0
103829,0
103830,1
103831,0
103832,0
103833,0
103834,0
103835,0
103836,0
103837,0
103838,0
103839,0
103840,0
103841,0
103842,0
103843,0
103844,0
103845,0
103846,0
103847,0
103848,0
103849,0
103850,0
103851,0
103852,0
103853,0
103854,0
103855,1
103856,0
103857,0
103858,1
103859,0
103860,0
103861,0
103862,0
103863,0
103864,0
103865,0
103866,0
103867,0
103868,0
103869,0
103870,1
103871,0
103872,0
103873,0
103874,0
103875,1
103876,1
103877,0
103878,0
103879,0
103880,0
103881,0
103882,0
103883,1
103884,0
103885,1
103886,0
103887,0
103888,0
103889,0
103890,1
103891,0
103892,0
103893,0
103894,0
103895,0
103896,0
103897,0
103898,0
103899,0
103900,0
103901,0
103902,0
103903,0
103904,0
103905,0
103906,0
103907,0
103908,0
103909,0
103910,0
103911,1
103912,0
103913,0
103914,0
103915,0
103916,0
103917,0
103918,0
103919,0
103920,0
103921,0
103922,1
103923,0
103924,0
103925,0
103926,0
103927,0
103928,1
103929,0
103930,0
103931,0
103932,1
103933,0
103934,0
103935,0
103936,0
103937,0
103938,0
103939,0
103940,0
103941,0
103942,0
103943,0
103944,0
103945,0
103946,1
103947,0
103948,0
103949,0
103950,0
103951,0
103952,0
103953,0
103954,0
103955,0
103956,0
103957,0
103958,0
103959,0
103960,0
103961,0
103962,1
103963,0
103964,1
103965,0
103966,0
103967,0
103968,0
103969,0
103970,0
103971,0
103972,0
103973,0
103974,0
103975,0
103976,1
103977,0
103978,0
103979,1
103980,0
103981,0
103982,0
103983,0
103984,0
103985,0
103986,0
103987,0
103988,1
103989,0
103990,0
103991,0
103992,1
103993,0
103994,0
103995,0
103996,0
103997,1
103998,0
103999,0
104000,0
104001,0
104002,0
104003,0
104004,0
104005,0
104006,0
104007,0
104008,0
104009,0
104010,0
104011,0
104012,0
104013,0
104014,0
104015,0
104016,0
104017,0
104018,0
104019,0
104020,0
104021,0
104022,0
104023,0
104024,0
104025,0
104026,0
104027,0
104028,0
104029,0
104030,0
104031,0
104032,0
104033,0
104034,1
104035,0
104036,0
104037,0
104038,0
104039,0
104040,0
104041,0
104042,0
104043,0
104044,0
104045,0
104046,0
104047,0
104048,0
104049,0
104050,0
104051,0
104052,0
104053,0
104054,0
104055,0
104056,0
104057,0
104058,0
104059,0
104060,0
104061,0
104062,0
104063,1
104064,0
104065,0
104066,0
104067,0
104068,0
104069,0
104070,0
104071,0
104072,0
104073,0
104074,0
104075,0
104076,0
104077,1
104078,1
104079,1
104080,0
104081,0
104082,0
104083,0
104084,0
104085,0
104086,0
104087,0
104088,0
104089,1
104090,0
104091,0
104092,0
104093,0
104094,0
104095,0
104096,0
104097,0
104098,0
104099,0
104100,0
104101,0
104102,0
104103,1
104104,0
104105,0
104106,0
104107,0
104108,0
104109,0
104110,0
104111,0
104112,0
104113,1
104114,1
104115,1
104116,1
104117,0
104118,0
104119,0
104120,1
104121,0
104122,0
104123,1
104124,0
104125,0
104126,0
104127,0
104128,0
104129,0
104130,1
104131,0
104132,1
104133,1
104134,0
104135,0
104136,0
104137,0
104138,0
104139,0
104140,0
104141,1
104142,0
104143,1
104144,0
104145,0
104146,0
104147,0
104148,0
104149,0
104150,0
104151,0
104152,0
104153,0
104154,0
104155,0
104156,0
104157,0
104158,0
104159,0
104160,0
104161,1
104162,0
104163,0
104164,0
104165,0
104166,0
104167,0
104168,0
104169,0
104170,1
104171,0
104172,0
104173,0
104174,0
104175,0
104176,0
104177,1
104178,0
104179,1
104180,0
104181,0
104182,0
104183,0
104184,0
104185,0
104186,0
104187,0
104188,0
104189,0
104190,1
104191,0
104192,0
104193,0
104194,0
104195,0
104196,0
104197,1
104198,0
104199,0
104200,0
104201,1
104202,0
104203,0
104204,0
104205,0
104206,0
104207,0
104208,0
104209,0
104210,0
104211,0
104212,0
104213,0
104214,0
104215,0
104216,0
104217,0
104218,0
104219,0
104220,0
104221,0
104222,0
104223,0
104224,0
104225,0
104226,0
104227,0
104228,0
104229,0
104230,0
104231,0
104232,0
104233,0
104234,0
104235,0
104236,0
104237,0
104238,0
104239,0
104240,0
104241,0
104242,0
104243,0
104244,0
104245,0
104246,0
104247,0
104248,0
104249,0
104250,0
104251,0
104252,1
104253,0
104254,0
104255,0
104256,0
104257,1
104258,0
104259,0
104260,0
104261,0
104262,1
104263,1
104264,0
104265,0
104266,1
104267,0
104268,0
104269,0
104270,0
104271,0
104272,0
104273,1
104274,0
104275,0
104276,0
104277,0
104278,0
104279,0
104280,1
104281,0
104282,0
104283,1
104284,0
104285,0
104286,0
104287,1
104288,0
104289,0
104290,1
104291,0
104292,0
104293,0
104294,0
104295,0
104296,0
104297,0
104298,0
104299,0
104300,0
104301,0
104302,0
104303,0
104304,0
104305,0
104306,0
104307,0
104308,0
104309,0
104310,0
104311,0
104312,0
104313,0
104314,0
104315,0
104316,0
104317,0
104318,0
104319,0
104320,1
104321,0
104322,0
104323,0
104324,0
104325,0
104326,0
104327,0
104328,0
104329,0
104330,1
104331,1
104332,0
104333,1
104334,0
104335,0
104336,0
104337,0
104338,0
104339,0
104340,0
104341,0
104342,0
104343,1
104344,0
104345,1
104346,0
104347,1
104348,1
104349,0
104350,1
104351,0
104352,0
104353,0
104354,0
104355,0
104356,0
104357,1
104358,0
104359,0
104360,0
104361,0
104362,0
104363,0
104364,0
104365,0
104366,0
104367,0
104368,0
104369,0
104370,0
104371,0
104372,0
104373,0
104374,0
104375,0
104376,0
104377,0
104378,0
104379,1
104380,0
104381,0
104382,0
104383,0
104384,0
104385,0
104386,0
104387,0
104388,0
104389,0
104390,0
104391,0
104392,0
104393,0
104394,0
104395,0
104396,0
104397,0
104398,1
104399,0
104400,0
104401,0
104402,0
104403,1
104404,0
104405,1
104406,0
104407,0
104408,0
104409,0
104410,0
104411,0
104412,0
104413,0
104414,0
104415,0
104416,0
104417,0
104418,0
104419,0
104420,0
104421,0
104422,1
104423,0
104424,0
104425,0
104426,0
104427,0
104428,0
104429,0
104430,0
104431,0
104432,0
104433,0
104434,0
104435,0
104436,0
104437,0
104438,1
104439,0
104440,0
104441,0
104442,1
104443,0
104444,0
104445,0
104446,0
104447,0
104448,0
104449,0
104450,0
104451,0
104452,0
104453,0
104454,0
104455,0
104456,0
104457,0
104458,0
104459,0
104460,0
104461,1
104462,0
104463,0
104464,0
104465,0
104466,0
104467,1
104468,0
104469,0
104470,0
104471,0
104472,0
104473,0
104474,0
104475,1
104476,0
104477,1
104478,0
104479,0
104480,0
104481,0
104482,0
104483,0
104484,0
104485,0
104486,0
104487,0
104488,0
104489,0
104490,0
104491,1
104492,0
104493,0
104494,0
104495,1
104496,0
104497,1
104498,1
104499,0
104500,0
104501,0
104502,0
104503,0
104504,0
104505,0
104506,0
104507,0
104508,0
104509,0
104510,0
104511,0
104512,1
104513,0
104514,0
104515,0
104516,0
104517,0
104518,0
104519,0
104520,0
104521,0
104522,0
104523,0
104524,0
104525,0
104526,0
104527,0
104528,0
104529,0
104530,0
104531,1
104532,0
104533,0
104534,0
104535,0
104536,0
104537,0
104538,0
104539,0
104540,0
104541,0
104542,0
104543,0
104544,1
104545,0
104546,0
104547,0
104548,0
104549,0
104550,0
104551,0
104552,0
104553,0
104554,0
104555,0
104556,1
104557,0
104558,0
104559,0
104560,0
104561,1
104562,0
104563,0
104564,0
104565,0
104566,0
104567,0
104568,0
104569,0
104570,1
104571,0
104572,0
104573,0
104574,0
104575,0
104576,1
104577,0
104578,0
104579,0
104580,0
104581,0
104582,0
104583,0
104584,0
104585,0
104586,0
104587,0
104588,0
104589,0
104590,1
104591,1
104592,0
104593,0
104594,1
104595,0
104596,0
104597,0
104598,0
104599,1
104600,0
104601,0
104602,0
104603,0
104604,0
104605,0
104606,0
104607,0
104608,0
104609,0
104610,0
104611,0
104612,1
104613,0
104614,0
104615,0
104616,0
104617,0
104618,0
104619,0
104620,0
104621,0
104622,0
104623,0
104624,0
104625,1
104626,0
104627,1
104628,0
104629,0
104630,0
104631,0
104632,0
104633,0
104634,0
104635,1
104636,0
104637,0
104638,0
104639,0
104640,1
104641,0
104642,0
104643,0
104644,0
104645,0
104646,1
104647,0
104648,0
104649,0
104650,0
104651,0
104652,0
104653,0
104654,0
104655,0
104656,0
104657,0
104658,0
104659,0
104660,0
104661,0
104662,0
104663,0
104664,0
104665,1
104666,0
104667,1
104668,0
104669,1
104670,0
104671,0
104672,0
104673,1
104674,0
104675,1
104676,0
104677,1
104678,0
104679,0
104680,0
104681,0
104682,0
104683,0
104684,0
104685,1
104686,0
104687,0
104688,0
104689,0
104690,1
104691,0
104692,0
104693,0
104694,0
104695,0
104696,0
104697,0
104698,1
104699,0
104700,0
104701,0
104702,0
104703,0
104704,0
104705,0
104706,1
104707,0
104708,0
104709,0
104710,0
104711,0
104712,0
104713,0
104714,0
104715,0
104716,0
104717,0
104718,1
104719,0
104720,0
104721,0
104722,0
104723,0
104724,0
104725,0
104726,0
104727,0
104728,0
104729,0
104730,0
104731,0
104732,0
104733,0
104734,0
104735,0
104736,0
104737,0
104738,0
104739,0
104740,0
104741,0
104742,1
104743,0
104744,0
104745,0
104746,0
104747,0
104748,0
104749,0
104750,0
104751,0
104752,1
104753,0
104754,0
104755,1
104756,0
104757,1
104758,0
104759,0
104760,0
104761,0
104762,0
104763,0
104764,0
104765,0
104766,0
104767,0
104768,0
104769,0
104770,0
104771,0
104772,0
104773,0
104774,0
104775,0
104776,0
104777,0
104778,1
104779,0
104780,0
104781,0
104782,1
104783,0
104784,0
104785,0
104786,0
104787,0
104788,0
104789,1
104790,0
104791,0
104792,1
104793,0
104794,0
104795,1
104796,0
104797,0
104798,1
104799,0
104800,0
104801,1
104802,0
104803,0
104804,0
104805,0
104806,0
104807,0
104808,0
104809,0
104810,0
104811,0
104812,0
104813,0
104814,0
104815,0
104816,0
104817,0
104818,0
104819,0
104820,0
104821,0
104822,0
104823,0
104824,0
104825,0
104826,0
104827,0
104828,0
104829,0
104830,0
104831,0
104832,0
104833,0
104834,0
104835,0
104836,0
104837,0
104838,0
104839,0
104840,0
104841,0
104842,0
104843,0
104844,0
104845,0
104846,1
104847,0
104848,1
104849,1
104850,0
104851,0
104852,0
104853,0
104854,0
104855,0
104856,0
104857,0
104858,0
104859,0
104860,0
104861,0
104862,0
104863,0
104864,0
104865,0
104866,0
104867,0
104868,0
104869,0
104870,0
104871,1
104872,0
104873,0
104874,0
104875,0
104876,0
104877,0
104878,0
104879,0
104880,0
104881,0
104882,0
104883,0
104884,0
104885,0
104886,0
104887,0
104888,0
104889,0
104890,0
104891,0
104892,0
104893,0
104894,0
104895,0
104896,0
104897,1
104898,0
104899,0
104900,0
104901,0
104902,0
104903,0
104904,0
104905,0
104906,0
104907,0
104908,1
104909,0
104910,0
104911,0
104912,0
104913,0
104914,0
104915,0
104916,1
104917,0
104918,0
104919,0
104920,1
104921,0
104922,0
104923,0
104924,0
104925,0
104926,0
104927,0
104928,0
104929,0
104930,1
104931,0
104932,0
104933,0
104934,1
104935,0
104936,0
104937,0
104938,0
104939,0
104940,0
104941,0
104942,0
104943,0
104944,1
104945,0
104946,0
104947,0
104948,0
104949,1
104950,1
104951,0
104952,0
104953,0
104954,0
104955,0
104956,0
104957,1
104958,0
104959,0
104960,0
104961,0
104962,1
104963,0
104964,0
104965,0
104966,1
104967,0
104968,0
104969,0
104970,0
104971,0
104972,0
104973,0
104974,0
104975,0
104976,0
104977,0
104978,0
104979,0
104980,1
104981,0
104982,0
104983,0
104984,1
104985,1
104986,0
104987,0
104988,0
104989,0
104990,0
104991,0
104992,0
104993,0
104994,0
104995,0
104996,0
104997,0
104998,0
104999,0
105000,0
105001,0
105002,0
105003,0
105004,0
105005,0
105006,0
105007,1
105008,0
105009,0
105010,0
105011,0
105012,0
105013,1
105014,0
105015,0
105016,0
105017,0
105018,0
105019,0
105020,0
105021,0
105022,1
105023,0
105024,0
105025,0
105026,0
105027,0
105028,1
105029,0
105030,1
105031,0
105032,0
105033,0
105034,0
105035,0
105036,1
105037,0
105038,1
105039,0
105040,0
105041,0
105042,0
105043,1
105044,0
105045,0
105046,0
105047,0
105048,0
105049,0
105050,1
105051,0
105052,0
105053,0
105054,0
105055,0
105056,0
105057,0
105058,1
105059,0
105060,0
105061,0
105062,0
105063,0
105064,0
105065,0
105066,0
105067,0
105068,0
105069,0
105070,0
105071,0
105072,0
105073,0
105074,0
105075,0
105076,0
105077,0
105078,0
105079,0
105080,0
105081,0
105082,0
105083,0
105084,0
105085,0
105086,0
105087,0
105088,0
105089,1
105090,0
105091,0
105092,0
105093,0
105094,1
105095,0
105096,0
105097,1
105098,0
105099,1
105100,0
105101,0
105102,0
105103,0
105104,0
105105,0
105106,0
105107,0
105108,0
105109,0
105110,1
105111,0
105112,0
105113,0
105114,0
105115,0
105116,0
105117,0
105118,0
105119,0
105120,0
105121,0
105122,0
105123,1
105124,0
105125,0
105126,0
105127,1
105128,0
105129,0
105130,0
105131,1
105132,0
105133,0
105134,0
105135,0
105136,0
105137,0
105138,0
105139,0
105140,0
105141,0
105142,0
105143,0
105144,1
105145,0
105146,0
105147,0
105148,0
105149,0
105150,1
105151,0
105152,1
105153,1
105154,1
105155,1
105156,0
105157,0
105158,0
105159,0
105160,0
105161,1
105162,0
105163,0
105164,0
105165,0
105166,1
105167,0
105168,0
105169,0
105170,0
105171,1
105172,0
105173,0
105174,0
105175,0
105176,0
105177,0
105178,0
105179,0
105180,0
105181,1
105182,0
105183,0
105184,0
105185,0
105186,1
105187,0
105188,0
105189,0
105190,0
105191,0
105192,0
105193,0
105194,0
105195,1
105196,0
105197,0
105198,0
105199,0
105200,0
105201,0
105202,1
105203,0
105204,0
105205,0
105206,0
105207,0
105208,0
105209,0
105210,0
105211,1
105212,0
105213,0
105214,0
105215,0
105216,0
105217,0
105218,0
105219,0
105220,1
105221,0
105222,0
105223,0
105224,0
105225,0
105226,1
105227,0
105228,0
105229,0
105230,1
105231,0
105232,0
105233,0
105234,0
105235,0
105236,0
105237,0
105238,0
105239,0
105240,0
105241,1
105242,0
105243,0
105244,0
105245,0
105246,0
105247,0
105248,1
105249,0
105250,0
105251,0
105252,1
105253,0
105254,0
105255,0
105256,0
105257,0
105258,0
105259,0
105260,0
105261,1
105262,0
105263,0
105264,0
105265,1
105266,0
105267,0
105268,0
105269,0
105270,0
105271,0
105272,0
105273,1
105274,0
105275,0
105276,0
105277,0
105278,0
105279,1
105280,0
105281,0
105282,0
105283,0
105284,0
105285,0
105286,0
105287,0
105288,0
105289,1
105290,0
105291,0
105292,0
105293,0
105294,0
105295,1
105296,0
105297,0
105298,0
105299,0
105300,0
105301,0
105302,0
105303,0
105304,0
105305,0
105306,0
105307,0
105308,0
105309,0
105310,0
105311,0
105312,1
105313,0
105314,1
105315,0
105316,0
105317,0
105318,0
105319,0
105320,0
105321,0
105322,0
105323,0
105324,0
105325,0
105326,0
105327,1
105328,0
105329,0
105330,0
105331,0
105332,1
105333,0
105334,0
105335,0
105336,0
105337,0
105338,0
105339,0
105340,0
105341,0
105342,0
105343,0
105344,0
105345,0
105346,1
105347,1
105348,0
105349,1
105350,0
105351,0
105352,0
105353,1
105354,1
105355,0
105356,0
105357,0
105358,0
105359,0
105360,0
105361,0
105362,0
105363,0
105364,0
105365,0
105366,1
105367,0
105368,1
105369,1
105370,1
105371,0
105372,0
105373,1
105374,0
105375,0
105376,1
105377,0
105378,0
105379,0
105380,0
105381,0
105382,0
105383,0
105384,1
105385,0
105386,1
105387,0
105388,1
105389,0
105390,0
105391,0
105392,1
105393,0
105394,0
105395,0
105396,0
105397,0
105398,1
105399,1
105400,0
105401,0
105402,0
105403,0
105404,0
105405,0
105406,0
105407,0
105408,1
105409,0
105410,0
105411,0
105412,0
105413,0
105414,0
105415,0
105416,0
105417,1
105418,1
105419,0
105420,0
105421,0
105422,0
105423,0
105424,1
105425,0
105426,0
105427,0
105428,0
105429,0
105430,0
105431,0
105432,1
105433,0
105434,1
105435,0
105436,0
105437,0
105438,1
105439,0
105440,0
105441,0
105442,0
105443,0
105444,0
105445,1
105446,0
105447,0
105448,0
105449,1
105450,0
105451,0
105452,0
105453,0
105454,0
105455,0
105456,0
105457,0
105458,0
105459,0
105460,0
105461,0
105462,0
105463,0
105464,0
105465,0
105466,0
105467,0
105468,0
105469,0
105470,0
105471,0
105472,0
105473,0
105474,0
105475,0
105476,0
105477,0
105478,0
105479,0
105480,0
105481,0
105482,0
105483,1
105484,0
105485,1
105486,0
105487,0
105488,1
105489,0
105490,0
105491,0
105492,0
105493,0
105494,0
105495,0
105496,1
105497,1
105498,0
105499,0
105500,0
105501,0
105502,0
105503,1
105504,0
105505,0
105506,0
105507,0
105508,0
105509,0
105510,1
105511,0
105512,0
105513,0
105514,0
105515,0
105516,0
105517,0
105518,0
105519,0
105520,1
105521,0
105522,0
105523,0
105524,0
105525,0
105526,1
105527,0
105528,1
105529,0
105530,0
105531,0
105532,0
105533,0
105534,1
105535,0
105536,0
105537,0
105538,0
105539,0
105540,0
105541,0
105542,0
105543,0
105544,0
105545,0
105546,0
105547,0
105548,0
105549,0
105550,0
105551,0
105552,0
105553,0
105554,0
105555,1
105556,0
105557,0
105558,0
105559,0
105560,0
105561,0
105562,1
105563,1
105564,0
105565,1
105566,0
105567,0
105568,0
105569,0
105570,0
105571,0
105572,0
105573,1
105574,0
105575,0
105576,0
105577,0
105578,1
105579,0
105580,0
105581,0
105582,0
105583,0
105584,1
105585,0
105586,0
105587,0
105588,0
105589,0
105590,0
105591,0
105592,0
105593,0
105594,0
105595,0
105596,0
105597,0
105598,0
105599,0
105600,0
105601,0
105602,0
105603,0
105604,0
105605,0
105606,0
105607,0
105608,0
105609,0
105610,0
105611,0
105612,0
105613,0
105614,1
105615,1
105616,0
105617,0
105618,0
105619,0
105620,1
105621,1
105622,0
105623,0
105624,0
105625,0
105626,0
105627,0
105628,0
105629,0
105630,0
105631,1
105632,0
105633,0
105634,0
105635,0
105636,0
105637,0
105638,0
105639,0
105640,1
105641,0
105642,0
105643,0
105644,0
105645,1
105646,1
105647,0
105648,0
105649,0
105650,0
105651,1
105652,0
105653,1
105654,0
105655,0
105656,0
105657,0
105658,0
105659,0
105660,0
105661,0
105662,1
105663,0
105664,0
105665,0
105666,0
105667,0
105668,0
105669,1
105670,0
105671,0
105672,0
105673,0
105674,0
105675,0
105676,0
105677,0
105678,0
105679,0
105680,0
105681,0
105682,0
105683,0
105684,0
105685,0
105686,0
105687,1
105688,0
105689,0
105690,0
105691,0
105692,0
105693,0
105694,1
105695,0
105696,0
105697,1
105698,0
105699,1
105700,0
105701,0
105702,0
105703,0
105704,1
105705,0
105706,0
105707,0
105708,0
105709,0
105710,0
105711,0
105712,1
105713,0
105714,1
105715,0
105716,1
105717,1
105718,0
105719,0
105720,0
105721,0
105722,0
105723,0
105724,0
105725,0
105726,0
105727,0
105728,0
105729,0
105730,0
105731,1
105732,0
105733,0
105734,0
105735,0
105736,0
105737,0
105738,1
105739,0
105740,1
105741,0
105742,0
105743,0
105744,0
105745,0
105746,0
105747,1
105748,0
105749,1
105750,0
105751,1
105752,0
105753,0
105754,0
105755,0
105756,0
105757,0
105758,0
105759,0
105760,0
105761,0
105762,0
105763,1
105764,0
105765,0
105766,0
105767,0
105768,1
105769,0
105770,0
105771,0
105772,0
105773,0
105774,0
105775,0
105776,0
105777,0
105778,0
105779,0
105780,0
105781,0
105782,0
105783,0
105784,0
105785,0
105786,0
105787,1
105788,0
105789,0
105790,1
105791,0
105792,0
105793,0
105794,0
105795,0
105796,0
105797,0
105798,0
105799,0
105800,0
105801,0
105802,0
105803,0
105804,0
105805,0
105806,0
105807,0
105808,0
105809,0
105810,0
105811,0
105812,0
105813,0
105814,0
105815,0
105816,0
105817,1
105818,0
105819,1
105820,0
105821,0
105822,1
105823,0
105824,1
105825,0
105826,1
105827,0
105828,0
105829,0
105830,0
105831,0
105832,0
105833,0
105834,0
105835,0
105836,0
105837,0
105838,1
105839,0
105840,0
105841,0
105842,0
105843,0
105844,0
105845,0
105846,0
105847,0
105848,0
105849,0
105850,0
105851,0
105852,0
105853,0
105854,0
105855,0
105856,0
105857,0
105858,0
105859,0
105860,0
105861,0
105862,0
105863,1
105864,0
105865,0
105866,0
105867,0
105868,1
105869,0
105870,0
105871,1
105872,0
105873,0
105874,0
105875,0
105876,0
105877,0
105878,0
105879,0
105880,0
105881,0
105882,0
105883,0
105884,0
105885,0
105886,1
105887,0
105888,0
105889,0
105890,0
105891,0
105892,1
105893,0
105894,1
105895,1
105896,0
105897,0
105898,0
105899,0
105900,0
105901,0
105902,0
105903,0
105904,0
105905,0
105906,0
105907,0
105908,0
105909,1
105910,0
105911,0
105912,1
105913,0
105914,0
105915,0
105916,0
105917,0
105918,0
105919,1
105920,0
105921,0
105922,1
105923,0
105924,0
105925,0
105926,0
105927,0
105928,0
105929,0
105930,0
105931,0
105932,0
105933,0
105934,1
105935,0
105936,1
105937,0
105938,0
105939,0
105940,0
105941,0
105942,0
105943,0
105944,0
105945,0
105946,0
105947,0
105948,0
105949,0
105950,0
105951,1
105952,0
105953,1
105954,0
105955,1
105956,0
105957,1
105958,0
105959,0
105960,0
105961,0
105962,0
105963,0
105964,1
105965,0
105966,0
105967,0
105968,0
105969,0
105970,0
105971,0
105972,1
105973,1
105974,0
105975,0
105976,1
105977,0
105978,1
105979,0
105980,0
105981,0
105982,0
105983,0
105984,0
105985,0
105986,0
105987,0
105988,0
105989,1
105990,0
105991,0
105992,0
105993,0
105994,0
105995,0
105996,1
105997,0
105998,0
105999,0
106000,0
106001,0
106002,0
106003,0
106004,0
106005,0
106006,0
106007,0
106008,1
106009,0
106010,0
106011,0
106012,0
106013,1
106014,1
106015,0
106016,0
106017,0
106018,0
106019,0
106020,0
106021,1
106022,0
106023,0
106024,0
106025,0
106026,0
106027,1
106028,0
106029,0
106030,0
106031,0
106032,1
106033,0
106034,0
106035,0
106036,1
106037,0
106038,0
106039,1
106040,0
106041,0
106042,0
106043,0
106044,0
106045,0
106046,0
106047,0
106048,0
106049,0
106050,0
106051,0
106052,0
106053,0
106054,0
106055,0
106056,0
106057,0
106058,0
106059,0
106060,0
106061,0
106062,0
106063,0
106064,1
106065,0
106066,1
106067,0
106068,1
106069,0
106070,0
106071,0
106072,0
106073,0
106074,0
106075,0
106076,0
106077,0
106078,0
106079,1
106080,0
106081,1
106082,0
106083,0
106084,0
106085,1
106086,0
106087,0
106088,0
106089,0
106090,0
106091,1
106092,0
106093,0
106094,0
106095,1
106096,0
106097,0
106098,0
106099,0
106100,1
106101,0
106102,0
106103,0
106104,0
106105,0
106106,0
106107,0
106108,0
106109,0
106110,1
106111,0
106112,0
106113,0
106114,0
106115,0
106116,0
106117,0
106118,0
106119,0
106120,0
106121,0
106122,0
106123,1
106124,1
106125,0
106126,0
106127,0
106128,0
106129,0
106130,0
106131,0
106132,0
106133,0
106134,0
106135,0
106136,0
106137,0
106138,0
106139,0
106140,0
106141,0
106142,0
106143,0
106144,1
106145,0
106146,0
106147,0
106148,1
106149,0
106150,0
106151,0
106152,0
106153,0
106154,0
106155,0
106156,0
106157,0
106158,1
106159,0
106160,0
106161,0
106162,0
106163,0
106164,0
106165,0
106166,0
106167,0
106168,1
106169,0
106170,0
106171,0
106172,0
106173,0
106174,0
106175,0
106176,0
106177,0
106178,1
106179,0
106180,0
106181,0
106182,0
106183,0
106184,0
106185,0
106186,0
106187,0
106188,0
106189,0
106190,0
106191,0
106192,0
106193,0
106194,1
106195,1
106196,1
106197,0
106198,0
106199,0
106200,0
106201,0
106202,0
106203,0
106204,0
106205,0
106206,0
106207,0
106208,0
106209,0
106210,0
106211,0
106212,0
106213,0
106214,0
106215,0
106216,0
106217,0
106218,0
106219,0
106220,0
106221,0
106222,0
106223,1
106224,0
106225,0
106226,0
106227,0
106228,0
106229,1
106230,0
106231,0
106232,0
106233,0
106234,0
106235,0
106236,0
106237,0
106238,0
106239,0
106240,0
106241,0
106242,0
106243,0
106244,0
106245,0
106246,0
106247,0
106248,0
106249,0
106250,0
106251,0
106252,0
106253,0
106254,0
106255,0
106256,0
106257,1
106258,0
106259,0
106260,0
106261,0
106262,0
106263,0
106264,0
106265,0
106266,0
106267,0
106268,0
106269,1
106270,0
106271,0
106272,1
106273,0
106274,0
106275,0
106276,0
106277,0
106278,0
106279,1
106280,0
106281,0
106282,0
106283,1
106284,0
106285,0
106286,0
106287,0
106288,0
106289,0
106290,0
106291,0
106292,0
106293,0
106294,1
106295,0
106296,0
106297,0
106298,1
106299,0
106300,0
106301,0
106302,0
106303,0
106304,0
106305,0
106306,0
106307,0
106308,0
106309,0
106310,0
106311,0
106312,0
106313,0
106314,0
106315,0
106316,1
106317,0
106318,0
106319,0
106320,0
106321,0
106322,0
106323,1
106324,0
106325,0
106326,0
106327,1
106328,1
106329,0
106330,0
106331,1
106332,0
106333,1
106334,1
106335,0
106336,0
106337,0
106338,1
106339,0
106340,0
106341,0
106342,0
106343,1
106344,0
106345,0
106346,0
106347,0
106348,0
106349,0
106350,0
106351,0
106352,0
106353,0
106354,0
106355,0
106356,0
106357,0
106358,1
106359,1
106360,0
106361,0
106362,0
106363,0
106364,0
106365,0
106366,0
106367,0
106368,0
106369,0
106370,0
106371,0
106372,0
106373,0
106374,0
106375,0
106376,0
106377,0
106378,1
106379,0
106380,0
106381,0
106382,0
106383,0
106384,0
106385,0
106386,1
106387,0
106388,0
106389,0
106390,0
106391,0
106392,0
106393,0
106394,0
106395,0
106396,1
106397,0
106398,0
106399,0
106400,0
106401,1
106402,1
106403,0
106404,0
106405,0
106406,0
106407,1
106408,0
106409,1
106410,1
106411,0
106412,0
106413,0
106414,0
106415,0
106416,1
106417,0
106418,0
106419,0
106420,0
106421,0
106422,0
106423,1
106424,0
106425,0
106426,0
106427,0
106428,0
106429,0
106430,0
106431,0
106432,0
106433,0
106434,0
106435,1
106436,0
106437,0
106438,0
106439,1
106440,0
106441,0
106442,0
106443,0
106444,0
106445,0
106446,0
106447,0
106448,0
106449,0
106450,0
106451,0
106452,0
106453,0
106454,0
106455,1
106456,0
106457,0
106458,0
106459,0
106460,0
106461,0
106462,1
106463,0
106464,0
106465,0
106466,0
106467,0
106468,0
106469,0
106470,0
106471,0
106472,0
106473,0
106474,0
106475,0
106476,0
106477,0
106478,0
106479,0
106480,0
106481,0
106482,0
106483,0
106484,0
106485,0
106486,0
106487,0
106488,0
106489,0
106490,0
106491,1
106492,0
106493,0
106494,0
106495,0
106496,0
106497,0
106498,0
106499,1
106500,0
106501,0
106502,1
106503,0
106504,0
106505,0
106506,0
106507,0
106508,0
106509,0
106510,0
106511,0
106512,0
106513,0
106514,0
106515,1
106516,1
106517,0
106518,0
106519,0
106520,0
106521,0
106522,1
106523,0
106524,0
106525,0
106526,0
106527,0
106528,1
106529,0
106530,0
106531,0
106532,0
106533,0
106534,0
106535,0
106536,0
106537,0
106538,0
106539,0
106540,0
106541,0
106542,0
106543,0
106544,0
106545,0
106546,0
106547,0
106548,0
106549,0
106550,0
106551,0
106552,0
106553,0
106554,1
106555,0
106556,0
106557,0
106558,0
106559,0
106560,0
106561,0
106562,0
106563,0
106564,0
106565,1
106566,0
106567,0
106568,0
106569,1
106570,0
106571,1
106572,0
106573,0
106574,0
106575,0
106576,1
106577,0
106578,0
106579,0
106580,0
106581,0
106582,0
106583,0
106584,0
106585,0
106586,0
106587,1
106588,0
106589,0
106590,0
106591,0
106592,1
106593,0
106594,0
106595,0
106596,0
106597,0
106598,0
106599,0
106600,0
106601,0
106602,0
106603,0
106604,0
106605,0
106606,0
106607,0
106608,1
106609,0
106610,0
106611,0
106612,0
106613,0
106614,0
106615,1
106616,0
106617,0
106618,0
106619,0
106620,0
106621,0
106622,0
106623,0
106624,1
106625,0
106626,0
106627,0
106628,0
106629,0
106630,0
106631,0
106632,0
106633,1
106634,0
106635,0
106636,0
106637,0
106638,1
106639,0
106640,0
106641,0
106642,0
106643,0
106644,0
106645,0
106646,0
106647,0
106648,0
106649,0
106650,0
106651,0
106652,0
106653,0
106654,0
106655,1
106656,0
106657,0
106658,0
106659,0
106660,0
106661,0
106662,0
106663,0
106664,0
106665,0
106666,0
106667,0
106668,0
106669,0
106670,0
106671,0
106672,0
106673,1
106674,0
106675,0
106676,0
106677,1
106678,0
106679,1
106680,0
106681,0
106682,0
106683,0
106684,0
106685,0
106686,0
106687,0
106688,0
106689,0
106690,1
106691,0
106692,0
106693,0
106694,0
106695,0
106696,0
106697,1
106698,0
106699,1
106700,1
106701,0
106702,0
106703,0
106704,0
106705,0
106706,0
106707,0
106708,0
106709,0
106710,0
106711,0
106712,0
106713,1
106714,0
106715,0
106716,0
106717,0
106718,0
106719,0
106720,0
106721,0
106722,0
106723,0
106724,0
106725,1
106726,1
106727,0
106728,0
106729,0
106730,0
106731,0
106732,1
106733,0
106734,0
106735,0
106736,0
106737,0
106738,0
106739,0
106740,0
106741,0
106742,0
106743,0
106744,1
106745,0
106746,0
106747,0
106748,0
106749,0
106750,0
106751,0
106752,0
106753,0
106754,0
106755,1
106756,0
106757,0
106758,0
106759,0
106760,1
106761,0
106762,0
106763,0
106764,0
106765,1
106766,0
106767,0
106768,0
106769,0
106770,0
106771,0
106772,0
106773,0
106774,0
106775,0
106776,0
106777,0
106778,0
106779,0
106780,0
106781,0
106782,0
106783,0
106784,0
106785,0
106786,0
106787,0
106788,0
106789,0
106790,0
106791,0
106792,0
106793,0
106794,0
106795,0
106796,0
106797,0
106798,0
106799,0
106800,1
106801,0
106802,0
106803,0
106804,0
106805,0
106806,1
106807,0
106808,0
106809,0
106810,0
106811,0
106812,0
106813,0
106814,0
106815,0
106816,0
106817,0
106818,0
106819,1
106820,0
106821,0
106822,0
106823,0
106824,1
106825,0
106826,0
106827,0
106828,0
106829,0
106830,0
106831,0
106832,0
106833,0
106834,0
106835,0
106836,0
106837,0
106838,0
106839,0
106840,0
106841,0
106842,0
106843,0
106844,0
106845,0
106846,1
106847,0
106848,0
106849,0
106850,0
106851,0
106852,0
106853,0
106854,0
106855,0
106856,1
106857,0
106858,1
106859,0
106860,0
106861,1
106862,0
106863,0
106864,0
106865,0
106866,0
106867,0
106868,0
106869,0
106870,0
106871,0
106872,0
106873,0
106874,0
106875,0
106876,0
106877,0
106878,0
106879,0
106880,0
106881,0
106882,0
106883,0
106884,1
106885,0
106886,0
106887,0
106888,0
106889,0
106890,0
106891,0
106892,0
106893,0
106894,0
106895,0
106896,0
106897,0
106898,1
106899,0
106900,0
106901,0
106902,0
106903,0
106904,0
106905,0
106906,0
106907,0
106908,0
106909,0
106910,0
106911,0
106912,0
106913,0
106914,0
106915,0
106916,0
106917,0
106918,0
106919,0
106920,1
106921,0
106922,0
106923,0
106924,0
106925,0
106926,0
106927,0
106928,0
106929,0
106930,0
106931,0
106932,0
106933,0
106934,1
106935,0
106936,0
106937,0
106938,0
106939,0
106940,0
106941,0
106942,1
106943,0
106944,0
106945,0
106946,0
106947,0
106948,0
106949,0
106950,0
106951,0
106952,0
106953,1
106954,0
106955,1
106956,0
106957,0
106958,0
106959,0
106960,0
106961,0
106962,0
106963,0
106964,0
106965,0
106966,0
106967,0
106968,0
106969,0
106970,0
106971,0
106972,0
106973,0
106974,0
106975,0
106976,0
106977,0
106978,1
106979,0
106980,0
106981,0
106982,1
106983,0
106984,0
106985,0
106986,1
106987,0
106988,0
106989,0
106990,1
106991,0
106992,0
106993,0
106994,0
106995,0
106996,0
106997,0
106998,0
106999,0
107000,0
107001,1
107002,0
107003,0
107004,0
107005,0
107006,0
107007,0
107008,0
107009,0
107010,0
107011,1
107012,0
107013,0
107014,0
107015,1
107016,0
107017,0
107018,0
107019,1
107020,0
107021,1
107022,0
107023,0
107024,0
107025,0
107026,0
107027,0
107028,0
107029,0
107030,0
107031,0
107032,0
107033,0
107034,0
107035,0
107036,0
107037,0
107038,0
107039,0
107040,0
107041,0
107042,0
107043,0
107044,0
107045,0
107046,0
107047,1
107048,1
107049,0
107050,1
107051,0
107052,0
107053,0
107054,0
107055,0
107056,1
107057,0
107058,1
107059,0
107060,0
107061,0
107062,0
107063,0
107064,0
107065,0
107066,0
107067,0
107068,0
107069,0
107070,1
107071,0
107072,0
107073,1
107074,0
107075,0
107076,1
107077,0
107078,0
107079,0
107080,0
107081,0
107082,0
107083,0
107084,0
107085,0
107086,1
107087,0
107088,0
107089,0
107090,0
107091,0
107092,0
107093,0
107094,0
107095,0
107096,0
107097,0
107098,0
107099,1
107100,0
107101,0
107102,0
107103,1
107104,0
107105,0
107106,0
107107,0
107108,0
107109,0
107110,1
107111,0
107112,1
107113,0
107114,0
107115,0
107116,0
107117,0
107118,0
107119,0
107120,0
107121,0
107122,0
107123,0
107124,0
107125,0
107126,0
107127,0
107128,0
107129,0
107130,0
107131,0
107132,0
107133,0
107134,0
107135,0
107136,0
107137,0
107138,0
107139,0
107140,0
107141,1
107142,0
107143,0
107144,0
107145,0
107146,0
107147,0
107148,0
107149,0
107150,0
107151,0
107152,0
107153,0
107154,1
107155,0
107156,0
107157,0
107158,0
107159,0
107160,1
107161,1
107162,0
107163,0
107164,1
107165,0
107166,0
107167,0
107168,0
107169,0
107170,1
107171,0
107172,0
107173,1
107174,0
107175,0
107176,0
107177,0
107178,1
107179,1
107180,0
107181,0
107182,0
107183,0
107184,0
107185,0
107186,0
107187,0
107188,1
107189,0
107190,0
107191,1
107192,0
107193,0
107194,0
107195,0
107196,0
107197,0
107198,0
107199,0
107200,0
107201,0
107202,0
107203,0
107204,0
107205,0
107206,0
107207,0
107208,0
107209,0
107210,0
107211,0
107212,0
107213,0
107214,0
107215,0
107216,0
107217,0
107218,0
107219,0
107220,0
107221,0
107222,0
107223,0
107224,0
107225,0
107226,0
107227,1
107228,0
107229,0
107230,1
107231,0
107232,0
107233,0
107234,0
107235,0
107236,0
107237,0
107238,0
107239,0
107240,1
107241,0
107242,0
107243,0
107244,0
107245,0
107246,0
107247,0
107248,0
107249,1
107250,0
107251,0
107252,0
107253,0
107254,0
107255,1
107256,0
107257,0
107258,1
107259,0
107260,0
107261,0
107262,0
107263,0
107264,0
107265,0
107266,0
107267,0
107268,0
107269,0
107270,0
107271,0
107272,1
107273,1
107274,0
107275,0
107276,0
107277,0
107278,0
107279,0
107280,0
107281,0
107282,0
107283,0
107284,0
107285,0
107286,0
107287,0
107288,0
107289,0
107290,0
107291,0
107292,0
107293,1
107294,0
107295,1
107296,0
107297,0
107298,0
107299,0
107300,0
107301,0
107302,0
107303,0
107304,0
107305,0
107306,1
107307,1
107308,0
107309,0
107310,0
107311,0
107312,0
107313,0
107314,0
107315,0
107316,0
107317,0
107318,0
107319,0
107320,0
107321,0
107322,0
107323,0
107324,0
107325,0
107326,0
107327,0
107328,0
107329,0
107330,0
107331,0
107332,0
107333,0
107334,0
107335,0
107336,0
107337,0
107338,0
107339,0
107340,0
107341,1
107342,0
107343,0
107344,0
107345,0
107346,0
107347,0
107348,0
107349,0
107350,0
107351,0
107352,0
107353,0
107354,0
107355,0
107356,0
107357,0
107358,0
107359,0
107360,0
107361,0
107362,1
107363,0
107364,0
107365,0
107366,0
107367,1
107368,0
107369,0
107370,0
107371,0
107372,0
107373,0
107374,0
107375,0
107376,0
107377,0
107378,1
107379,0
107380,0
107381,0
107382,0
107383,0
107384,0
107385,1
107386,0
107387,0
107388,1
107389,0
107390,0
107391,0
107392,0
107393,0
107394,0
107395,0
107396,0
107397,0
107398,0
107399,0
107400,1
107401,0
107402,0
107403,0
107404,0
107405,0
107406,0
107407,0
107408,1
107409,0
107410,0
107411,0
107412,0
107413,0
107414,0
107415,0
107416,0
107417,0
107418,0
107419,0
107420,1
107421,0
107422,0
107423,0
107424,0
107425,0
107426,0
107427,0
107428,0
107429,0
107430,0
107431,0
107432,0
107433,0
107434,1
107435,0
107436,0
107437,0
107438,0
107439,1
107440,0
107441,0
107442,0
107443,0
107444,0
107445,0
107446,0
107447,0
107448,0
107449,1
107450,0
107451,0
107452,0
107453,0
107454,0
107455,0
107456,0
107457,0
107458,1
107459,0
107460,0
107461,0
107462,0
107463,1
107464,0
107465,0
107466,0
107467,0
107468,0
107469,0
107470,0
107471,0
107472,0
107473,0
107474,0
107475,0
107476,0
107477,0
107478,1
107479,0
107480,0
107481,0
107482,0
107483,0
107484,0
107485,0
107486,1
107487,0
107488,0
107489,0
107490,0
107491,0
107492,0
107493,0
107494,0
107495,0
107496,0
107497,0
107498,0
107499,1
107500,0
107501,0
107502,0
107503,0
107504,0
107505,0
107506,0
107507,0
107508,0
107509,0
107510,0
107511,0
107512,0
107513,0
107514,0
107515,0
107516,0
107517,0
107518,1
107519,0
107520,0
107521,1
107522,0
107523,0
107524,0
107525,0
107526,0
107527,0
107528,0
107529,0
107530,0
107531,0
107532,0
107533,0
107534,0
107535,0
107536,0
107537,0
107538,0
107539,0
107540,0
107541,0
107542,1
107543,0
107544,0
107545,0
107546,0
107547,0
107548,0
107549,0
107550,0
107551,0
107552,0
107553,0
107554,0
107555,0
107556,0
107557,0
107558,0
107559,0
107560,0
107561,1
107562,0
107563,0
107564,0
107565,0
107566,0
107567,0
107568,0
107569,0
107570,0
107571,1
107572,0
107573,0
107574,0
107575,0
107576,0
107577,0
107578,0
107579,0
107580,0
107581,0
107582,0
107583,0
107584,0
107585,0
107586,0
107587,0
107588,0
107589,0
107590,0
107591,0
107592,1
107593,0
107594,0
107595,0
107596,0
107597,0
107598,1
107599,0
107600,0
107601,0
107602,1
107603,1
107604,0
107605,0
107606,0
107607,0
107608,0
107609,0
107610,0
107611,0
107612,1
107613,0
107614,0
107615,0
107616,0
107617,0
107618,1
107619,0
107620,0
107621,0
107622,0
107623,0
107624,0
107625,0
107626,0
107627,0
107628,0
107629,0
107630,0
107631,1
107632,0
107633,0
107634,0
107635,0
107636,0
107637,0
107638,0
107639,0
107640,0
107641,0
107642,0
107643,0
107644,0
107645,0
107646,1
107647,0
107648,1
107649,0
107650,1
107651,1
107652,0
107653,0
107654,0
107655,0
107656,0
107657,0
107658,0
107659,0
107660,0
107661,0
107662,1
107663,0
107664,0
107665,0
107666,0
107667,0
107668,0
107669,0
107670,0
107671,0
107672,0
107673,0
107674,0
107675,0
107676,0
107677,1
107678,0
107679,1
107680,0
107681,0
107682,0
107683,0
107684,0
107685,0
107686,1
107687,0
107688,1
107689,0
107690,0
107691,0
107692,1
107693,0
107694,1
107695,1
107696,0
107697,1
107698,0
107699,1
107700,0
107701,1
107702,0
107703,0
107704,0
107705,0
107706,0
107707,0
107708,0
107709,0
107710,0
107711,0
107712,0
107713,1
107714,0
107715,0
107716,0
107717,0
107718,0
107719,0
107720,0
107721,0
107722,0
107723,0
107724,0
107725,0
107726,0
107727,0
107728,0
107729,0
107730,0
107731,0
107732,0
107733,0
107734,0
107735,0
107736,0
107737,0
107738,1
107739,0
107740,0
107741,0
107742,0
107743,0
107744,0
107745,0
107746,0
107747,0
107748,0
107749,0
107750,0
107751,0
107752,0
107753,0
107754,1
107755,0
107756,0
107757,0
107758,1
107759,1
107760,0
107761,0
107762,0
107763,0
107764,0
107765,0
107766,0
107767,1
107768,0
107769,0
107770,0
107771,1
107772,0
107773,0
107774,0
107775,1
107776,0
107777,0
107778,0
107779,0
107780,0
107781,0
107782,0
107783,0
107784,1
107785,0
107786,0
107787,0
107788,0
107789,0
107790,0
107791,0
107792,1
107793,0
107794,0
107795,0
107796,0
107797,0
107798,1
107799,0
107800,0
107801,0
107802,0
107803,0
107804,0
107805,0
107806,0
107807,0
107808,0
107809,0
107810,0
107811,0
107812,0
107813,0
107814,0
107815,0
107816,1
107817,0
107818,0
107819,0
107820,0
107821,0
107822,0
107823,0
107824,1
107825,0
107826,0
107827,1
107828,1
107829,0
107830,1
107831,0
107832,0
107833,0
107834,0
107835,0
107836,0
107837,0
107838,0
107839,0
107840,0
107841,0
107842,0
107843,0
107844,0
107845,0
107846,0
107847,1
107848,1
107849,0
107850,0
107851,0
107852,0
107853,0
107854,0
107855,0
107856,0
107857,0
107858,0
107859,0
107860,0
107861,1
107862,0
107863,0
107864,0
107865,0
107866,0
107867,0
107868,0
107869,1
107870,0
107871,0
107872,0
107873,1
107874,0
107875,0
107876,0
107877,0
107878,0
107879,0
107880,0
107881,0
107882,0
107883,0
107884,0
107885,0
107886,0
107887,0
107888,0
107889,0
107890,0
107891,0
107892,0
107893,0
107894,0
107895,0
107896,0
107897,0
107898,0
107899,0
107900,0
107901,0
107902,0
107903,0
107904,1
107905,0
107906,0
107907,0
107908,0
107909,0
107910,0
107911,0
107912,0
107913,1
107914,0
107915,0
107916,1
107917,0
107918,0
107919,0
107920,0
107921,1
107922,0
107923,0
107924,0
107925,0
107926,1
107927,0
107928,0
107929,1
107930,0
107931,0
107932,0
107933,1
107934,0
107935,0
107936,0
107937,0
107938,0
107939,0
107940,0
107941,0
107942,0
107943,0
107944,0
107945,1
107946,0
107947,0
107948,1
107949,0
107950,0
107951,0
107952,0
107953,0
107954,1
107955,0
107956,0
107957,0
107958,0
107959,0
107960,0
107961,1
107962,0
107963,0
107964,0
107965,0
107966,1
107967,0
107968,0
107969,1
107970,0
107971,1
107972,1
107973,0
107974,0
107975,0
107976,0
107977,0
107978,0
107979,1
107980,1
107981,1
107982,0
107983,0
107984,0
107985,0
107986,0
107987,0
107988,0
107989,0
107990,0
107991,1
107992,0
107993,0
107994,1
107995,0
107996,0
107997,0
107998,0
107999,0
108000,0
108001,0
108002,0
108003,0
108004,0
108005,0
108006,0
108007,0
108008,1
108009,0
108010,0
108011,0
108012,0
108013,0
108014,0
108015,0
108016,0
108017,0
108018,1
108019,0
108020,0
108021,0
108022,0
108023,0
108024,0
108025,0
108026,0
108027,0
108028,0
108029,0
108030,0
108031,0
108032,0
108033,0
108034,0
108035,1
108036,0
108037,1
108038,0
108039,1
108040,0
108041,0
108042,1
108043,0
108044,0
108045,0
108046,0
108047,1
108048,0
108049,0
108050,1
108051,0
108052,0
108053,0
108054,0
108055,0
108056,0
108057,0
108058,1
108059,0
108060,1
108061,0
108062,0
108063,0
108064,0
108065,0
108066,0
108067,1
108068,0
108069,0
108070,1
108071,0
108072,0
108073,0
108074,0
108075,1
108076,0
108077,0
108078,0
108079,0
108080,0
108081,0
108082,0
108083,0
108084,0
108085,0
108086,0
108087,0
108088,1
108089,0
108090,0
108091,0
108092,0
108093,1
108094,0
108095,0
108096,0
108097,1
108098,0
108099,0
108100,0
108101,0
108102,0
108103,0
108104,0
108105,0
108106,0
108107,1
108108,0
108109,1
108110,0
108111,0
108112,0
108113,0
108114,0
108115,0
108116,0
108117,0
108118,1
108119,0
108120,1
108121,0
108122,0
108123,0
108124,0
108125,0
108126,0
108127,0
108128,0
108129,1
108130,0
108131,0
108132,0
108133,0
108134,0
108135,1
108136,0
108137,0
108138,0
108139,0
108140,0
108141,0
108142,1
108143,0
108144,0
108145,0
108146,0
108147,0
108148,0
108149,0
108150,0
108151,0
108152,0
108153,0
108154,0
108155,0
108156,0
108157,0
108158,1
108159,0
108160,0
108161,0
108162,0
108163,0
108164,0
108165,0
108166,0
108167,1
108168,0
108169,0
108170,1
108171,0
108172,0
108173,0
108174,0
108175,0
108176,0
108177,0
108178,0
108179,0
108180,0
108181,0
108182,0
108183,0
108184,0
108185,0
108186,0
108187,0
108188,0
108189,0
108190,0
108191,0
108192,0
108193,0
108194,1
108195,0
108196,1
108197,0
108198,0
108199,0
108200,0
108201,0
108202,0
108203,0
108204,0
108205,0
108206,0
108207,0
108208,0
108209,1
108210,0
108211,0
108212,0
108213,1
108214,1
108215,0
108216,0
108217,1
108218,0
108219,0
108220,0
108221,0
108222,0
108223,0
108224,0
108225,0
108226,0
108227,0
108228,0
108229,1
108230,0
108231,0
108232,0
108233,1
108234,0
108235,0
108236,0
108237,0
108238,0
108239,0
108240,1
108241,0
108242,0
108243,0
108244,0
108245,1
108246,1
108247,1
108248,0
108249,0
108250,0
108251,0
108252,0
108253,0
108254,0
108255,1
108256,0
108257,0
108258,0
108259,0
108260,0
108261,1
108262,0
108263,0
108264,1
108265,1
108266,0
108267,1
108268,0
108269,0
108270,0
108271,0
108272,1
108273,0
108274,0
108275,0
108276,0
108277,1
108278,0
108279,0
108280,1
108281,0
108282,0
108283,0
108284,1
108285,0
108286,0
108287,0
108288,0
108289,0
108290,0
108291,0
108292,1
108293,0
108294,0
108295,0
108296,1
108297,0
108298,0
108299,0
108300,0
108301,0
108302,0
108303,0
108304,0
108305,0
108306,0
108307,0
108308,0
108309,1
108310,0
108311,0
108312,0
108313,1
108314,1
108315,0
108316,0
108317,0
108318,0
108319,0
108320,0
108321,1
108322,0
108323,0
108324,0
108325,0
108326,0
108327,0
108328,0
108329,0
108330,0
108331,1
108332,0
108333,0
108334,0
108335,0
108336,0
108337,0
108338,0
108339,0
108340,1
108341,0
108342,0
108343,0
108344,0
108345,0
108346,0
108347,0
108348,0
108349,0
108350,0
108351,0
108352,0
108353,0
108354,0
108355,0
108356,1
108357,0
108358,0
108359,0
108360,0
108361,0
108362,0
108363,0
108364,0
108365,0
108366,0
108367,0
108368,0
108369,0
108370,0
108371,1
108372,0
108373,0
108374,0
108375,0
108376,0
108377,1
108378,0
108379,0
108380,0
108381,1
108382,0
108383,0
108384,0
108385,1
108386,0
108387,1
108388,0
108389,0
108390,0
108391,0
108392,0
108393,0
108394,0
108395,0
108396,1
108397,0
108398,0
108399,0
108400,0
108401,0
108402,0
108403,0
108404,0
108405,0
108406,1
108407,0
108408,0
108409,0
108410,0
108411,1
108412,0
108413,0
108414,0
108415,0
108416,1
108417,0
108418,0
108419,0
108420,0
108421,0
108422,0
108423,1
108424,0
108425,0
108426,0
108427,0
108428,0
108429,0
108430,0
108431,0
108432,0
108433,0
108434,0
108435,1
108436,0
108437,0
108438,0
108439,0
108440,0
108441,0
108442,0
108443,0
108444,0
108445,0
108446,0
108447,0
108448,0
108449,0
108450,1
108451,0
108452,0
108453,0
108454,0
108455,0
108456,1
108457,0
108458,1
108459,0
108460,0
108461,0
108462,0
108463,0
108464,0
108465,0
108466,0
108467,0
108468,0
108469,0
108470,0
108471,0
108472,0
108473,0
108474,0
108475,0
108476,0
108477,0
108478,0
108479,0
108480,0
108481,0
108482,0
108483,0
108484,0
108485,0
108486,0
108487,0
108488,0
108489,0
108490,0
108491,0
108492,0
108493,0
108494,0
108495,0
108496,0
108497,1
108498,1
108499,0
108500,0
108501,0
108502,0
108503,0
108504,0
108505,1
108506,0
108507,1
108508,0
108509,0
108510,0
108511,0
108512,0
108513,0
108514,1
108515,0
108516,0
108517,0
108518,0
108519,0
108520,0
108521,0
108522,0
108523,0
108524,0
108525,1
108526,0
108527,0
108528,1
108529,0
108530,0
108531,0
108532,0
108533,0
108534,0
108535,0
108536,0
108537,0
108538,1
108539,1
108540,0
108541,1
108542,1
108543,0
108544,0
108545,0
108546,0
108547,0
108548,0
108549,0
108550,0
108551,0
108552,0
108553,0
108554,0
108555,0
108556,0
108557,0
108558,0
108559,0
108560,0
108561,0
108562,0
108563,1
108564,0
108565,1
108566,0
108567,0
108568,0
108569,1
108570,0
108571,1
108572,0
108573,0
108574,0
108575,0
108576,0
108577,0
108578,0
108579,0
108580,0
108581,0
108582,0
108583,0
108584,0
108585,0
108586,0
108587,0
108588,0
108589,1
108590,0
108591,0
108592,0
108593,0
108594,0
108595,0
108596,1
108597,0
108598,0
108599,0
108600,0
108601,0
108602,0
108603,1
108604,0
108605,0
108606,0
108607,0
108608,0
108609,0
108610,0
108611,0
108612,0
108613,0
108614,0
108615,1
108616,0
108617,0
108618,0
108619,0
108620,0
108621,0
108622,0
108623,0
108624,0
108625,0
108626,1
108627,0
108628,0
108629,0
108630,0
108631,0
108632,0
108633,0
108634,0
108635,0
108636,0
108637,0
108638,0
108639,0
108640,0
108641,0
108642,0
108643,0
108644,0
108645,0
108646,0
108647,0
108648,0
108649,0
108650,0
108651,1
108652,0
108653,0
108654,0
108655,0
108656,0
108657,0
108658,0
108659,0
108660,0
108661,0
108662,0
108663,0
108664,0
108665,0
108666,0
108667,0
108668,0
108669,0
108670,0
108671,0
108672,0
108673,0
108674,0
108675,0
108676,0
108677,0
108678,0
108679,1
108680,0
108681,0
108682,0
108683,0
108684,0
108685,0
108686,0
108687,0
108688,0
108689,0
108690,1
108691,0
108692,0
108693,0
108694,0
108695,0
108696,0
108697,0
108698,0
108699,0
108700,0
108701,0
108702,1
108703,0
108704,1
108705,0
108706,0
108707,0
108708,0
108709,0
108710,0
108711,0
108712,0
108713,0
108714,1
108715,0
108716,0
108717,0
108718,0
108719,1
108720,0
108721,0
108722,0
108723,0
108724,0
108725,0
108726,1
108727,0
108728,0
108729,1
108730,0
108731,1
108732,0
108733,0
108734,0
108735,0
108736,0
108737,0
108738,1
108739,0
108740,0
108741,0
108742,0
108743,0
108744,0
108745,0
108746,0
108747,0
108748,0
108749,0
108750,0
108751,0
108752,0
108753,0
108754,0
108755,0
108756,0
108757,0
108758,0
108759,0
108760,0
108761,0
108762,0
108763,0
108764,0
108765,0
108766,1
108767,1
108768,0
108769,0
108770,0
108771,0
108772,0
108773,0
108774,0
108775,0
108776,0
108777,1
108778,0
108779,0
108780,0
108781,0
108782,0
108783,0
108784,0
108785,0
108786,1
108787,0
108788,1
108789,0
108790,0
108791,0
108792,1
108793,1
108794,0
108795,0
108796,0
108797,0
108798,0
108799,0
108800,0
108801,0
108802,0
108803,0
108804,0
108805,0
108806,0
108807,0
108808,1
108809,1
108810,0
108811,0
108812,0
108813,0
108814,0
108815,0
108816,1
108817,0
108818,0
108819,0
108820,0
108821,0
108822,0
108823,0
108824,0
108825,0
108826,0
108827,1
108828,0
108829,0
108830,0
108831,0
108832,0
108833,0
108834,0
108835,0
108836,0
108837,0
108838,0
108839,0
108840,1
108841,0
108842,0
108843,0
108844,0
108845,0
108846,0
108847,0
108848,0
108849,0
108850,0
108851,0
108852,1
108853,0
108854,0
108855,0
108856,0
108857,0
108858,1
108859,0
108860,0
108861,0
108862,0
108863,0
108864,0
108865,0
108866,0
108867,0
108868,1
108869,0
108870,0
108871,0
108872,1
108873,0
108874,0
108875,0
108876,0
108877,0
108878,0
108879,0
108880,0
108881,0
108882,1
108883,0
108884,0
108885,0
108886,0
108887,0
108888,1
108889,0
108890,0
108891,0
108892,0
108893,0
108894,0
108895,0
108896,0
108897,0
108898,0
108899,0
108900,0
108901,0
108902,1
108903,0
108904,0
108905,0
108906,0
108907,0
108908,1
108909,0
108910,0
108911,0
108912,0
108913,0
108914,0
108915,1
108916,0
108917,0
108918,1
108919,0
108920,0
108921,0
108922,0
108923,0
108924,0
108925,0
108926,0
108927,0
108928,0
108929,0
108930,0
108931,0
108932,0
108933,0
108934,1
108935,0
108936,0
108937,0
108938,0
108939,0
108940,0
108941,0
108942,0
108943,0
108944,0
108945,0
108946,0
108947,0
108948,0
108949,0
108950,0
108951,0
108952,0
108953,0
108954,0
108955,0
108956,0
108957,0
108958,0
108959,1
108960,0
108961,0
108962,0
108963,1
108964,0
108965,0
108966,0
108967,0
108968,1
108969,0
108970,1
108971,0
108972,0
108973,0
108974,0
108975,1
108976,0
108977,0
108978,0
108979,0
108980,0
108981,1
108982,0
108983,0
108984,1
108985,0
108986,0
108987,0
108988,0
108989,0
108990,0
108991,0
108992,1
108993,0
108994,0
108995,0
108996,1
108997,0
108998,0
108999,0
109000,0
109001,0
109002,0
109003,0
109004,0
109005,0
109006,0
109007,0
109008,0
109009,0
109010,0
109011,0
109012,0
109013,0
109014,0
109015,0
109016,0
109017,0
109018,0
109019,1
109020,0
109021,0
109022,0
109023,0
109024,1
109025,0
109026,0
109027,0
109028,0
109029,0
109030,1
109031,0
109032,0
109033,0
109034,0
109035,0
109036,0
109037,0
109038,0
109039,0
109040,0
109041,0
109042,0
109043,0
109044,0
109045,0
109046,0
109047,0
109048,0
109049,0
109050,0
109051,0
109052,0
109053,0
109054,0
109055,0
109056,0
109057,0
109058,0
109059,1
109060,1
109061,0
109062,0
109063,0
109064,0
109065,0
109066,0
109067,0
109068,0
109069,0
109070,0
109071,0
109072,0
109073,0
109074,0
109075,0
109076,0
109077,0
109078,0
109079,0
109080,0
109081,0
109082,0
109083,0
109084,0
109085,0
109086,1
109087,0
109088,1
109089,0
109090,0
109091,0
109092,0
109093,0
109094,0
109095,1
109096,0
109097,0
109098,0
109099,0
109100,0
109101,0
109102,0
109103,0
109104,0
109105,0
109106,0
109107,0
109108,0
109109,0
109110,0
109111,0
109112,1
109113,0
109114,1
109115,0
109116,0
109117,0
109118,0
109119,0
109120,0
109121,0
109122,0
109123,0
109124,0
109125,0
109126,0
109127,0
109128,0
109129,0
109130,0
109131,0
109132,0
109133,0
109134,0
109135,0
109136,0
109137,0
109138,1
109139,0
109140,0
109141,0
109142,0
109143,1
109144,0
109145,0
109146,1
109147,0
109148,0
109149,0
109150,1
109151,0
109152,0
109153,0
109154,0
109155,0
109156,0
109157,0
109158,0
109159,0
109160,0
109161,0
109162,0
109163,1
109164,0
109165,0
109166,0
109167,0
109168,0
109169,0
109170,1
109171,0
109172,0
109173,0
109174,0
109175,1
109176,0
109177,0
109178,0
109179,0
109180,0
109181,0
109182,0
109183,0
109184,1
109185,1
109186,0
109187,0
109188,1
109189,0
109190,0
109191,0
109192,0
109193,0
109194,0
109195,0
109196,0
109197,0
109198,0
109199,0
109200,0
109201,0
109202,0
109203,0
109204,0
109205,0
109206,0
109207,0
109208,1
109209,0
109210,0
109211,0
109212,0
109213,0
109214,1
109215,1
109216,0
109217,0
109218,0
109219,0
109220,1
109221,0
109222,0
109223,1
109224,0
109225,1
109226,0
109227,0
109228,0
109229,0
109230,0
109231,0
109232,1
109233,0
109234,0
109235,0
109236,0
109237,0
109238,0
109239,0
109240,0
109241,0
109242,0
109243,0
109244,0
109245,0
109246,0
109247,0
109248,0
109249,0
109250,0
109251,0
109252,1
109253,0
109254,0
109255,1
109256,0
109257,0
109258,0
109259,0
109260,0
109261,0
109262,0
109263,0
109264,0
109265,0
109266,1
109267,0
109268,0
109269,0
109270,0
109271,0
109272,0
109273,0
109274,1
109275,0
109276,0
109277,0
109278,0
109279,0
109280,0
109281,0
109282,0
109283,0
109284,0
109285,0
109286,1
109287,0
109288,1
109289,0
109290,0
109291,1
109292,0
109293,0
109294,0
109295,0
109296,1
109297,0
109298,0
109299,0
109300,0
109301,0
109302,0
109303,0
109304,0
109305,0
109306,0
109307,0
109308,0
109309,0
109310,1
109311,0
109312,0
109313,0
109314,0
109315,0
109316,0
109317,1
109318,0
109319,0
109320,0
109321,0
109322,0
109323,0
109324,0
109325,0
109326,0
109327,0
109328,0
109329,0
109330,0
109331,0
109332,0
109333,0
109334,0
109335,0
109336,0
109337,0
109338,0
109339,0
109340,0
109341,0
109342,0
109343,1
109344,0
109345,0
109346,1
109347,0
109348,0
109349,0
109350,0
109351,0
109352,0
109353,0
109354,0
109355,0
109356,0
109357,0
109358,0
109359,0
109360,0
109361,0
109362,0
109363,0
109364,0
109365,0
109366,0
109367,1
109368,0
109369,0
109370,0
109371,0
109372,0
109373,0
109374,0
109375,0
109376,0
109377,0
109378,0
109379,0
109380,0
109381,0
109382,1
109383,0
109384,0
109385,1
109386,0
109387,0
109388,0
109389,0
109390,1
109391,0
109392,0
109393,0
109394,0
109395,0
109396,0
109397,0
109398,0
109399,0
109400,0
109401,0
109402,1
109403,0
109404,0
109405,1
109406,0
109407,0
109408,0
109409,0
109410,0
109411,0
109412,1
109413,0
109414,0
109415,1
109416,0
109417,0
109418,0
109419,0
109420,0
109421,0
109422,0
109423,0
109424,0
109425,0
109426,0
109427,0
109428,0
109429,0
109430,0
109431,1
109432,0
109433,0
109434,0
109435,0
109436,0
109437,1
109438,0
109439,1
109440,0
109441,0
109442,0
109443,0
109444,1
109445,0
109446,0
109447,0
109448,0
109449,0
109450,0
109451,0
109452,1
109453,0
109454,0
109455,0
109456,0
109457,0
109458,0
109459,0
109460,0
109461,0
109462,0
109463,0
109464,0
109465,0
109466,0
109467,0
109468,0
109469,0
109470,0
109471,0
109472,0
109473,0
109474,0
109475,0
109476,0
109477,0
109478,0
109479,0
109480,1
109481,0
109482,0
109483,0
109484,0
109485,0
109486,0
109487,0
109488,0
109489,0
109490,0
109491,1
109492,0
109493,1
109494,0
109495,0
109496,0
109497,0
109498,0
109499,0
109500,0
109501,0
109502,0
109503,0
109504,0
109505,0
109506,0
109507,0
109508,1
109509,0
109510,1
109511,0
109512,1
109513,0
109514,0
109515,0
109516,0
109517,0
109518,0
109519,1
109520,0
109521,0
109522,1
109523,0
109524,0
109525,0
109526,0
109527,0
109528,0
109529,0
109530,0
109531,0
109532,0
109533,0
109534,1
109535,1
109536,1
109537,0
109538,0
109539,0
109540,0
109541,1
109542,0
109543,0
109544,0
109545,0
109546,0
109547,0
109548,0
109549,0
109550,0
109551,1
109552,1
109553,0
109554,0
109555,0
109556,0
109557,0
109558,1
109559,0
109560,0
109561,0
109562,0
109563,0
109564,0
109565,0
109566,0
109567,0
109568,0
109569,0
109570,0
109571,0
109572,0
109573,0
109574,0
109575,1
109576,0
109577,0
109578,0
109579,1
109580,0
109581,0
109582,0
109583,0
109584,0
109585,0
109586,1
109587,0
109588,0
109589,0
109590,1
109591,0
109592,0
109593,0
109594,0
109595,0
109596,0
109597,0
109598,0
109599,0
109600,0
109601,0
109602,1
109603,0
109604,1
109605,0
109606,0
109607,0
109608,0
109609,0
109610,0
109611,0
109612,0
109613,1
109614,0
109615,0
109616,0
109617,0
109618,1
109619,0
109620,0
109621,0
109622,0
109623,0
109624,0
109625,0
109626,0
109627,0
109628,0
109629,1
109630,0
109631,0
109632,0
109633,0
109634,0
109635,0
109636,1
109637,0
109638,0
109639,0
109640,0
109641,0
109642,0
109643,1
109644,0
109645,0
109646,0
109647,0
109648,0
109649,0
109650,0
109651,0
109652,1
109653,0
109654,1
109655,0
109656,0
109657,1
109658,0
109659,0
109660,1
109661,0
109662,0
109663,0
109664,1
109665,1
109666,0
109667,1
109668,1
109669,0
109670,0
109671,0
109672,0
109673,0
109674,0
109675,0
109676,0
109677,0
109678,0
109679,0
109680,0
109681,0
109682,0
109683,0
109684,0
109685,0
109686,0
109687,0
109688,0
109689,1
109690,0
109691,0
109692,0
109693,1
109694,0
109695,0
109696,0
109697,0
109698,0
109699,0
109700,0
109701,0
109702,0
109703,0
109704,0
109705,0
109706,0
109707,0
109708,0
109709,0
109710,0
109711,0
109712,0
109713,1
109714,0
109715,1
109716,0
109717,0
109718,0
109719,0
109720,0
109721,0
109722,0
109723,0
109724,0
109725,0
109726,0
109727,0
109728,0
109729,0
109730,0
109731,0
109732,0
109733,0
109734,0
109735,0
109736,0
109737,0
109738,0
109739,1
109740,0
109741,0
109742,0
109743,0
109744,0
109745,0
109746,0
109747,0
109748,1
109749,0
109750,0
109751,0
109752,0
109753,0
109754,1
109755,0
109756,0
109757,0
109758,0
109759,0
109760,0
109761,0
109762,0
109763,0
109764,0
109765,0
109766,0
109767,0
109768,1
109769,0
109770,0
109771,0
109772,0
109773,1
109774,0
109775,0
109776,0
109777,1
109778,0
109779,0
109780,0
109781,0
109782,0
109783,0
109784,0
109785,0
109786,0
109787,0
109788,0
109789,0
109790,0
109791,0
109792,0
109793,0
109794,0
109795,0
109796,0
109797,1
109798,0
109799,0
109800,1
109801,0
109802,0
109803,0
109804,0
109805,0
109806,0
109807,0
109808,0
109809,0
109810,0
109811,0
109812,0
109813,0
109814,0
109815,0
109816,0
109817,0
109818,0
109819,0
109820,0
109821,0
109822,1
109823,0
109824,0
109825,0
109826,0
109827,0
109828,0
109829,0
109830,0
109831,0
109832,0
109833,1
109834,0
109835,0
109836,0
109837,0
109838,0
109839,0
109840,0
109841,0
109842,0
109843,0
109844,0
109845,1
109846,0
109847,0
109848,0
109849,0
109850,0
109851,0
109852,0
109853,0
109854,0
109855,0
109856,0
109857,0
109858,0
109859,0
109860,0
109861,0
109862,0
109863,0
109864,0
109865,0
109866,0
109867,1
109868,0
109869,0
109870,0
109871,0
109872,0
109873,0
109874,0
109875,0
109876,1
109877,0
109878,0
109879,0
109880,0
109881,0
109882,0
109883,0
109884,0
109885,0
109886,0
109887,0
109888,0
109889,0
109890,0
109891,0
109892,0
109893,0
109894,0
109895,0
109896,0
109897,0
109898,0
109899,0
109900,0
109901,0
109902,0
109903,1
109904,0
109905,0
109906,0
109907,0
109908,0
109909,0
109910,0
109911,0
109912,0
109913,1
109914,1
109915,0
109916,0
109917,0
109918,0
109919,0
109920,0
109921,0
109922,0
109923,0
109924,0
109925,0
109926,0
109927,0
109928,0
109929,0
109930,0
109931,0
109932,0
109933,0
109934,0
109935,0
109936,0
109937,0
109938,0
109939,0
109940,0
109941,0
109942,0
109943,0
109944,1
109945,0
109946,0
109947,0
109948,1
109949,0
109950,0
109951,0
109952,1
109953,0
109954,0
109955,0
109956,0
109957,1
109958,0
109959,1
109960,0
109961,0
109962,0
109963,1
109964,0
109965,0
109966,0
109967,0
109968,1
109969,1
109970,1
109971,0
109972,0
109973,0
109974,0
109975,0
109976,0
109977,1
109978,0
109979,1
109980,0
109981,1
109982,1
109983,1
109984,1
109985,0
109986,0
109987,0
109988,1
109989,0
109990,0
109991,0
109992,0
109993,0
109994,0
109995,1
109996,1
109997,1
109998,0
109999,0
110000,0
110001,0
110002,0
110003,0
110004,0
110005,0
110006,1
110007,0
110008,0
110009,0
110010,0
110011,0
110012,0
110013,0
110014,1
110015,0
110016,0
110017,0
110018,0
110019,0
110020,0
110021,0
110022,0
110023,0
110024,0
110025,0
110026,0
110027,0
110028,1
110029,0
110030,1
110031,0
110032,0
110033,0
110034,0
110035,0
110036,0
110037,0
110038,0
110039,1
110040,0
110041,0
110042,0
110043,0
110044,0
110045,1
110046,0
110047,0
110048,0
110049,0
110050,0
110051,0
110052,0
110053,0
110054,0
110055,0
110056,0
110057,0
110058,0
110059,0
110060,0
110061,0
110062,0
110063,0
110064,0
110065,0
110066,0
110067,0
110068,0
110069,0
110070,0
110071,0
110072,0
110073,0
110074,0
110075,1
110076,0
110077,0
110078,0
110079,0
110080,0
110081,0
110082,0
110083,0
110084,0
110085,0
110086,0
110087,0
110088,0
110089,0
110090,0
110091,0
110092,0
110093,0
110094,0
110095,0
110096,0
110097,0
110098,0
110099,0
110100,0
110101,0
110102,1
110103,0
110104,1
110105,0
110106,0
110107,1
110108,0
110109,1
110110,0
110111,0
110112,0
110113,0
110114,0
110115,0
110116,0
110117,0
110118,1
110119,0
110120,0
110121,0
110122,0
110123,0
110124,0
110125,0
110126,0
110127,0
110128,0
110129,0
110130,0
110131,0
110132,0
110133,0
110134,0
110135,0
110136,0
110137,0
110138,1
110139,0
110140,0
110141,1
110142,0
110143,0
110144,0
110145,0
110146,0
110147,0
110148,0
110149,0
110150,1
110151,0
110152,0
110153,1
110154,0
110155,0
110156,0
110157,0
110158,0
110159,0
110160,0
110161,0
110162,0
110163,0
110164,0
110165,1
110166,0
110167,0
110168,0
110169,1
110170,0
110171,1
110172,0
110173,1
110174,1
110175,0
110176,0
110177,1
110178,0
110179,0
110180,0
110181,0
110182,1
110183,0
110184,0
110185,0
110186,0
110187,0
110188,0
110189,0
110190,0
110191,0
110192,0
110193,0
110194,0
110195,0
110196,0
110197,0
110198,0
110199,0
110200,0
110201,0
110202,0
110203,1
110204,0
110205,0
110206,0
110207,0
110208,1
110209,1
110210,0
110211,0
110212,0
110213,0
110214,0
110215,0
110216,1
110217,0
110218,0
110219,0
110220,0
110221,0
110222,0
110223,0
110224,0
110225,0
110226,0
110227,0
110228,0
110229,0
110230,0
110231,0
110232,0
110233,1
110234,0
110235,0
110236,0
110237,0
110238,0
110239,0
110240,0
110241,0
110242,0
110243,0
110244,0
110245,0
110246,1
110247,0
110248,0
110249,0
110250,0
110251,0
110252,0
110253,0
110254,0
110255,0
110256,0
110257,0
110258,0
110259,0
110260,0
110261,0
110262,0
110263,1
110264,0
110265,0
110266,0
110267,0
110268,0
110269,0
110270,0
110271,0
110272,0
110273,0
110274,0
110275,1
110276,0
110277,0
110278,0
110279,0
110280,0
110281,0
110282,1
110283,1
110284,0
110285,0
110286,0
110287,0
110288,0
110289,0
110290,0
110291,0
110292,0
110293,0
110294,0
110295,0
110296,0
110297,1
110298,0
110299,0
110300,0
110301,0
110302,0
110303,0
110304,0
110305,0
110306,1
110307,0
110308,0
110309,1
110310,0
110311,0
110312,0
110313,0
110314,0
110315,0
110316,0
110317,0
110318,0
110319,0
110320,1
110321,0
110322,0
110323,0
110324,0
110325,1
110326,0
110327,0
110328,0
110329,0
110330,0
110331,0
110332,0
110333,0
110334,0
110335,0
110336,0
110337,0
110338,0
110339,0
110340,0
110341,1
110342,0
110343,0
110344,0
110345,0
110346,0
110347,0
110348,0
110349,0
110350,0
110351,0
110352,0
110353,0
110354,0
110355,0
110356,0
110357,0
110358,0
110359,0
110360,0
110361,0
110362,0
110363,0
110364,0
110365,0
110366,1
110367,0
110368,1
110369,0
110370,0
110371,0
110372,0
110373,0
110374,0
110375,0
110376,0
110377,0
110378,0
110379,0
110380,0
110381,0
110382,0
110383,1
110384,1
110385,0
110386,0
110387,0
110388,0
110389,0
110390,0
110391,0
110392,0
110393,0
110394,0
110395,0
110396,0
110397,0
110398,1
110399,0
110400,0
110401,0
110402,0
110403,0
110404,0
110405,0
110406,0
110407,0
110408,0
110409,0
110410,0
110411,0
110412,1
110413,0
110414,0
110415,1
110416,0
110417,0
110418,0
110419,0
110420,0
110421,0
110422,1
110423,0
110424,0
110425,0
110426,0
110427,0
110428,0
110429,0
110430,0
110431,0
110432,0
110433,0
110434,0
110435,1
110436,0
110437,0
110438,0
110439,0
110440,0
110441,0
110442,0
110443,0
110444,1
110445,0
110446,0
110447,0
110448,0
110449,0
110450,0
110451,0
110452,0
110453,0
110454,0
110455,0
110456,0
110457,1
110458,0
110459,0
110460,0
110461,0
110462,0
110463,1
110464,0
110465,0
110466,0
110467,0
110468,0
110469,0
110470,0
110471,0
110472,0
110473,0
110474,0
110475,0
110476,0
110477,0
110478,0
110479,1
110480,0
110481,0
110482,0
110483,1
110484,0
110485,1
110486,0
110487,0
110488,0
110489,0
110490,0
110491,0
110492,0
110493,0
110494,0
110495,0
110496,0
110497,0
110498,1
110499,0
110500,0
110501,0
110502,0
110503,0
110504,0
110505,0
110506,0
110507,0
110508,0
110509,0
110510,0
110511,0
110512,0
110513,0
110514,1
110515,0
110516,0
110517,1
110518,0
110519,0
110520,0
110521,1
110522,0
110523,1
110524,0
110525,1
110526,0
110527,0
110528,0
110529,0
110530,0
110531,0
110532,1
110533,0
110534,0
110535,0
110536,0
110537,0
110538,0
110539,1
110540,1
110541,0
110542,0
110543,0
110544,0
110545,1
110546,0
110547,0
110548,0
110549,0
110550,0
110551,0
110552,0
110553,0
110554,0
110555,0
110556,0
110557,0
110558,1
110559,0
110560,0
110561,0
110562,0
110563,0
110564,0
110565,0
110566,0
110567,0
110568,0
110569,0
110570,0
110571,0
110572,0
110573,0
110574,1
110575,0
110576,0
110577,0
110578,0
110579,0
110580,0
110581,0
110582,0
110583,0
110584,0
110585,0
110586,0
110587,0
110588,0
110589,0
110590,0
110591,1
110592,0
110593,1
110594,0
110595,0
110596,0
110597,0
110598,0
110599,0
110600,0
110601,0
110602,0
110603,0
110604,0
110605,0
110606,1
110607,0
110608,0
110609,0
110610,0
110611,0
110612,0
110613,0
110614,0
110615,0
110616,0
110617,0
110618,1
110619,0
110620,1
110621,0
110622,1
110623,0
110624,1
110625,0
110626,0
110627,0
110628,0
110629,0
110630,0
110631,0
110632,0
110633,1
110634,0
110635,0
110636,0
110637,0
110638,0
110639,0
110640,0
110641,0
110642,0
110643,0
110644,0
110645,0
110646,0
110647,0
110648,0
110649,0
110650,0
110651,1
110652,0
110653,0
110654,0
110655,1
110656,0
110657,1
110658,0
110659,1
110660,0
110661,0
110662,0
110663,0
110664,0
110665,0
110666,0
110667,0
110668,0
110669,0
110670,0
110671,0
110672,0
110673,0
110674,0
110675,1
110676,0
110677,0
110678,0
110679,0
110680,1
110681,1
110682,0
110683,1
110684,0
110685,0
110686,1
110687,0
110688,1
110689,1
110690,0
110691,0
110692,0
110693,0
110694,0
110695,0
110696,1
110697,0
110698,0
110699,0
110700,0
110701,0
110702,0
110703,0
110704,0
110705,0
110706,0
110707,1
110708,0
110709,1
110710,0
110711,0
110712,1
110713,0
110714,0
110715,0
110716,0
110717,0
110718,0
110719,0
110720,0
110721,1
110722,0
110723,0
110724,0
110725,0
110726,0
110727,0
110728,0
110729,0
110730,0
110731,0
110732,0
110733,0
110734,0
110735,0
110736,0
110737,0
110738,0
110739,1
110740,0
110741,0
110742,0
110743,1
110744,0
110745,0
110746,0
110747,0
110748,0
110749,0
110750,0
110751,0
110752,0
110753,0
110754,0
110755,0
110756,0
110757,0
110758,0
110759,0
110760,0
110761,0
110762,0
110763,1
110764,0
110765,1
110766,0
110767,0
110768,0
110769,0
110770,0
110771,0
110772,0
110773,0
110774,0
110775,0
110776,0
110777,0
110778,0
110779,0
110780,0
110781,0
110782,0
110783,0
110784,0
110785,0
110786,0
110787,0
110788,0
110789,0
110790,0
110791,1
110792,1
110793,0
110794,0
110795,0
110796,0
110797,0
110798,0
110799,0
110800,0
110801,0
110802,0
110803,0
110804,0
110805,0
110806,0
110807,0
110808,0
110809,0
110810,0
110811,0
110812,0
110813,0
110814,0
110815,0
110816,0
110817,0
110818,1
110819,0
110820,0
110821,0
110822,0
110823,0
110824,0
110825,0
110826,0
110827,0
110828,0
110829,0
110830,0
110831,0
110832,0
110833,0
110834,0
110835,0
110836,0
110837,0
110838,0
110839,0
110840,0
110841,0
110842,0
110843,0
110844,0
110845,1
110846,0
110847,0
110848,1
110849,0
110850,0
110851,0
110852,0
110853,0
110854,0
110855,0
110856,0
110857,0
110858,1
110859,0
110860,1
110861,1
110862,0
110863,0
110864,0
110865,0
110866,0
110867,0
110868,0
110869,0
110870,0
110871,0
110872,0
110873,0
110874,0
110875,0
110876,1
110877,0
110878,0
110879,1
110880,0
110881,0
110882,0
110883,0
110884,0
110885,0
110886,0
110887,0
110888,0
110889,0
110890,0
110891,0
110892,0
110893,0
110894,0
110895,0
110896,0
110897,0
110898,0
110899,0
110900,0
110901,0
110902,0
110903,1
110904,0
110905,0
110906,0
110907,0
110908,0
110909,0
110910,0
110911,0
110912,0
110913,0
110914,0
110915,1
110916,0
110917,0
110918,0
110919,0
110920,0
110921,0
110922,0
110923,1
110924,0
110925,0
110926,0
110927,0
110928,0
110929,0
110930,0
110931,1
110932,1
110933,0
110934,0
110935,0
110936,0
110937,0
110938,1
110939,0
110940,1
110941,0
110942,0
110943,0
110944,0
110945,0
110946,0
110947,0
110948,0
110949,0
110950,0
110951,1
110952,0
110953,0
110954,0
110955,0
110956,0
110957,1
110958,1
110959,0
110960,1
110961,0
110962,0
110963,1
110964,0
110965,0
110966,0
110967,0
110968,0
110969,0
110970,0
110971,0
110972,0
110973,0
110974,0
110975,0
110976,0
110977,0
110978,0
110979,0
110980,0
110981,0
110982,0
110983,1
110984,0
110985,0
110986,1
110987,1
110988,0
110989,0
110990,0
110991,0
110992,0
110993,0
110994,0
110995,0
110996,1
110997,0
110998,1
110999,0
111000,0
111001,1
111002,1
111003,0
111004,0
111005,0
111006,0
111007,0
111008,0
111009,0
111010,0
111011,0
111012,0
111013,0
111014,1
111015,0
111016,0
111017,0
111018,0
111019,0
111020,0
111021,0
111022,0
111023,0
111024,0
111025,0
111026,0
111027,0
111028,0
111029,0
111030,0
111031,0
111032,0
111033,1
111034,0
111035,0
111036,0
111037,0
111038,1
111039,0
111040,0
111041,0
111042,0
111043,0
111044,0
111045,0
111046,0
111047,0
111048,0
111049,0
111050,0
111051,0
111052,0
111053,0
111054,0
111055,0
111056,0
111057,0
111058,0
111059,0
111060,0
111061,0
111062,0
111063,0
111064,0
111065,0
111066,0
111067,0
111068,0
111069,0
111070,0
111071,0
111072,0
111073,0
111074,0
111075,0
111076,0
111077,0
111078,0
111079,0
111080,0
111081,0
111082,0
111083,0
111084,0
111085,0
111086,0
111087,0
111088,0
111089,0
111090,1
111091,0
111092,0
111093,0
111094,1
111095,0
111096,0
111097,0
111098,0
111099,0
111100,0
111101,0
111102,0
111103,0
111104,0
111105,0
111106,0
111107,1
111108,0
111109,0
111110,0
111111,0
111112,1
111113,0
111114,0
111115,0
111116,0
111117,0
111118,0
111119,0
111120,0
111121,0
111122,0
111123,0
111124,0
111125,0
111126,0
111127,0
111128,0
111129,0
111130,0
111131,0
111132,0
111133,0
111134,0
111135,0
111136,0
111137,0
111138,0
111139,0
111140,1
111141,1
111142,0
111143,0
111144,0
111145,0
111146,0
111147,0
111148,0
111149,0
111150,0
111151,0
111152,0
111153,1
111154,0
111155,0
111156,0
111157,0
111158,0
111159,0
111160,1
111161,0
111162,0
111163,0
111164,0
111165,0
111166,0
111167,0
111168,0
111169,1
111170,0
111171,0
111172,0
111173,0
111174,1
111175,0
111176,0
111177,0
111178,0
111179,0
111180,1
111181,0
111182,0
111183,0
111184,0
111185,0
111186,0
111187,1
111188,0
111189,0
111190,0
111191,1
111192,0
111193,0
111194,0
111195,0
111196,0
111197,0
111198,0
111199,0
111200,0
111201,0
111202,0
111203,0
111204,1
111205,1
111206,0
111207,0
111208,0
111209,0
111210,0
111211,0
111212,0
111213,0
111214,0
111215,0
111216,0
111217,0
111218,0
111219,0
111220,0
111221,0
111222,0
111223,1
111224,0
111225,0
111226,0
111227,0
111228,0
111229,0
111230,0
111231,0
111232,0
111233,0
111234,0
111235,0
111236,0
111237,1
111238,0
111239,0
111240,0
111241,0
111242,0
111243,1
111244,0
111245,0
111246,0
111247,0
111248,0
111249,0
111250,1
111251,0
111252,0
111253,0
111254,0
111255,0
111256,0
111257,0
111258,0
111259,0
111260,0
111261,0
111262,0
111263,0
111264,0
111265,0
111266,1
111267,0
111268,0
111269,1
111270,0
111271,0
111272,0
111273,0
111274,0
111275,1
111276,0
111277,0
111278,0
111279,0
111280,0
111281,0
111282,0
111283,0
111284,0
111285,0
111286,1
111287,0
111288,0
111289,0
111290,0
111291,0
111292,0
111293,0
111294,0
111295,0
111296,0
111297,1
111298,0
111299,0
111300,0
111301,0
111302,0
111303,0
111304,0
111305,0
111306,1
111307,0
111308,0
111309,0
111310,0
111311,0
111312,0
111313,0
111314,0
111315,0
111316,0
111317,0
111318,0
111319,1
111320,0
111321,0
111322,0
111323,0
111324,1
111325,0
111326,0
111327,0
111328,0
111329,0
111330,0
111331,0
111332,0
111333,0
111334,0
111335,0
111336,0
111337,1
111338,0
111339,1
111340,0
111341,0
111342,0
111343,1
111344,0
111345,0
111346,0
111347,0
111348,0
111349,0
111350,0
111351,0
111352,0
111353,0
111354,0
111355,0
111356,0
111357,0
111358,0
111359,0
111360,0
111361,1
111362,0
111363,0
111364,0
111365,0
111366,0
111367,0
111368,0
111369,0
111370,0
111371,0
111372,0
111373,0
111374,0
111375,0
111376,0
111377,0
111378,0
111379,0
111380,0
111381,0
111382,0
111383,0
111384,0
111385,0
111386,1
111387,0
111388,0
111389,0
111390,0
111391,0
111392,0
111393,0
111394,0
111395,0
111396,0
111397,0
111398,0
111399,1
111400,0
111401,1
111402,0
111403,0
111404,0
111405,0
111406,0
111407,0
111408,1
111409,1
111410,1
111411,0
111412,0
111413,0
111414,0
111415,0
111416,0
111417,0
111418,0
111419,0
111420,1
111421,1
111422,0
111423,0
111424,0
111425,0
111426,0
111427,0
111428,0
111429,0
111430,0
111431,0
111432,0
111433,0
111434,1
111435,0
111436,0
111437,0
111438,1
111439,1
111440,1
111441,0
111442,0
111443,0
111444,0
111445,1
111446,0
111447,0
111448,0
111449,0
111450,0
111451,0
111452,0
111453,0
111454,0
111455,1
111456,0
111457,0
111458,0
111459,1
111460,0
111461,0
111462,0
111463,0
111464,0
111465,0
111466,0
111467,0
111468,0
111469,0
111470,0
111471,0
111472,0
111473,0
111474,0
111475,0
111476,0
111477,0
111478,0
111479,0
111480,0
111481,0
111482,0
111483,0
111484,0
111485,0
111486,0
111487,0
111488,0
111489,0
111490,0
111491,1
111492,0
111493,0
111494,0
111495,0
111496,0
111497,0
111498,0
111499,0
111500,0
111501,0
111502,0
111503,0
111504,0
111505,0
111506,0
111507,0
111508,0
111509,1
111510,0
111511,0
111512,0
111513,0
111514,0
111515,0
111516,0
111517,0
111518,1
111519,0
111520,1
111521,0
111522,0
111523,0
111524,0
111525,0
111526,0
111527,0
111528,0
111529,0
111530,0
111531,0
111532,0
111533,0
111534,0
111535,0
111536,0
111537,0
111538,0
111539,1
111540,0
111541,0
111542,1
111543,0
111544,0
111545,0
111546,0
111547,0
111548,0
111549,0
111550,0
111551,0
111552,0
111553,0
111554,0
111555,1
111556,0
111557,1
111558,0
111559,0
111560,0
111561,1
111562,0
111563,0
111564,0
111565,0
111566,0
111567,0
111568,0
111569,0
111570,0
111571,0
111572,1
111573,0
111574,0
111575,0
111576,0
111577,0
111578,0
111579,1
111580,0
111581,1
111582,0
111583,0
111584,0
111585,0
111586,0
111587,0
111588,0
111589,1
111590,0
111591,0
111592,0
111593,0
111594,0
111595,0
111596,0
111597,1
111598,0
111599,0
111600,0
111601,0
111602,0
111603,0
111604,0
111605,0
111606,0
111607,1
111608,0
111609,1
111610,0
111611,1
111612,0
111613,0
111614,1
111615,1
111616,1
111617,0
111618,1
111619,0
111620,0
111621,0
111622,0
111623,0
111624,0
111625,0
111626,0
111627,1
111628,0
111629,0
111630,0
111631,0
111632,0
111633,0
111634,0
111635,0
111636,0
111637,1
111638,0
111639,0
111640,0
111641,0
111642,0
111643,0
111644,0
111645,0
111646,0
111647,0
111648,1
111649,0
111650,0
111651,1
111652,0
111653,0
111654,0
111655,1
111656,0
111657,0
111658,1
111659,0
111660,0
111661,0
111662,0
111663,0
111664,0
111665,0
111666,0
111667,0
111668,0
111669,0
111670,0
111671,0
111672,0
111673,0
111674,0
111675,0
111676,1
111677,0
111678,0
111679,0
111680,1
111681,0
111682,0
111683,0
111684,0
111685,1
111686,0
111687,0
111688,0
111689,0
111690,0
111691,0
111692,0
111693,0
111694,1
111695,0
111696,0
111697,0
111698,0
111699,0
111700,0
111701,0
111702,0
111703,0
111704,0
111705,0
111706,1
111707,0
111708,0
111709,0
111710,0
111711,0
111712,0
111713,0
111714,0
111715,0
111716,0
111717,0
111718,0
111719,0
111720,0
111721,1
111722,0
111723,0
111724,0
111725,1
111726,0
111727,0
111728,0
111729,0
111730,1
111731,1
111732,0
111733,1
111734,0
111735,1
111736,0
111737,0
111738,0
111739,0
111740,0
111741,0
111742,0
111743,0
111744,0
111745,0
111746,0
111747,0
111748,0
111749,0
111750,0
111751,0
111752,0
111753,0
111754,0
111755,0
111756,0
111757,0
111758,0
111759,0
111760,0
111761,0
111762,0
111763,0
111764,1
111765,0
111766,0
111767,0
111768,0
111769,0
111770,0
111771,0
111772,0
111773,0
111774,0
111775,1
111776,0
111777,0
111778,0
111779,0
111780,0
111781,0
111782,0
111783,1
111784,0
111785,0
111786,1
111787,0
111788,0
111789,0
111790,0
111791,0
111792,0
111793,0
111794,0
111795,0
111796,0
111797,0
111798,0
111799,0
111800,0
111801,0
111802,0
111803,0
111804,0
111805,0
111806,0
111807,0
111808,1
111809,0
111810,0
111811,0
111812,0
111813,0
111814,0
111815,0
111816,0
111817,0
111818,0
111819,0
111820,0
111821,0
111822,0
111823,0
111824,0
111825,0
111826,0
111827,0
111828,0
111829,0
111830,0
111831,0
111832,0
111833,0
111834,0
111835,0
111836,0
111837,0
111838,1
111839,0
111840,0
111841,0
111842,1
111843,0
111844,0
111845,0
111846,0
111847,0
111848,1
111849,0
111850,0
111851,1
111852,0
111853,0
111854,0
111855,0
111856,0
111857,0
111858,0
111859,0
111860,0
111861,1
111862,0
111863,0
111864,0
111865,0
111866,0
111867,0
111868,0
111869,0
111870,1
111871,1
111872,0
111873,0
111874,0
111875,0
111876,0
111877,0
111878,0
111879,1
111880,0
111881,0
111882,0
111883,0
111884,0
111885,0
111886,1
111887,0
111888,0
111889,0
111890,0
111891,0
111892,0
111893,0
111894,0
111895,0
111896,0
111897,0
111898,0
111899,0
111900,0
111901,0
111902,0
111903,1
111904,0
111905,0
111906,0
111907,0
111908,0
111909,1
111910,1
111911,0
111912,0
111913,0
111914,1
111915,0
111916,0
111917,0
111918,0
111919,1
111920,0
111921,0
111922,0
111923,0
111924,0
111925,0
111926,0
111927,0
111928,0
111929,0
111930,0
111931,0
111932,0
111933,0
111934,0
111935,0
111936,1
111937,0
111938,1
111939,1
111940,0
111941,0
111942,0
111943,0
111944,0
111945,0
111946,0
111947,1
111948,0
111949,0
111950,1
111951,1
111952,0
111953,0
111954,0
111955,1
111956,1
111957,1
111958,0
111959,0
111960,0
111961,0
111962,0
111963,0
111964,0
111965,0
111966,0
111967,0
111968,0
111969,0
111970,0
111971,0
111972,1
111973,0
111974,0
111975,0
111976,0
111977,0
111978,0
111979,0
111980,0
111981,0
111982,0
111983,0
111984,1
111985,0
111986,0
111987,0
111988,0
111989,1
111990,0
111991,0
111992,0
111993,1
111994,0
111995,0
111996,0
111997,0
111998,0
111999,0
112000,0
112001,0
112002,0
112003,0
112004,0
112005,0
112006,0
112007,0
112008,0
112009,0
112010,0
112011,0
112012,0
112013,0
112014,0
112015,0
112016,0
112017,0
112018,0
112019,0
112020,0
112021,0
112022,0
112023,0
112024,0
112025,0
112026,0
112027,0
112028,0
112029,0
112030,0
112031,0
112032,0
112033,0
112034,0
112035,0
112036,0
112037,0
112038,0
112039,0
112040,0
112041,0
112042,0
112043,0
112044,0
112045,0
112046,1
112047,0
112048,0
112049,0
112050,0
112051,0
112052,0
112053,1
112054,0
112055,0
112056,0
112057,0
112058,0
112059,0
112060,1
112061,0
112062,1
112063,0
112064,0
112065,0
112066,0
112067,0
112068,0
112069,0
112070,0
112071,0
112072,0
112073,0
112074,0
112075,0
112076,0
112077,0
112078,0
112079,0
112080,0
112081,0
112082,0
112083,0
112084,0
112085,0
112086,0
112087,0
112088,0
112089,0
112090,0
112091,1
112092,0
112093,0
112094,0
112095,0
112096,0
112097,0
112098,0
112099,0
112100,1
112101,0
112102,1
112103,0
112104,0
112105,0
112106,0
112107,0
112108,0
112109,1
112110,0
112111,1
112112,0
112113,0
112114,0
112115,0
112116,0
112117,0
112118,0
112119,0
112120,0
112121,0
112122,0
112123,0
112124,0
112125,0
112126,0
112127,0
112128,0
112129,0
112130,0
112131,0
112132,0
112133,0
112134,0
112135,0
112136,0
112137,0
112138,0
112139,0
112140,0
112141,0
112142,1
112143,0
112144,0
112145,0
112146,0
112147,0
112148,0
112149,0
112150,0
112151,0
112152,1
112153,1
112154,0
112155,0
112156,0
112157,0
112158,1
112159,0
112160,0
112161,0
112162,0
112163,0
112164,0
112165,0
112166,0
112167,1
112168,0
112169,1
112170,0
112171,0
112172,0
112173,0
112174,0
112175,0
112176,0
112177,0
112178,0
112179,0
112180,1
112181,0
112182,0
112183,0
112184,0
112185,0
112186,1
112187,0
112188,0
112189,1
112190,0
112191,0
112192,0
112193,0
112194,0
112195,0
112196,0
112197,0
112198,0
112199,1
112200,0
112201,0
112202,0
112203,0
112204,0
112205,0
112206,1
112207,0
112208,0
112209,1
112210,0
112211,0
112212,0
112213,0
112214,0
112215,0
112216,1
112217,0
112218,0
112219,0
112220,1
112221,0
112222,0
112223,0
112224,0
112225,1
112226,0
112227,1
112228,0
112229,0
112230,1
112231,1
112232,0
112233,0
112234,1
112235,0
112236,0
112237,0
112238,0
112239,1
112240,0
112241,0
112242,0
112243,0
112244,0
112245,0
112246,0
112247,0
112248,0
112249,0
112250,0
112251,1
112252,0
112253,1
112254,0
112255,0
112256,0
112257,0
112258,1
112259,0
112260,1
112261,0
112262,0
112263,0
112264,0
112265,0
112266,0
112267,1
112268,0
112269,0
112270,0
112271,0
112272,0
112273,0
112274,0
112275,0
112276,0
112277,0
112278,1
112279,0
112280,0
112281,0
112282,0
112283,0
112284,0
112285,0
112286,0
112287,0
112288,0
112289,0
112290,0
112291,0
112292,1
112293,0
112294,0
112295,0
112296,0
112297,0
112298,0
112299,0
112300,1
112301,0
112302,0
112303,0
112304,0
112305,1
112306,0
112307,0
112308,0
112309,0
112310,0
112311,0
112312,1
112313,0
112314,0
112315,0
112316,0
112317,0
112318,0
112319,1
112320,0
112321,1
112322,0
112323,0
112324,0
112325,0
112326,0
112327,0
112328,0
112329,0
112330,0
112331,0
112332,0
112333,0
112334,0
112335,0
112336,0
112337,0
112338,0
112339,0
112340,0
112341,0
112342,0
112343,0
112344,0
112345,0
112346,0
112347,0
112348,0
112349,0
112350,0
112351,0
112352,0
112353,0
112354,0
112355,0
112356,0
112357,0
112358,1
112359,0
112360,0
112361,0
112362,0
112363,0
112364,1
112365,0
112366,0
112367,0
112368,0
112369,0
112370,1
112371,0
112372,0
112373,0
112374,0
112375,0
112376,1
112377,0
112378,0
112379,0
112380,0
112381,0
112382,1
112383,0
112384,0
112385,0
112386,0
112387,0
112388,0
112389,0
112390,0
112391,0
112392,0
112393,0
112394,0
112395,0
112396,0
112397,0
112398,0
112399,0
112400,0
112401,0
112402,0
112403,0
112404,0
112405,0
112406,0
112407,1
112408,0
112409,0
112410,0
112411,0
112412,0
112413,0
112414,1
112415,1
112416,0
112417,0
112418,0
112419,1
112420,0
112421,0
112422,0
112423,0
112424,0
112425,1
112426,0
112427,0
112428,0
112429,0
112430,0
112431,0
112432,0
112433,0
112434,0
112435,0
112436,0
112437,0
112438,0
112439,0
112440,0
112441,1
112442,0
112443,0
112444,0
112445,0
112446,0
112447,0
112448,1
112449,0
112450,0
112451,0
112452,0
112453,0
112454,0
112455,0
112456,0
112457,0
112458,0
112459,0
112460,0
112461,0
112462,0
112463,0
112464,0
112465,0
112466,1
112467,0
112468,0
112469,0
112470,0
112471,0
112472,0
112473,0
112474,0
112475,0
112476,0
112477,1
112478,0
112479,0
112480,0
112481,0
112482,0
112483,0
112484,0
112485,0
112486,0
112487,0
112488,0
112489,0
112490,0
112491,0
112492,0
112493,1
112494,0
112495,0
112496,0
112497,0
112498,0
112499,0
112500,0
112501,0
112502,1
112503,0
112504,0
112505,0
112506,0
112507,0
112508,0
112509,0
112510,0
112511,0
112512,0
112513,0
112514,0
112515,0
112516,0
112517,0
112518,0
112519,0
112520,0
112521,0
112522,0
112523,0
112524,1
112525,0
112526,0
112527,0
112528,0
112529,0
112530,1
112531,0
112532,0
112533,0
112534,0
112535,0
112536,0
112537,0
112538,0
112539,0
112540,0
112541,0
112542,0
112543,1
112544,0
112545,0
112546,0
112547,1
112548,0
112549,0
112550,0
112551,0
112552,0
112553,0
112554,1
112555,0
112556,1
112557,0
112558,0
112559,1
112560,0
112561,1
112562,1
112563,0
112564,1
112565,0
112566,0
112567,0
112568,0
112569,0
112570,0
112571,0
112572,0
112573,0
112574,1
112575,0
112576,0
112577,0
112578,0
112579,0
112580,0
112581,0
112582,0
112583,0
112584,0
112585,0
112586,0
112587,0
112588,0
112589,0
112590,0
112591,0
112592,0
112593,0
112594,0
112595,0
112596,0
112597,0
112598,0
112599,1
112600,0
112601,0
112602,0
112603,0
112604,0
112605,0
112606,0
112607,0
112608,0
112609,1
112610,0
112611,0
112612,0
112613,0
112614,0
112615,0
112616,0
112617,0
112618,0
112619,0
112620,0
112621,0
112622,0
112623,0
112624,0
112625,0
112626,0
112627,0
112628,0
112629,0
112630,0
112631,0
112632,0
112633,0
112634,0
112635,0
112636,1
112637,0
112638,1
112639,1
112640,0
112641,0
112642,0
112643,0
112644,0
112645,1
112646,0
112647,0
112648,0
112649,0
112650,0
112651,1
112652,0
112653,0
112654,1
112655,1
112656,0
112657,0
112658,1
112659,0
112660,0
112661,0
112662,0
112663,0
112664,0
112665,1
112666,0
112667,0
112668,0
112669,0
112670,0
112671,0
112672,0
112673,0
112674,0
112675,0
112676,0
112677,0
112678,0
112679,0
112680,0
112681,0
112682,0
112683,0
112684,0
112685,0
112686,0
112687,0
112688,0
112689,0
112690,0
112691,0
112692,0
112693,0
112694,0
112695,0
112696,1
112697,0
112698,0
112699,0
112700,0
112701,0
112702,0
112703,0
112704,0
112705,0
112706,0
112707,0
112708,0
112709,0
112710,0
112711,0
112712,0
112713,0
112714,0
112715,0
112716,0
112717,0
112718,0
112719,0
112720,0
112721,1
112722,0
112723,1
112724,1
112725,0
112726,0
112727,0
112728,0
112729,0
112730,0
112731,0
112732,0
112733,0
112734,0
112735,0
112736,1
112737,0
112738,0
112739,0
112740,0
112741,0
112742,0
112743,0
112744,0
112745,0
112746,0
112747,0
112748,0
112749,0
112750,0
112751,0
112752,0
112753,0
112754,0
112755,0
112756,0
112757,0
112758,0
112759,0
112760,0
112761,0
112762,0
112763,0
112764,0
112765,0
112766,1
112767,0
112768,0
112769,1
112770,0
112771,0
112772,0
112773,1
112774,0
112775,0
112776,0
112777,0
112778,0
112779,1
112780,0
112781,0
112782,0
112783,0
112784,0
112785,0
112786,0
112787,0
112788,0
112789,1
112790,0
112791,0
112792,0
112793,0
112794,1
112795,0
112796,0
112797,0
112798,1
112799,0
112800,0
112801,0
112802,0
112803,0
112804,0
112805,0
112806,1
112807,1
112808,1
112809,0
112810,0
112811,0
112812,0
112813,1
112814,0
112815,0
112816,0
112817,0
112818,0
112819,0
112820,0
112821,0
112822,0
112823,0
112824,0
112825,0
112826,0
112827,0
112828,0
112829,0
112830,0
112831,0
112832,0
112833,0
112834,1
112835,0
112836,0
112837,0
112838,1
112839,0
112840,0
112841,0
112842,0
112843,0
112844,0
112845,0
112846,0
112847,0
112848,0
112849,0
112850,0
112851,0
112852,0
112853,0
112854,0
112855,0
112856,0
112857,0
112858,1
112859,0
112860,0
112861,0
112862,1
112863,0
112864,0
112865,0
112866,0
112867,1
112868,0
112869,0
112870,0
112871,0
112872,0
112873,0
112874,0
112875,0
112876,0
112877,0
112878,0
112879,0
112880,0
112881,0
112882,0
112883,1
112884,0
112885,0
112886,0
112887,0
112888,0
112889,0
112890,1
112891,0
112892,0
112893,0
112894,0
112895,0
112896,0
112897,0
112898,0
112899,0
112900,0
112901,0
112902,0
112903,0
112904,0
112905,0
112906,0
112907,1
112908,0
112909,0
112910,0
112911,0
112912,0
112913,0
112914,1
112915,0
112916,0
112917,0
112918,0
112919,0
112920,1
112921,0
112922,0
112923,0
112924,0
112925,0
112926,0
112927,0
112928,0
112929,1
112930,1
112931,0
112932,0
112933,1
112934,0
112935,1
112936,1
112937,0
112938,1
112939,0
112940,0
112941,0
112942,0
112943,0
112944,0
112945,1
112946,0
112947,0
112948,0
112949,0
112950,0
112951,0
112952,1
112953,0
112954,0
112955,0
112956,1
112957,0
112958,0
112959,0
112960,0
112961,0
112962,1
112963,0
112964,0
112965,0
112966,1
112967,0
112968,0
112969,0
112970,0
112971,0
112972,1
112973,0
112974,0
112975,0
112976,0
112977,0
112978,0
112979,0
112980,0
112981,0
112982,0
112983,0
112984,0
112985,0
112986,0
112987,0
112988,0
112989,0
112990,0
112991,0
112992,0
112993,0
112994,0
112995,0
112996,0
112997,0
112998,1
112999,0
113000,0
113001,0
113002,1
113003,0
113004,0
113005,0
113006,0
113007,0
113008,0
113009,0
113010,0
113011,0
113012,0
113013,0
113014,0
113015,1
113016,0
113017,0
113018,0
113019,0
113020,0
113021,0
113022,0
113023,0
113024,0
113025,0
113026,0
113027,0
113028,0
113029,0
113030,0
113031,1
113032,0
113033,0
113034,0
113035,0
113036,0
113037,0
113038,1
113039,0
113040,0
113041,0
113042,0
113043,0
113044,0
113045,0
113046,0
113047,0
113048,0
113049,0
113050,0
113051,0
113052,0
113053,0
113054,0
113055,0
113056,0
113057,0
113058,0
113059,0
113060,0
113061,0
113062,0
113063,0
113064,0
113065,0
113066,0
113067,0
113068,0
113069,0
113070,1
113071,0
113072,0
113073,0
113074,0
113075,0
113076,0
113077,0
113078,1
113079,0
113080,0
113081,0
113082,0
113083,0
113084,0
113085,0
113086,0
113087,0
113088,0
113089,0
113090,0
113091,0
113092,1
113093,0
113094,0
113095,0
113096,0
113097,0
113098,0
113099,0
113100,0
113101,0
113102,0
113103,0
113104,0
113105,0
113106,0
113107,0
113108,0
113109,0
113110,0
113111,0
113112,1
113113,0
113114,0
113115,0
113116,0
113117,0
113118,0
113119,1
113120,0
113121,0
113122,0
113123,0
113124,1
113125,0
113126,0
113127,0
113128,0
113129,0
113130,0
113131,1
113132,0
113133,0
113134,0
113135,0
113136,0
113137,0
113138,1
113139,0
113140,0
113141,0
113142,0
113143,0
113144,0
113145,1
113146,1
113147,0
113148,0
113149,0
113150,0
113151,0
113152,0
113153,0
113154,0
113155,0
113156,0
113157,0
113158,0
113159,0
113160,0
113161,0
113162,0
113163,0
113164,0
113165,0
113166,0
113167,0
113168,0
113169,0
113170,0
113171,1
113172,0
113173,0
113174,0
113175,0
113176,0
113177,0
113178,0
113179,0
113180,0
113181,0
113182,0
113183,0
113184,0
113185,0
113186,0
113187,0
113188,1
113189,0
113190,0
113191,0
113192,0
113193,0
113194,0
113195,0
113196,0
113197,0
113198,0
113199,0
113200,0
113201,0
113202,0
113203,0
113204,0
113205,0
113206,0
113207,0
113208,0
113209,0
113210,0
113211,0
113212,0
113213,0
113214,0
113215,0
113216,1
113217,0
113218,0
113219,0
113220,0
113221,0
113222,0
113223,0
113224,1
113225,0
113226,0
113227,0
113228,0
113229,0
113230,0
113231,0
113232,1
113233,0
113234,0
113235,0
113236,0
113237,1
113238,0
113239,0
113240,0
113241,0
113242,0
113243,0
113244,0
113245,0
113246,0
113247,0
113248,0
113249,0
113250,0
113251,0
113252,0
113253,0
113254,0
113255,1
113256,0
113257,0
113258,0
113259,0
113260,0
113261,0
113262,0
113263,0
113264,0
113265,0
113266,0
113267,0
113268,0
113269,0
113270,1
113271,0
113272,0
113273,0
113274,0
113275,0
113276,0
113277,0
113278,0
113279,1
113280,0
113281,1
113282,0
113283,0
113284,0
113285,1
113286,0
113287,0
113288,0
113289,0
113290,0
113291,1
113292,0
113293,0
113294,0
113295,0
113296,0
113297,0
113298,0
113299,0
113300,0
113301,0
113302,0
113303,0
113304,0
113305,1
113306,0
113307,1
113308,0
113309,0
113310,0
113311,0
113312,0
113313,0
113314,0
113315,0
113316,0
113317,0
113318,0
113319,0
113320,0
113321,0
113322,0
113323,0
113324,0
113325,0
113326,0
113327,1
113328,0
113329,0
113330,0
113331,0
113332,0
113333,0
113334,0
113335,0
113336,0
113337,1
113338,0
113339,0
113340,1
113341,0
113342,0
113343,0
113344,0
113345,0
113346,0
113347,0
113348,0
113349,0
113350,0
113351,0
113352,0
113353,0
113354,0
113355,0
113356,0
113357,1
113358,0
113359,1
113360,0
113361,0
113362,0
113363,0
113364,0
113365,0
113366,0
113367,0
113368,0
113369,1
113370,0
113371,0
113372,0
113373,0
113374,0
113375,0
113376,0
113377,0
113378,0
113379,0
113380,0
113381,0
113382,0
113383,0
113384,1
113385,0
113386,0
113387,0
113388,1
113389,0
113390,0
113391,0
113392,0
113393,0
113394,0
113395,0
113396,0
113397,0
113398,0
113399,0
113400,0
113401,0
113402,0
113403,1
113404,0
113405,0
113406,0
113407,0
113408,0
113409,0
113410,0
113411,0
113412,0
113413,0
113414,0
113415,0
113416,0
113417,1
113418,0
113419,0
113420,0
113421,0
113422,0
113423,0
113424,0
113425,0
113426,0
113427,0
113428,0
113429,0
113430,0
113431,0
113432,0
113433,1
113434,0
113435,0
113436,0
113437,0
113438,1
113439,0
113440,0
113441,0
113442,0
113443,0
113444,1
113445,0
113446,0
113447,0
113448,0
113449,0
113450,1
113451,1
113452,0
113453,1
113454,0
113455,0
113456,0
113457,0
113458,0
113459,0
113460,1
113461,0
113462,0
113463,0
113464,0
113465,0
113466,0
113467,0
113468,0
113469,0
113470,0
113471,1
113472,0
113473,0
113474,0
113475,0
113476,0
113477,0
113478,0
113479,0
113480,0
113481,0
113482,0
113483,0
113484,0
113485,0
113486,0
113487,0
113488,0
113489,0
113490,0
113491,0
113492,0
113493,0
113494,1
113495,0
113496,0
113497,0
113498,0
113499,0
113500,0
113501,0
113502,0
113503,0
113504,0
113505,0
113506,0
113507,0
113508,0
113509,0
113510,1
113511,1
113512,0
113513,0
113514,0
113515,0
113516,1
113517,0
113518,0
113519,0
113520,0
113521,0
113522,1
113523,0
113524,0
113525,0
113526,0
113527,0
113528,0
113529,0
113530,0
113531,0
113532,0
113533,0
113534,0
113535,0
113536,0
113537,0
113538,0
113539,0
113540,0
113541,0
113542,0
113543,0
113544,0
113545,0
113546,1
113547,0
113548,1
113549,0
113550,0
113551,0
113552,0
113553,0
113554,0
113555,0
113556,1
113557,0
113558,0
113559,0
113560,1
113561,0
113562,0
113563,0
113564,0
113565,0
113566,0
113567,0
113568,0
113569,0
113570,0
113571,0
113572,0
113573,0
113574,0
113575,1
113576,0
113577,0
113578,0
113579,0
113580,0
113581,0
113582,0
113583,0
113584,1
113585,0
113586,0
113587,0
113588,0
113589,0
113590,0
113591,0
113592,0
113593,0
113594,0
113595,0
113596,0
113597,0
113598,1
113599,0
113600,0
113601,0
113602,0
113603,0
113604,1
113605,1
113606,0
113607,1
113608,0
113609,0
113610,0
113611,0
113612,0
113613,0
113614,0
113615,1
113616,0
113617,0
113618,1
113619,0
113620,0
113621,0
113622,0
113623,0
113624,0
113625,0
113626,0
113627,0
113628,0
113629,0
113630,0
113631,0
113632,1
113633,0
113634,0
113635,0
113636,1
113637,0
113638,0
113639,0
113640,0
113641,1
113642,0
113643,1
113644,0
113645,0
113646,1
113647,1
113648,0
113649,0
113650,0
113651,0
113652,0
113653,0
113654,0
113655,0
113656,1
113657,0
113658,0
113659,0
113660,0
113661,0
113662,0
113663,0
113664,0
113665,0
113666,0
113667,1
113668,0
113669,0
113670,1
113671,0
113672,1
113673,0
113674,0
113675,0
113676,0
113677,1
113678,0
113679,0
113680,0
113681,0
113682,0
113683,1
113684,0
113685,0
113686,0
113687,0
113688,0
113689,0
113690,0
113691,1
113692,0
113693,0
113694,0
113695,0
113696,0
113697,0
113698,0
113699,0
113700,0
113701,0
113702,0
113703,0
113704,0
113705,0
113706,1
113707,0
113708,0
113709,0
113710,0
113711,0
113712,0
113713,0
113714,1
113715,0
113716,0
113717,0
113718,0
113719,0
113720,0
113721,0
113722,0
113723,0
113724,0
113725,0
113726,0
113727,0
113728,0
113729,1
113730,0
113731,0
113732,0
113733,0
113734,0
113735,0
113736,0
113737,0
113738,0
113739,0
113740,0
113741,0
113742,0
113743,0
113744,0
113745,0
113746,0
113747,0
113748,0
113749,1
113750,0
113751,0
113752,0
113753,1
113754,0
113755,0
113756,0
113757,0
113758,0
113759,1
113760,0
113761,0
113762,0
113763,0
113764,0
113765,0
113766,0
113767,0
113768,0
113769,0
113770,0
113771,0
113772,0
113773,0
113774,0
113775,0
113776,0
113777,0
113778,0
113779,0
113780,1
113781,0
113782,0
113783,0
113784,0
113785,1
113786,0
113787,0
113788,0
113789,0
113790,0
113791,0
113792,0
113793,1
113794,0
113795,0
113796,0
113797,0
113798,0
113799,0
113800,0
113801,0
113802,0
113803,0
113804,0
113805,0
113806,0
113807,1
113808,1
113809,0
113810,0
113811,0
113812,0
113813,0
113814,0
113815,0
113816,0
113817,0
113818,0
113819,1
113820,0
113821,0
113822,0
113823,0
113824,0
113825,0
113826,0
113827,1
113828,0
113829,0
113830,0
113831,0
113832,0
113833,0
113834,0
113835,0
113836,0
113837,0
113838,0
113839,0
113840,0
113841,0
113842,0
113843,0
113844,0
113845,0
113846,0
113847,0
113848,0
113849,0
113850,1
113851,0
113852,0
113853,0
113854,0
113855,0
113856,1
113857,0
113858,0
113859,0
113860,0
113861,0
113862,0
113863,0
113864,0
113865,0
113866,0
113867,0
113868,0
113869,0
113870,0
113871,0
113872,0
113873,0
113874,0
113875,0
113876,0
113877,0
113878,1
113879,0
113880,0
113881,0
113882,0
113883,0
113884,0
113885,0
113886,1
113887,0
113888,0
113889,0
113890,1
113891,0
113892,0
113893,0
113894,0
113895,0
113896,0
113897,0
113898,0
113899,1
113900,0
113901,0
113902,0
113903,1
113904,0
113905,0
113906,1
113907,0
113908,0
113909,1
113910,0
113911,0
113912,0
113913,0
113914,0
113915,0
113916,0
113917,0
113918,0
113919,0
113920,0
113921,0
113922,0
113923,0
113924,0
113925,1
113926,0
113927,0
113928,0
113929,0
113930,0
113931,0
113932,0
113933,0
113934,0
113935,0
113936,0
113937,0
113938,0
113939,0
113940,0
113941,0
113942,0
113943,0
113944,0
113945,0
113946,0
113947,0
113948,0
113949,1
113950,0
113951,0
113952,0
113953,0
113954,0
113955,0
113956,0
113957,1
113958,0
113959,0
113960,0
113961,0
113962,0
113963,1
113964,0
113965,0
113966,0
113967,1
113968,0
113969,0
113970,0
113971,0
113972,0
113973,0
113974,0
113975,0
113976,0
113977,0
113978,1
113979,0
113980,1
113981,0
113982,0
113983,0
113984,0
113985,0
113986,0
113987,0
113988,0
113989,0
113990,0
113991,1
113992,0
113993,0
113994,0
113995,0
113996,0
113997,0
113998,0
113999,0
114000,0
114001,0
114002,0
114003,0
114004,0
114005,0
114006,0
114007,0
114008,0
114009,0
114010,0
114011,0
114012,0
114013,0
114014,0
114015,0
114016,0
114017,0
114018,0
114019,0
114020,0
114021,0
114022,0
114023,0
114024,0
114025,0
114026,0
114027,0
114028,0
114029,0
114030,0
114031,0
114032,0
114033,0
114034,0
114035,0
114036,0
114037,0
114038,0
114039,0
114040,0
114041,0
114042,0
114043,1
114044,0
114045,0
114046,0
114047,0
114048,1
114049,0
114050,0
114051,0
114052,0
114053,0
114054,1
114055,0
114056,0
114057,0
114058,0
114059,0
114060,0
114061,0
114062,0
114063,0
114064,0
114065,0
114066,0
114067,0
114068,0
114069,0
114070,0
114071,0
114072,0
114073,0
114074,0
114075,0
114076,0
114077,0
114078,0
114079,0
114080,0
114081,0
114082,0
114083,0
114084,0
114085,0
114086,0
114087,1
114088,0
114089,0
114090,0
114091,0
114092,0
114093,0
114094,1
114095,0
114096,1
114097,0
114098,1
114099,0
114100,0
114101,0
114102,0
114103,0
114104,0
114105,0
114106,1
114107,0
114108,0
114109,0
114110,0
114111,0
114112,0
114113,0
114114,0
114115,0
114116,0
114117,0
114118,0
114119,0
114120,0
114121,0
114122,0
114123,0
114124,0
114125,0
114126,0
114127,0
114128,0
114129,0
114130,0
114131,0
114132,0
114133,0
114134,0
114135,0
114136,0
114137,0
114138,0
114139,0
114140,0
114141,1
114142,0
114143,0
114144,0
114145,0
114146,0
114147,0
114148,0
114149,1
114150,0
114151,0
114152,0
114153,0
114154,0
114155,0
114156,0
114157,0
114158,0
114159,0
114160,0
114161,0
114162,0
114163,0
114164,0
114165,0
114166,0
114167,0
114168,1
114169,0
114170,1
114171,0
114172,0
114173,0
114174,0
114175,0
114176,0
114177,0
114178,0
114179,0
114180,1
114181,0
114182,0
114183,0
114184,0
114185,0
114186,0
114187,0
114188,0
114189,0
114190,0
114191,0
114192,0
114193,0
114194,0
114195,0
114196,0
114197,0
114198,0
114199,0
114200,0
114201,0
114202,0
114203,1
114204,0
114205,0
114206,0
114207,0
114208,0
114209,0
114210,0
114211,0
114212,1
114213,1
114214,0
114215,0
114216,1
114217,1
114218,0
114219,1
114220,0
114221,0
114222,0
114223,0
114224,0
114225,0
114226,0
114227,1
114228,0
114229,0
114230,0
114231,0
114232,0
114233,0
114234,0
114235,0
114236,0
114237,1
114238,0
114239,0
114240,0
114241,0
114242,1
114243,0
114244,0
114245,0
114246,0
114247,0
114248,0
114249,0
114250,1
114251,1
114252,0
114253,0
114254,0
114255,0
114256,0
114257,0
114258,0
114259,0
114260,0
114261,0
114262,0
114263,0
114264,0
114265,0
114266,0
114267,0
114268,0
114269,0
114270,0
114271,0
114272,1
114273,0
114274,0
114275,0
114276,0
114277,0
114278,0
114279,0
114280,1
114281,0
114282,0
114283,0
114284,0
114285,0
114286,0
114287,0
114288,0
114289,0
114290,0
114291,0
114292,0
114293,1
114294,0
114295,0
114296,1
114297,1
114298,0
114299,0
114300,0
114301,0
114302,0
114303,1
114304,0
114305,0
114306,0
114307,0
114308,0
114309,0
114310,0
114311,0
114312,0
114313,0
114314,0
114315,0
114316,0
114317,0
114318,0
114319,0
114320,1
114321,0
114322,0
114323,0
114324,0
114325,0
114326,1
114327,0
114328,0
114329,0
114330,0
114331,0
114332,0
114333,1
114334,0
114335,0
114336,0
114337,0
114338,0
114339,0
114340,0
114341,0
114342,0
114343,0
114344,0
114345,0
114346,0
114347,0
114348,0
114349,0
114350,0
114351,0
114352,1
114353,0
114354,0
114355,0
114356,0
114357,0
114358,0
114359,1
114360,0
114361,0
114362,0
114363,0
114364,0
114365,0
114366,0
114367,0
114368,0
114369,0
114370,0
114371,0
114372,0
114373,0
114374,0
114375,0
114376,0
114377,0
114378,0
114379,0
114380,0
114381,1
114382,0
114383,0
114384,0
114385,0
114386,0
114387,0
114388,0
114389,0
114390,1
114391,0
114392,1
114393,1
114394,0
114395,0
114396,0
114397,0
114398,1
114399,0
114400,1
114401,0
114402,0
114403,0
114404,1
114405,0
114406,0
114407,0
114408,0
114409,0
114410,0
114411,0
114412,0
114413,0
114414,0
114415,1
114416,0
114417,0
114418,0
114419,0
114420,0
114421,0
114422,0
114423,0
114424,0
114425,0
114426,0
114427,0
114428,0
114429,0
114430,0
114431,0
114432,0
114433,0
114434,0
114435,0
114436,0
114437,0
114438,0
114439,0
114440,0
114441,0
114442,0
114443,0
114444,0
114445,0
114446,0
114447,0
114448,0
114449,0
114450,1
114451,0
114452,1
114453,0
114454,0
114455,0
114456,0
114457,0
114458,1
114459,0
114460,0
114461,1
114462,0
114463,0
114464,1
114465,0
114466,0
114467,0
114468,0
114469,0
114470,0
114471,0
114472,0
114473,0
114474,0
114475,1
114476,0
114477,0
114478,1
114479,0
114480,1
114481,0
114482,0
114483,0
114484,0
114485,0
114486,0
114487,1
114488,0
114489,0
114490,0
114491,0
114492,0
114493,0
114494,0
114495,0
114496,0
114497,1
114498,0
114499,0
114500,0
114501,0
114502,0
114503,0
114504,0
114505,0
114506,0
114507,1
114508,0
114509,0
114510,0
114511,0
114512,1
114513,1
114514,0
114515,0
114516,0
114517,0
114518,0
114519,0
114520,0
114521,0
114522,0
114523,0
114524,1
114525,1
114526,0
114527,0
114528,0
114529,1
114530,1
114531,0
114532,0
114533,0
114534,0
114535,0
114536,0
114537,0
114538,0
114539,0
114540,0
114541,0
114542,0
114543,0
114544,0
114545,0
114546,0
114547,0
114548,0
114549,0
114550,0
114551,0
114552,0
114553,0
114554,0
114555,0
114556,0
114557,0
114558,0
114559,0
114560,0
114561,0
114562,1
114563,0
114564,0
114565,0
114566,0
114567,0
114568,1
114569,0
114570,0
114571,0
114572,0
114573,0
114574,0
114575,0
114576,0
114577,0
114578,0
114579,0
114580,0
114581,0
114582,1
114583,0
114584,0
114585,0
114586,0
114587,0
114588,0
114589,1
114590,0
114591,0
114592,0
114593,0
114594,0
114595,0
114596,0
114597,1
114598,0
114599,0
114600,0
114601,0
114602,0
114603,0
114604,0
114605,1
114606,0
114607,0
114608,0
114609,0
114610,0
114611,0
114612,0
114613,0
114614,0
114615,0
114616,0
114617,0
114618,0
114619,0
114620,1
114621,0
114622,0
114623,0
114624,0
114625,1
114626,0
114627,1
114628,0
114629,0
114630,0
114631,0
114632,0
114633,0
114634,0
114635,0
114636,0
114637,0
114638,0
114639,1
114640,0
114641,0
114642,0
114643,0
114644,0
114645,0
114646,0
114647,0
114648,0
114649,0
114650,0
114651,0
114652,0
114653,0
114654,0
114655,0
114656,0
114657,1
114658,0
114659,0
114660,0
114661,0
114662,0
114663,0
114664,0
114665,0
114666,0
114667,0
114668,0
114669,1
114670,0
114671,0
114672,1
114673,0
114674,0
114675,1
114676,1
114677,1
114678,0
114679,0
114680,1
114681,1
114682,0
114683,0
114684,0
114685,0
114686,0
114687,0
114688,0
114689,0
114690,0
114691,0
114692,0
114693,0
114694,0
114695,0
114696,1
114697,0
114698,0
114699,0
114700,0
114701,0
114702,0
114703,0
114704,0
114705,0
114706,0
114707,0
114708,0
114709,0
114710,0
114711,0
114712,0
114713,0
114714,0
114715,0
114716,0
114717,0
114718,0
114719,1
114720,0
114721,0
114722,0
114723,0
114724,1
114725,1
114726,0
114727,0
114728,0
114729,0
114730,0
114731,0
114732,0
114733,1
114734,0
114735,0
114736,0
114737,0
114738,0
114739,0
114740,0
114741,0
114742,0
114743,1
114744,0
114745,0
114746,0
114747,0
114748,0
114749,0
114750,0
114751,0
114752,0
114753,0
114754,0
114755,0
114756,0
114757,1
114758,0
114759,0
114760,0
114761,0
114762,0
114763,0
114764,0
114765,0
114766,0
114767,0
114768,0
114769,0
114770,0
114771,0
114772,0
114773,0
114774,0
114775,0
114776,0
114777,0
114778,0
114779,0
114780,0
114781,0
114782,0
114783,0
114784,0
114785,0
114786,0
114787,0
114788,0
114789,0
114790,0
114791,0
114792,0
114793,0
114794,1
114795,0
114796,0
114797,0
114798,0
114799,0
114800,0
114801,0
114802,0
114803,0
114804,0
114805,0
114806,1
114807,0
114808,0
114809,0
114810,0
114811,1
114812,0
114813,0
114814,0
114815,0
114816,0
114817,0
114818,0
114819,0
114820,0
114821,0
114822,0
114823,0
114824,0
114825,0
114826,0
114827,0
114828,0
114829,0
114830,0
114831,0
114832,0
114833,0
114834,0
114835,0
114836,0
114837,0
114838,0
114839,0
114840,0
114841,0
114842,0
114843,0
114844,0
114845,0
114846,0
114847,1
114848,0
114849,0
114850,0
114851,0
114852,0
114853,0
114854,0
114855,0
114856,0
114857,1
114858,0
114859,0
114860,0
114861,0
114862,0
114863,0
114864,0
114865,0
114866,0
114867,0
114868,0
114869,0
114870,0
114871,0
114872,0
114873,0
114874,0
114875,0
114876,0
114877,0
114878,0
114879,0
114880,0
114881,0
114882,0
114883,0
114884,0
114885,0
114886,1
114887,0
114888,1
114889,0
114890,0
114891,0
114892,0
114893,0
114894,0
114895,0
114896,0
114897,1
114898,0
114899,0
114900,0
114901,0
114902,0
114903,0
114904,0
114905,1
114906,1
114907,0
114908,0
114909,0
114910,0
114911,0
114912,0
114913,0
114914,0
114915,0
114916,0
114917,0
114918,0
114919,0
114920,0
114921,1
114922,1
114923,0
114924,0
114925,0
114926,0
114927,0
114928,0
114929,0
114930,0
114931,0
114932,0
114933,0
114934,0
114935,0
114936,0
114937,1
114938,0
114939,0
114940,0
114941,0
114942,0
114943,0
114944,0
114945,0
114946,0
114947,0
114948,0
114949,0
114950,0
114951,0
114952,0
114953,0
114954,0
114955,0
114956,0
114957,0
114958,1
114959,1
114960,0
114961,0
114962,0
114963,0
114964,0
114965,0
114966,0
114967,0
114968,1
114969,0
114970,1
114971,1
114972,0
114973,0
114974,0
114975,1
114976,0
114977,1
114978,0
114979,0
114980,0
114981,0
114982,0
114983,0
114984,0
114985,1
114986,0
114987,0
114988,0
114989,0
114990,0
114991,0
114992,0
114993,0
114994,0
114995,0
114996,0
114997,0
114998,0
114999,0
115000,0
115001,0
115002,0
115003,0
115004,0
115005,0
115006,1
115007,0
115008,0
115009,1
115010,0
115011,0
115012,0
115013,0
115014,0
115015,0
115016,0
115017,0
115018,0
115019,0
115020,0
115021,0
115022,0
115023,1
115024,0
115025,0
115026,1
115027,0
115028,0
115029,0
115030,0
115031,0
115032,0
115033,0
115034,0
115035,0
115036,0
115037,0
115038,0
115039,0
115040,0
115041,0
115042,0
115043,0
115044,0
115045,0
115046,0
115047,0
115048,0
115049,0
115050,1
115051,0
115052,0
115053,0
115054,0
115055,1
115056,0
115057,0
115058,1
115059,0
115060,1
115061,0
115062,1
115063,0
115064,0
115065,0
115066,0
115067,1
115068,0
115069,0
115070,1
115071,1
115072,0
115073,0
115074,0
115075,1
115076,0
115077,0
115078,0
115079,0
115080,0
115081,0
115082,0
115083,0
115084,1
115085,0
115086,0
115087,0
115088,0
115089,0
115090,0
115091,0
115092,0
115093,1
115094,0
115095,1
115096,0
115097,0
115098,0
115099,0
115100,0
115101,0
115102,0
115103,0
115104,0
115105,0
115106,0
115107,0
115108,0
115109,0
115110,0
115111,1
115112,0
115113,0
115114,0
115115,0
115116,0
115117,0
115118,0
115119,0
115120,0
115121,0
115122,0
115123,0
115124,0
115125,0
115126,0
115127,0
115128,1
115129,0
115130,0
115131,0
115132,0
115133,0
115134,0
115135,0
115136,1
115137,0
115138,0
115139,0
115140,0
115141,1
115142,0
115143,1
115144,0
115145,0
115146,1
115147,0
115148,0
115149,0
115150,0
115151,0
115152,1
115153,0
115154,0
115155,0
115156,1
115157,0
115158,0
115159,0
115160,0
115161,0
115162,0
115163,0
115164,0
115165,0
115166,0
115167,0
115168,0
115169,1
115170,0
115171,0
115172,0
115173,0
115174,0
115175,0
115176,0
115177,1
115178,0
115179,1
115180,0
115181,0
115182,0
115183,0
115184,0
115185,0
115186,1
115187,1
115188,1
115189,0
115190,0
115191,0
115192,0
115193,1
115194,0
115195,0
115196,0
115197,0
115198,0
115199,0
115200,1
115201,0
115202,0
115203,0
115204,0
115205,0
115206,0
115207,1
115208,0
115209,0
115210,0
115211,0
115212,0
115213,0
115214,0
115215,1
115216,0
115217,0
115218,0
115219,0
115220,0
115221,0
115222,0
115223,0
115224,0
115225,1
115226,0
115227,0
115228,0
115229,0
115230,0
115231,0
115232,0
115233,0
115234,0
115235,0
115236,0
115237,1
115238,0
115239,0
115240,1
115241,0
115242,0
115243,1
115244,1
115245,0
115246,0
115247,0
115248,0
115249,0
115250,0
115251,1
115252,0
115253,0
115254,0
115255,0
115256,0
115257,1
115258,0
115259,0
115260,0
115261,0
115262,0
115263,0
115264,0
115265,1
115266,0
115267,0
115268,0
115269,0
115270,0
115271,0
115272,0
115273,0
115274,0
115275,0
115276,1
115277,0
115278,0
115279,0
115280,0
115281,1
115282,0
115283,0
115284,0
115285,0
115286,0
115287,0
115288,0
115289,0
115290,0
115291,0
115292,0
115293,0
115294,0
115295,0
115296,0
115297,1
115298,0
115299,0
115300,0
115301,0
115302,0
115303,1
115304,0
115305,0
115306,1
115307,0
115308,0
115309,0
115310,0
115311,0
115312,0
115313,0
115314,0
115315,0
115316,0
115317,0
115318,0
115319,0
115320,0
115321,1
115322,0
115323,0
115324,1
115325,0
115326,0
115327,0
115328,0
115329,0
115330,0
115331,1
115332,1
115333,0
115334,0
115335,0
115336,0
115337,1
115338,1
115339,0
115340,1
115341,0
115342,0
115343,0
115344,0
115345,0
115346,0
115347,0
115348,0
115349,0
115350,0
115351,0
115352,0
115353,0
115354,0
115355,0
115356,0
115357,0
115358,0
115359,0
115360,1
115361,0
115362,0
115363,0
115364,0
115365,0
115366,0
115367,1
115368,0
115369,0
115370,0
115371,0
115372,0
115373,0
115374,0
115375,0
115376,1
115377,0
115378,1
115379,0
115380,1
115381,0
115382,0
115383,0
115384,0
115385,0
115386,0
115387,0
115388,0
115389,0
115390,0
115391,0
115392,1
115393,1
115394,0
115395,0
115396,0
115397,0
115398,0
115399,0
115400,0
115401,0
115402,0
115403,0
115404,1
115405,0
115406,1
115407,0
115408,0
115409,0
115410,0
115411,0
115412,1
115413,0
115414,1
115415,0
115416,1
115417,0
115418,1
115419,0
115420,0
115421,0
115422,0
115423,1
115424,0
115425,0
115426,1
115427,1
115428,0
115429,0
115430,0
115431,0
115432,0
115433,0
115434,0
115435,0
115436,0
115437,0
115438,0
115439,0
115440,0
115441,0
115442,0
115443,0
115444,0
115445,0
115446,0
115447,0
115448,0
115449,0
115450,0
115451,1
115452,0
115453,0
115454,0
115455,0
115456,0
115457,1
115458,0
115459,1
115460,0
115461,0
115462,0
115463,0
115464,0
115465,0
115466,0
115467,0
115468,0
115469,0
115470,0
115471,1
115472,0
115473,0
115474,0
115475,1
115476,0
115477,0
115478,0
115479,0
115480,0
115481,0
115482,0
115483,0
115484,0
115485,0
115486,0
115487,0
115488,0
115489,0
115490,0
115491,0
115492,0
115493,0
115494,0
115495,0
115496,0
115497,0
115498,0
115499,1
115500,0
115501,0
115502,0
115503,0
115504,0
115505,0
115506,0
115507,0
115508,0
115509,0
115510,0
115511,0
115512,0
115513,0
115514,1
115515,0
115516,0
115517,0
115518,1
115519,0
115520,0
115521,0
115522,0
115523,0
115524,1
115525,0
115526,0
115527,0
115528,0
115529,0
115530,0
115531,0
115532,0
115533,0
115534,0
115535,0
115536,0
115537,0
115538,0
115539,1
115540,0
115541,0
115542,0
115543,0
115544,1
115545,0
115546,0
115547,0
115548,0
115549,0
115550,0
115551,0
115552,1
115553,0
115554,0
115555,0
115556,0
115557,0
115558,0
115559,0
115560,0
115561,0
115562,0
115563,1
115564,0
115565,1
115566,0
115567,0
115568,0
115569,0
115570,0
115571,0
115572,0
115573,0
115574,0
115575,1
115576,1
115577,1
115578,0
115579,0
115580,1
115581,1
115582,0
115583,0
115584,0
115585,0
115586,0
115587,0
115588,0
115589,0
115590,0
115591,0
115592,1
115593,0
115594,1
115595,0
115596,0
115597,1
115598,0
115599,0
115600,0
115601,0
115602,1
115603,0
115604,0
115605,0
115606,0
115607,0
115608,0
115609,1
115610,0
115611,0
115612,0
115613,0
115614,0
115615,0
115616,0
115617,0
115618,0
115619,1
115620,1
115621,0
115622,0
115623,0
115624,0
115625,1
115626,1
115627,0
115628,0
115629,0
115630,0
115631,1
115632,1
115633,0
115634,0
115635,0
115636,0
115637,0
115638,0
115639,0
115640,0
115641,0
115642,0
115643,0
115644,0
115645,0
115646,0
115647,0
115648,0
115649,1
115650,0
115651,0
115652,0
115653,0
115654,1
115655,0
115656,0
115657,0
115658,0
115659,0
115660,0
115661,0
115662,0
115663,0
115664,0
115665,0
115666,0
115667,0
115668,1
115669,1
115670,0
115671,0
115672,0
115673,0
115674,0
115675,0
115676,0
115677,0
115678,1
115679,0
115680,0
115681,0
115682,1
115683,1
115684,1
115685,0
115686,0
115687,0
115688,0
115689,0
115690,0
115691,0
115692,0
115693,0
115694,0
115695,0
115696,0
115697,0
115698,1
115699,0
115700,1
115701,0
115702,0
115703,0
115704,0
115705,0
115706,0
115707,0
115708,1
115709,0
115710,0
115711,0
115712,0
115713,0
115714,0
115715,0
115716,0
115717,0
115718,0
115719,0
115720,0
115721,0
115722,0
115723,0
115724,0
115725,0
115726,0
115727,0
115728,0
115729,0
115730,0
115731,0
115732,0
115733,0
115734,0
115735,1
115736,0
115737,1
115738,0
115739,0
115740,0
115741,0
115742,0
115743,0
115744,0
115745,0
115746,0
115747,0
115748,0
115749,0
115750,1
115751,0
115752,0
115753,0
115754,0
115755,0
115756,0
115757,0
115758,0
115759,0
115760,0
115761,0
115762,0
115763,0
115764,0
115765,0
115766,0
115767,0
115768,0
115769,0
115770,0
115771,0
115772,0
115773,0
115774,0
115775,0
115776,0
115777,0
115778,0
115779,0
115780,0
115781,0
115782,1
115783,0
115784,0
115785,0
115786,0
115787,0
115788,0
115789,0
115790,0
115791,0
115792,1
115793,0
115794,0
115795,1
115796,0
115797,0
115798,0
115799,1
115800,0
115801,1
115802,0
115803,0
115804,0
115805,0
115806,0
115807,0
115808,0
115809,0
115810,1
115811,0
115812,0
115813,0
115814,0
115815,0
115816,0
115817,0
115818,0
115819,0
115820,0
115821,0
115822,0
115823,0
115824,0
115825,0
115826,0
115827,0
115828,0
115829,0
115830,0
115831,0
115832,0
115833,0
115834,0
115835,0
115836,0
115837,0
115838,0
115839,0
115840,0
115841,0
115842,0
115843,0
115844,0
115845,0
115846,0
115847,1
115848,0
115849,0
115850,0
115851,0
115852,0
115853,0
115854,0
115855,0
115856,0
115857,0
115858,1
115859,1
115860,0
115861,0
115862,0
115863,0
115864,0
115865,0
115866,0
115867,0
115868,0
115869,1
115870,0
115871,0
115872,0
115873,0
115874,0
115875,0
115876,1
115877,0
115878,0
115879,0
115880,0
115881,0
115882,0
115883,0
115884,0
115885,0
115886,0
115887,0
115888,0
115889,0
115890,0
115891,0
115892,1
115893,0
115894,0
115895,0
115896,0
115897,0
115898,0
115899,1
115900,0
115901,0
115902,0
115903,0
115904,0
115905,0
115906,0
115907,1
115908,0
115909,0
115910,0
115911,0
115912,0
115913,1
115914,0
115915,0
115916,0
115917,0
115918,0
115919,0
115920,0
115921,1
115922,0
115923,0
115924,0
115925,0
115926,0
115927,0
115928,0
115929,0
115930,0
115931,0
115932,0
115933,0
115934,0
115935,0
115936,0
115937,0
115938,1
115939,0
115940,0
115941,0
115942,0
115943,0
115944,0
115945,0
115946,0
115947,0
115948,0
115949,0
115950,0
115951,0
115952,0
115953,0
115954,0
115955,0
115956,0
115957,1
115958,0
115959,1
115960,0
115961,0
115962,0
115963,0
115964,0
115965,0
115966,0
115967,1
115968,0
115969,0
115970,0
115971,0
115972,0
115973,0
115974,0
115975,1
115976,0
115977,0
115978,0
115979,0
115980,0
115981,0
115982,0
115983,1
115984,0
115985,0
115986,0
115987,0
115988,0
115989,0
115990,0
115991,0
115992,0
115993,0
115994,0
115995,0
115996,0
115997,0
115998,0
115999,0
116000,0
116001,0
116002,0
116003,0
116004,0
116005,1
116006,0
116007,0
116008,0
116009,0
116010,0
116011,0
116012,1
116013,0
116014,0
116015,0
116016,0
116017,1
116018,0
116019,0
116020,0
116021,0
116022,0
116023,1
116024,0
116025,0
116026,0
116027,1
116028,1
116029,0
116030,0
116031,0
116032,0
116033,1
116034,0
116035,0
116036,1
116037,0
116038,0
116039,0
116040,0
116041,0
116042,0
116043,0
116044,0
116045,0
116046,0
116047,0
116048,1
116049,0
116050,1
116051,0
116052,0
116053,0
116054,0
116055,0
116056,0
116057,0
116058,0
116059,0
116060,0
116061,0
116062,0
116063,0
116064,0
116065,0
116066,0
116067,0
116068,0
116069,0
116070,1
116071,0
116072,0
116073,0
116074,0
116075,0
116076,0
116077,0
116078,0
116079,1
116080,0
116081,0
116082,0
116083,0
116084,0
116085,0
116086,0
116087,0
116088,0
116089,0
116090,0
116091,1
116092,0
116093,1
116094,0
116095,0
116096,0
116097,1
116098,0
116099,0
116100,0
116101,1
116102,0
116103,0
116104,0
116105,0
116106,0
116107,0
116108,0
116109,0
116110,0
116111,0
116112,0
116113,0
116114,0
116115,0
116116,1
116117,0
116118,0
116119,0
116120,1
116121,0
116122,0
116123,0
116124,0
116125,0
116126,0
116127,0
116128,0
116129,0
116130,0
116131,0
116132,0
116133,0
116134,1
116135,0
116136,0
116137,0
116138,0
116139,0
116140,0
116141,0
116142,1
116143,0
116144,0
116145,1
116146,1
116147,0
116148,0
116149,0
116150,1
116151,0
116152,0
116153,0
116154,0
116155,0
116156,0
116157,0
116158,0
116159,0
116160,0
116161,0
116162,1
116163,0
116164,0
116165,0
116166,0
116167,0
116168,1
116169,0
116170,0
116171,0
116172,0
116173,0
116174,0
116175,0
116176,1
116177,0
116178,0
116179,0
116180,0
116181,0
116182,0
116183,0
116184,0
116185,0
116186,0
116187,0
116188,0
116189,0
116190,0
116191,0
116192,1
116193,0
116194,0
116195,0
116196,0
116197,0
116198,0
116199,1
116200,0
116201,0
116202,0
116203,0
116204,1
116205,0
116206,0
116207,0
116208,0
116209,0
116210,1
116211,0
116212,0
116213,0
116214,1
116215,1
116216,0
116217,0
116218,0
116219,0
116220,0
116221,0
116222,0
116223,0
116224,0
116225,0
116226,0
116227,0
116228,0
116229,0
116230,0
116231,0
116232,0
116233,0
116234,0
116235,0
116236,0
116237,0
116238,0
116239,0
116240,0
116241,0
116242,0
116243,0
116244,1
116245,0
116246,0
116247,0
116248,1
116249,0
116250,0
116251,0
116252,0
116253,0
116254,0
116255,0
116256,1
116257,1
116258,0
116259,0
116260,0
116261,1
116262,0
116263,0
116264,0
116265,0
116266,1
116267,1
116268,0
116269,0
116270,0
116271,0
116272,1
116273,0
116274,0
116275,0
116276,0
116277,0
116278,1
116279,0
116280,0
116281,0
116282,0
116283,0
116284,1
116285,0
116286,0
116287,0
116288,0
116289,0
116290,0
116291,0
116292,0
116293,0
116294,0
116295,0
116296,0
116297,1
116298,0
116299,0
116300,0
116301,0
116302,1
116303,0
116304,0
116305,0
116306,0
116307,0
116308,0
116309,1
116310,0
116311,0
116312,0
116313,0
116314,1
116315,0
116316,0
116317,0
116318,0
116319,0
116320,0
116321,0
116322,0
116323,0
116324,0
116325,0
116326,0
116327,1
116328,0
116329,0
116330,0
116331,0
116332,0
116333,0
116334,0
116335,0
116336,0
116337,0
116338,0
116339,0
116340,1
116341,0
116342,0
116343,0
116344,1
116345,0
116346,0
116347,0
116348,0
116349,1
116350,0
116351,0
116352,0
116353,1
116354,0
116355,0
116356,0
116357,0
116358,0
116359,0
116360,0
116361,0
116362,0
116363,0
116364,1
116365,0
116366,0
116367,0
116368,1
116369,1
116370,0
116371,0
116372,1
116373,0
116374,0
116375,1
116376,0
116377,0
116378,0
116379,1
116380,0
116381,0
116382,0
116383,0
116384,0
116385,0
116386,0
116387,0
116388,0
116389,1
116390,0
116391,0
116392,0
116393,0
116394,0
116395,0
116396,1
116397,0
116398,0
116399,0
116400,0
116401,1
116402,0
116403,0
116404,0
116405,0
116406,0
116407,1
116408,0
116409,0
116410,0
116411,1
116412,0
116413,0
116414,1
116415,0
116416,1
116417,0
116418,0
116419,0
116420,0
116421,0
116422,0
116423,0
116424,0
116425,0
116426,1
116427,0
116428,0
116429,0
116430,0
116431,0
116432,0
116433,0
116434,0
116435,0
116436,0
116437,0
116438,1
116439,0
116440,0
116441,0
116442,1
116443,1
116444,0
116445,0
116446,0
116447,0
116448,0
116449,0
116450,0
116451,1
116452,0
116453,0
116454,0
116455,0
116456,0
116457,1
116458,0
116459,0
116460,0
116461,0
116462,0
116463,1
116464,1
116465,0
116466,0
116467,0
116468,1
116469,0
116470,0
116471,0
116472,0
116473,0
116474,0
116475,0
116476,0
116477,0
116478,1
116479,1
116480,1
116481,0
116482,0
116483,0
116484,0
116485,0
116486,0
116487,0
116488,0
116489,0
116490,1
116491,1
116492,0
116493,0
116494,0
116495,0
116496,0
116497,0
116498,0
116499,0
116500,0
116501,0
116502,1
116503,0
116504,0
116505,0
116506,0
116507,0
116508,0
116509,0
116510,0
116511,0
116512,0
116513,1
116514,0
116515,0
116516,1
116517,0
116518,0
116519,0
116520,0
116521,0
116522,0
116523,0
116524,0
116525,0
116526,0
116527,0
116528,0
116529,1
116530,0
116531,0
116532,0
116533,0
116534,0
116535,0
116536,0
116537,0
116538,0
116539,0
116540,0
116541,0
116542,0
116543,1
116544,0
116545,0
116546,0
116547,0
116548,0
116549,0
116550,0
116551,0
116552,1
116553,0
116554,0
116555,0
116556,0
116557,1
116558,0
116559,0
116560,1
116561,1
116562,0
116563,0
116564,1
116565,1
116566,1
116567,0
116568,0
116569,0
116570,0
116571,0
116572,0
116573,0
116574,0
116575,0
116576,0
116577,0
116578,0
116579,1
116580,0
116581,0
116582,0
116583,0
116584,0
116585,0
116586,0
116587,0
116588,0
116589,0
116590,0
116591,0
116592,0
116593,0
116594,0
116595,0
116596,0
116597,0
116598,0
116599,0
116600,0
116601,0
116602,0
116603,0
116604,0
116605,0
116606,0
116607,0
116608,0
116609,0
116610,0
116611,0
116612,0
116613,0
116614,0
116615,1
116616,0
116617,0
116618,0
116619,0
116620,0
116621,1
116622,0
116623,1
116624,0
116625,0
116626,0
116627,0
116628,0
116629,0
116630,0
116631,0
116632,0
116633,0
116634,1
116635,0
116636,0
116637,0
116638,0
116639,0
116640,0
116641,0
116642,1
116643,0
116644,1
116645,0
116646,0
116647,0
116648,0
116649,1
116650,0
116651,0
116652,0
116653,0
116654,0
116655,0
116656,1
116657,0
116658,0
116659,0
116660,0
116661,1
116662,0
116663,0
116664,0
116665,0
116666,0
116667,0
116668,0
116669,0
116670,0
116671,0
116672,0
116673,0
116674,0
116675,1
116676,0
116677,0
116678,0
116679,0
116680,0
116681,0
116682,0
116683,0
116684,0
116685,1
116686,0
116687,0
116688,0
116689,0
116690,0
116691,1
116692,0
116693,0
116694,1
116695,0
116696,0
116697,0
116698,0
116699,0
116700,0
116701,1
116702,0
116703,0
116704,0
116705,0
116706,0
116707,0
116708,0
116709,0
116710,1
116711,0
116712,1
116713,0
116714,0
116715,0
116716,0
116717,0
116718,0
116719,0
116720,0
116721,0
116722,0
116723,0
116724,0
116725,0
116726,0
116727,0
116728,1
116729,0
116730,0
116731,1
116732,0
116733,0
116734,1
116735,0
116736,0
116737,0
116738,0
116739,1
116740,0
116741,0
116742,1
116743,0
116744,0
116745,0
116746,0
116747,0
116748,0
116749,1
116750,0
116751,1
116752,0
116753,0
116754,0
116755,1
116756,0
116757,0
116758,0
116759,0
116760,0
116761,0
116762,0
116763,0
116764,0
116765,0
116766,0
116767,0
116768,0
116769,0
116770,0
116771,0
116772,1
116773,0
116774,0
116775,0
116776,1
116777,0
116778,0
116779,0
116780,0
116781,0
116782,0
116783,0
116784,0
116785,0
116786,0
116787,0
116788,0
116789,0
116790,0
116791,0
116792,0
116793,1
116794,1
116795,0
116796,0
116797,0
116798,0
116799,0
116800,0
116801,0
116802,0
116803,0
116804,0
116805,0
116806,0
116807,0
116808,0
116809,0
116810,0
116811,0
116812,0
116813,0
116814,1
116815,0
116816,0
116817,0
116818,0
116819,0
116820,0
116821,0
116822,0
116823,0
116824,0
116825,0
116826,0
116827,0
116828,1
116829,0
116830,1
116831,0
116832,0
116833,0
116834,0
116835,0
116836,0
116837,0
116838,0
116839,0
116840,0
116841,0
116842,0
116843,0
116844,0
116845,1
116846,0
116847,0
116848,0
116849,0
116850,0
116851,0
116852,0
116853,0
116854,0
116855,0
116856,1
116857,0
116858,0
116859,0
116860,0
116861,0
116862,0
116863,1
116864,0
116865,0
116866,0
116867,0
116868,0
116869,0
116870,1
116871,0
116872,0
116873,1
116874,0
116875,1
116876,0
116877,0
116878,0
116879,0
116880,0
116881,0
116882,0
116883,0
116884,0
116885,0
116886,0
116887,1
116888,0
116889,0
116890,0
116891,0
116892,0
116893,0
116894,1
116895,0
116896,0
116897,0
116898,0
116899,1
116900,0
116901,0
116902,0
116903,0
116904,0
116905,0
116906,0
116907,0
116908,0
116909,0
116910,0
116911,0
116912,0
116913,0
116914,0
116915,0
116916,0
116917,1
116918,0
116919,0
116920,0
116921,0
116922,0
116923,0
116924,0
116925,0
116926,0
116927,0
116928,0
116929,0
116930,0
116931,1
116932,1
116933,0
116934,0
116935,0
116936,0
116937,0
116938,0
116939,0
116940,0
116941,0
116942,0
116943,0
116944,1
116945,0
116946,0
116947,0
116948,0
116949,0
116950,0
116951,0
116952,0
116953,0
116954,0
116955,1
116956,0
116957,1
116958,0
116959,1
116960,0
116961,0
116962,0
116963,1
116964,0
116965,0
116966,0
116967,0
116968,0
116969,0
116970,0
116971,0
116972,0
116973,0
116974,0
116975,0
116976,0
116977,0
116978,0
116979,0
116980,1
116981,0
116982,0
116983,0
116984,0
116985,0
116986,0
116987,0
116988,0
116989,0
116990,0
116991,0
116992,0
116993,0
116994,0
116995,0
116996,0
116997,1
116998,0
116999,0
117000,1
117001,0
117002,0
117003,0
117004,0
117005,0
117006,0
117007,0
117008,0
117009,0
117010,0
117011,0
117012,0
117013,1
117014,0
117015,0
117016,0
117017,0
117018,0
117019,0
117020,0
117021,0
117022,0
117023,0
117024,0
117025,0
117026,0
117027,0
117028,0
117029,0
117030,0
117031,0
117032,0
117033,0
117034,0
117035,0
117036,0
117037,0
117038,0
117039,0
117040,0
117041,0
117042,1
117043,0
117044,0
117045,0
117046,0
117047,0
117048,0
117049,0
117050,0
117051,0
117052,1
117053,0
117054,0
117055,0
117056,0
117057,0
117058,0
117059,1
117060,0
117061,0
117062,0
117063,0
117064,0
117065,0
117066,0
117067,0
117068,0
117069,0
117070,0
117071,0
117072,0
117073,0
117074,0
117075,1
117076,0
117077,0
117078,0
117079,0
117080,1
117081,0
117082,0
117083,1
117084,0
117085,0
117086,1
117087,0
117088,0
117089,1
117090,0
117091,0
117092,0
117093,0
117094,0
117095,0
117096,0
117097,0
117098,0
117099,0
117100,0
117101,0
117102,0
117103,0
117104,0
117105,0
117106,0
117107,0
117108,0
117109,0
117110,1
117111,0
117112,0
117113,0
117114,0
117115,0
117116,0
117117,0
117118,0
117119,0
117120,0
117121,0
117122,0
117123,0
117124,0
117125,1
117126,0
117127,0
117128,0
117129,0
117130,0
117131,0
117132,0
117133,0
117134,1
117135,0
117136,0
117137,1
117138,0
117139,0
117140,0
117141,0
117142,0
117143,0
117144,0
117145,0
117146,0
117147,0
117148,0
117149,0
117150,0
117151,0
117152,0
117153,0
117154,0
117155,0
117156,0
117157,0
117158,0
117159,0
117160,0
117161,0
117162,0
117163,0
117164,0
117165,0
117166,0
117167,0
117168,0
117169,0
117170,0
117171,0
117172,0
117173,0
117174,0
117175,0
117176,0
117177,0
117178,0
117179,0
117180,0
117181,0
117182,0
117183,1
117184,0
117185,0
117186,0
117187,0
117188,0
117189,0
117190,1
117191,0
117192,0
117193,0
117194,0
117195,1
117196,0
117197,0
117198,0
117199,0
117200,0
117201,0
117202,0
117203,0
117204,0
117205,0
117206,0
117207,0
117208,0
117209,0
117210,0
117211,0
117212,1
117213,0
117214,0
117215,0
117216,0
117217,0
117218,0
117219,1
117220,0
117221,0
117222,0
117223,0
117224,0
117225,0
117226,1
117227,0
117228,0
117229,1
117230,0
117231,0
117232,0
117233,0
117234,0
117235,1
117236,0
117237,0
117238,0
117239,0
117240,0
117241,0
117242,0
117243,0
117244,0
117245,0
117246,1
117247,0
117248,0
117249,0
117250,0
117251,0
117252,0
117253,0
117254,0
117255,0
117256,0
117257,0
117258,0
117259,0
117260,0
117261,0
117262,0
117263,0
117264,0
117265,0
117266,0
117267,0
117268,0
117269,0
117270,0
117271,0
117272,0
117273,0
117274,1
117275,1
117276,0
117277,0
117278,0
117279,0
117280,0
117281,0
117282,1
117283,1
117284,1
117285,0
117286,0
117287,0
117288,0
117289,0
117290,0
117291,0
117292,0
117293,1
117294,0
117295,0
117296,0
117297,0
117298,0
117299,0
117300,0
117301,0
117302,0
117303,0
117304,0
117305,1
117306,1
117307,0
117308,0
117309,0
117310,0
117311,0
117312,0
117313,0
117314,0
117315,0
117316,0
117317,0
117318,0
117319,0
117320,0
117321,0
117322,1
117323,0
117324,1
117325,1
117326,0
117327,0
117328,1
117329,0
117330,0
117331,0
117332,0
117333,1
117334,0
117335,0
117336,0
117337,1
117338,0
117339,0
117340,0
117341,0
117342,0
117343,0
117344,1
117345,0
117346,0
117347,0
117348,0
117349,0
117350,0
117351,0
117352,0
117353,0
117354,0
117355,0
117356,0
117357,0
117358,1
117359,1
117360,0
117361,0
117362,0
117363,0
117364,0
117365,0
117366,0
117367,0
117368,0
117369,0
117370,1
117371,0
117372,0
117373,0
117374,1
117375,0
117376,0
117377,0
117378,0
117379,0
117380,0
117381,0
117382,0
117383,0
117384,0
117385,0
117386,0
117387,0
117388,1
117389,0
117390,0
117391,1
117392,0
117393,0
117394,0
117395,0
117396,0
117397,0
117398,0
117399,0
117400,0
117401,0
117402,1
117403,0
117404,1
117405,0
117406,0
117407,0
117408,0
117409,0
117410,0
117411,0
117412,0
117413,0
117414,0
117415,0
117416,0
117417,0
117418,0
117419,0
117420,0
117421,0
117422,0
117423,0
117424,0
117425,0
117426,0
117427,0
117428,0
117429,0
117430,0
117431,0
117432,0
117433,1
117434,1
117435,0
117436,0
117437,0
117438,0
117439,0
117440,0
117441,0
117442,0
117443,0
117444,0
117445,0
117446,0
117447,0
117448,0
117449,0
117450,0
117451,0
117452,0
117453,0
117454,0
117455,1
117456,0
117457,0
117458,0
117459,0
117460,1
117461,0
117462,0
117463,0
117464,0
117465,0
117466,0
117467,0
117468,0
117469,0
117470,0
117471,1
117472,0
117473,0
117474,0
117475,0
117476,0
117477,0
117478,0
117479,0
117480,0
117481,0
117482,0
117483,0
117484,1
117485,0
117486,0
117487,0
117488,0
117489,0
117490,1
117491,0
117492,0
117493,0
117494,0
117495,1
117496,0
117497,0
117498,0
117499,0
117500,0
117501,0
117502,0
117503,0
117504,0
117505,0
117506,0
117507,0
117508,0
117509,0
117510,0
117511,0
117512,0
117513,0
117514,0
117515,0
117516,0
117517,0
117518,0
117519,0
117520,0
117521,0
117522,0
117523,0
117524,0
117525,0
117526,0
117527,0
117528,0
117529,0
117530,0
117531,0
117532,0
117533,0
117534,1
117535,0
117536,0
117537,0
117538,0
117539,0
117540,1
117541,0
117542,0
117543,0
117544,0
117545,0
117546,0
117547,0
117548,0
117549,0
117550,0
117551,0
117552,0
117553,0
117554,0
117555,0
117556,0
117557,0
117558,0
117559,0
117560,0
117561,0
117562,0
117563,0
117564,0
117565,0
117566,1
117567,0
117568,0
117569,1
117570,0
117571,0
117572,1
117573,0
117574,0
117575,0
117576,1
117577,1
117578,0
117579,0
117580,1
117581,0
117582,0
117583,0
117584,0
117585,1
117586,0
117587,0
117588,0
117589,0
117590,0
117591,0
117592,0
117593,1
117594,0
117595,1
117596,0
117597,0
117598,0
117599,0
117600,0
117601,0
117602,0
117603,1
117604,1
117605,0
117606,0
117607,0
117608,0
117609,0
117610,0
117611,0
117612,0
117613,0
117614,1
117615,0
117616,0
117617,0
117618,0
117619,1
117620,0
117621,0
117622,0
117623,0
117624,0
117625,0
117626,1
117627,0
117628,0
117629,1
117630,0
117631,0
117632,1
117633,0
117634,0
117635,0
117636,0
117637,0
117638,0
117639,0
117640,0
117641,0
117642,0
117643,0
117644,0
117645,1
117646,0
117647,0
117648,0
117649,1
117650,0
117651,0
117652,0
117653,0
117654,0
117655,1
117656,0
117657,0
117658,0
117659,0
117660,0
117661,0
117662,0
117663,0
117664,1
117665,0
117666,0
117667,0
117668,0
117669,0
117670,1
117671,0
117672,0
117673,0
117674,0
117675,0
117676,0
117677,0
117678,0
117679,0
117680,0
117681,0
117682,0
117683,0
117684,0
117685,0
117686,0
117687,1
117688,0
117689,0
117690,0
117691,0
117692,1
117693,0
117694,0
117695,0
117696,1
117697,0
117698,0
117699,0
117700,0
117701,0
117702,0
117703,0
117704,0
117705,0
117706,0
117707,0
117708,0
117709,0
117710,0
117711,0
117712,0
117713,1
117714,0
117715,0
117716,0
117717,1
117718,1
117719,0
117720,0
117721,0
117722,0
117723,0
117724,0
117725,0
117726,1
117727,0
117728,0
117729,0
117730,0
117731,1
117732,0
117733,1
117734,0
117735,0
117736,0
117737,0
117738,0
117739,0
117740,1
117741,0
117742,0
117743,0
117744,0
117745,0
117746,0
117747,1
117748,0
117749,0
117750,0
117751,0
117752,1
117753,0
117754,0
117755,1
117756,0
117757,0
117758,0
117759,0
117760,0
117761,0
117762,0
117763,0
117764,0
117765,0
117766,0
117767,0
117768,0
117769,0
117770,0
117771,0
117772,0
117773,0
117774,0
117775,0
117776,0
117777,0
117778,0
117779,1
117780,0
117781,0
117782,0
117783,0
117784,0
117785,0
117786,0
117787,1
117788,1
117789,0
117790,0
117791,0
117792,1
117793,0
117794,0
117795,1
117796,0
117797,0
117798,0
117799,1
117800,0
117801,0
117802,0
117803,0
117804,0
117805,0
117806,0
117807,0
117808,0
117809,0
117810,0
117811,1
117812,0
117813,0
117814,0
117815,0
117816,0
117817,0
117818,1
117819,0
117820,0
117821,0
117822,0
117823,0
117824,0
117825,0
117826,1
117827,0
117828,0
117829,0
117830,0
117831,0
117832,0
117833,0
117834,0
117835,0
117836,0
117837,0
117838,0
117839,0
117840,0
117841,0
117842,0
117843,0
117844,0
117845,0
117846,0
117847,1
117848,0
117849,0
117850,0
117851,0
117852,0
117853,0
117854,0
117855,0
117856,0
117857,1
117858,0
117859,0
117860,0
117861,0
117862,0
117863,0
117864,0
117865,0
117866,1
117867,0
117868,0
117869,0
117870,0
117871,0
117872,0
117873,0
117874,0
117875,0
117876,0
117877,0
117878,0
117879,1
117880,0
117881,0
117882,0
117883,0
117884,0
117885,0
117886,0
117887,0
117888,1
117889,0
117890,0
117891,0
117892,0
117893,1
117894,0
117895,0
117896,0
117897,1
117898,0
117899,0
117900,0
117901,0
117902,0
117903,0
117904,0
117905,0
117906,0
117907,0
117908,0
117909,0
117910,0
117911,0
117912,0
117913,0
117914,0
117915,0
117916,0
117917,0
117918,0
117919,1
117920,0
117921,0
117922,0
117923,0
117924,0
117925,0
117926,0
117927,0
117928,0
117929,0
117930,0
117931,0
117932,0
117933,0
117934,0
117935,0
117936,0
117937,0
117938,0
117939,0
117940,1
117941,0
117942,0
117943,0
117944,0
117945,0
117946,0
117947,0
117948,0
117949,0
117950,0
117951,0
117952,0
117953,0
117954,0
117955,0
117956,0
117957,0
117958,0
117959,0
117960,0
117961,0
117962,0
117963,0
117964,0
117965,0
117966,0
117967,0
117968,0
117969,0
117970,0
117971,0
117972,0
117973,0
117974,0
117975,1
117976,0
117977,0
117978,0
117979,0
117980,1
117981,0
117982,0
117983,0
117984,0
117985,0
117986,0
117987,0
117988,0
117989,0
117990,0
117991,0
117992,0
117993,1
117994,0
117995,0
117996,0
117997,0
117998,0
117999,0
118000,0
118001,0
118002,1
118003,0
118004,0
118005,0
118006,0
118007,0
118008,0
118009,0
118010,0
118011,0
118012,0
118013,0
118014,0
118015,1
118016,0
118017,0
118018,1
118019,0
118020,0
118021,0
118022,0
118023,0
118024,0
118025,0
118026,0
118027,0
118028,0
118029,0
118030,0
118031,0
118032,0
118033,0
118034,0
118035,0
118036,0
118037,0
118038,0
118039,0
118040,0
118041,0
118042,0
118043,0
118044,1
118045,0
118046,0
118047,0
118048,0
118049,0
118050,0
118051,1
118052,0
118053,0
118054,0
118055,0
118056,0
118057,0
118058,0
118059,0
118060,0
118061,0
118062,0
118063,0
118064,0
118065,0
118066,1
118067,0
118068,0
118069,0
118070,0
118071,0
118072,1
118073,0
118074,0
118075,0
118076,0
118077,0
118078,0
118079,0
118080,0
118081,0
118082,0
118083,0
118084,0
118085,0
118086,0
118087,0
118088,1
118089,1
118090,0
118091,0
118092,0
118093,0
118094,0
118095,0
118096,0
118097,0
118098,0
118099,0
118100,0
118101,0
118102,0
118103,1
118104,0
118105,0
118106,0
118107,0
118108,0
118109,0
118110,0
118111,0
118112,0
118113,1
118114,0
118115,0
118116,0
118117,1
118118,0
118119,0
118120,1
118121,0
118122,0
118123,0
118124,0
118125,0
118126,0
118127,0
118128,0
118129,0
118130,0
118131,0
118132,0
118133,0
118134,0
118135,1
118136,0
118137,0
118138,0
118139,0
118140,0
118141,0
118142,0
118143,0
118144,1
118145,0
118146,1
118147,0
118148,0
118149,0
118150,1
118151,0
118152,0
118153,0
118154,0
118155,0
118156,0
118157,1
118158,1
118159,0
118160,0
118161,0
118162,1
118163,1
118164,0
118165,0
118166,0
118167,0
118168,0
118169,0
118170,0
118171,0
118172,0
118173,0
118174,0
118175,0
118176,0
118177,0
118178,0
118179,0
118180,0
118181,0
118182,0
118183,0
118184,0
118185,0
118186,0
118187,0
118188,0
118189,0
118190,0
118191,0
118192,0
118193,0
118194,0
118195,0
118196,0
118197,0
118198,0
118199,0
118200,0
118201,0
118202,0
118203,0
118204,0
118205,0
118206,0
118207,0
118208,0
118209,0
118210,0
118211,0
118212,0
118213,0
118214,0
118215,0
118216,0
118217,0
118218,0
118219,0
118220,0
118221,0
118222,0
118223,0
118224,0
118225,1
118226,0
118227,0
118228,0
118229,1
118230,0
118231,0
118232,1
118233,0
118234,0
118235,0
118236,0
118237,0
118238,0
118239,1
118240,0
118241,0
118242,0
118243,0
118244,0
118245,0
118246,0
118247,0
118248,0
118249,0
118250,0
118251,0
118252,0
118253,0
118254,0
118255,0
118256,0
118257,0
118258,0
118259,0
118260,0
118261,0
118262,0
118263,0
118264,0
118265,0
118266,0
118267,0
118268,1
118269,0
118270,0
118271,0
118272,0
118273,0
118274,0
118275,0
118276,0
118277,0
118278,0
118279,0
118280,0
118281,0
118282,0
118283,0
118284,0
118285,0
118286,0
118287,0
118288,0
118289,0
118290,0
118291,0
118292,0
118293,0
118294,0
118295,0
118296,0
118297,1
118298,0
118299,0
118300,0
118301,0
118302,0
118303,0
118304,0
118305,1
118306,1
118307,0
118308,0
118309,0
118310,0
118311,0
118312,1
118313,0
118314,0
118315,0
118316,0
118317,0
118318,0
118319,1
118320,0
118321,0
118322,0
118323,0
118324,0
118325,0
118326,0
118327,0
118328,0
118329,0
118330,0
118331,0
118332,0
118333,0
118334,0
118335,0
118336,0
118337,0
118338,0
118339,0
118340,0
118341,0
118342,0
118343,0
118344,1
118345,0
118346,0
118347,0
118348,0
118349,0
118350,0
118351,0
118352,0
118353,0
118354,0
118355,0
118356,0
118357,0
118358,0
118359,0
118360,0
118361,0
118362,0
118363,0
118364,1
118365,0
118366,1
118367,0
118368,0
118369,0
118370,0
118371,1
118372,0
118373,0
118374,0
118375,0
118376,0
118377,1
118378,0
118379,0
118380,0
118381,1
118382,0
118383,0
118384,1
118385,0
118386,0
118387,0
118388,0
118389,0
118390,0
118391,0
118392,1
118393,0
118394,1
118395,1
118396,0
118397,0
118398,1
118399,0
118400,0
118401,0
118402,0
118403,0
118404,0
118405,0
118406,0
118407,0
118408,0
118409,0
118410,0
118411,0
118412,0
118413,0
118414,0
118415,0
118416,0
118417,0
118418,0
118419,0
118420,0
118421,0
118422,0
118423,0
118424,0
118425,1
118426,0
118427,0
118428,0
118429,0
118430,1
118431,0
118432,0
118433,0
118434,0
118435,0
118436,0
118437,0
118438,1
118439,1
118440,1
118441,0
118442,0
118443,0
118444,1
118445,0
118446,0
118447,0
118448,1
118449,0
118450,0
118451,1
118452,0
118453,0
118454,0
118455,0
118456,1
118457,0
118458,0
118459,0
118460,0
118461,0
118462,0
118463,0
118464,0
118465,1
118466,0
118467,0
118468,0
118469,0
118470,0
118471,0
118472,0
118473,0
118474,0
118475,1
118476,0
118477,0
118478,1
118479,0
118480,0
118481,0
118482,1
118483,0
118484,0
118485,0
118486,0
118487,0
118488,0
118489,0
118490,0
118491,0
118492,1
118493,1
118494,0
118495,1
118496,0
118497,0
118498,0
118499,0
118500,0
118501,0
118502,0
118503,0
118504,1
118505,1
118506,0
118507,0
118508,1
118509,0
118510,0
118511,0
118512,0
118513,0
118514,0
118515,0
118516,0
118517,0
118518,0
118519,0
118520,0
118521,1
118522,0
118523,0
118524,0
118525,0
118526,0
118527,0
118528,0
118529,0
118530,1
118531,0
118532,0
118533,0
118534,0
118535,0
118536,0
118537,0
118538,0
118539,0
118540,0
118541,0
118542,0
118543,0
118544,0
118545,1
118546,0
118547,0
118548,0
118549,0
118550,1
118551,0
118552,0
118553,0
118554,0
118555,1
118556,0
118557,0
118558,0
118559,0
118560,0
118561,0
118562,0
118563,1
118564,0
118565,0
118566,0
118567,1
118568,0
118569,0
118570,0
118571,0
118572,0
118573,0
118574,0
118575,0
118576,0
118577,0
118578,0
118579,0
118580,0
118581,1
118582,0
118583,0
118584,0
118585,0
118586,0
118587,0
118588,0
118589,0
118590,1
118591,0
118592,0
118593,0
118594,0
118595,0
118596,0
118597,0
118598,0
118599,1
118600,0
118601,0
118602,0
118603,0
118604,0
118605,0
118606,0
118607,0
118608,0
118609,0
118610,0
118611,0
118612,0
118613,0
118614,0
118615,0
118616,0
118617,1
118618,0
118619,0
118620,0
118621,0
118622,0
118623,0
118624,0
118625,1
118626,0
118627,0
118628,0
118629,0
118630,0
118631,0
118632,1
118633,0
118634,0
118635,0
118636,0
118637,0
118638,0
118639,0
118640,0
118641,0
118642,0
118643,0
118644,0
118645,0
118646,0
118647,1
118648,0
118649,1
118650,0
118651,0
118652,0
118653,0
118654,0
118655,0
118656,0
118657,0
118658,0
118659,0
118660,0
118661,0
118662,0
118663,0
118664,0
118665,0
118666,0
118667,0
118668,0
118669,0
118670,0
118671,1
118672,1
118673,0
118674,0
118675,0
118676,0
118677,0
118678,0
118679,0
118680,0
118681,0
118682,0
118683,0
118684,0
118685,0
118686,0
118687,0
118688,0
118689,0
118690,0
118691,0
118692,0
118693,0
118694,0
118695,0
118696,0
118697,0
118698,0
118699,0
118700,1
118701,1
118702,0
118703,1
118704,0
118705,0
118706,0
118707,0
118708,0
118709,0
118710,0
118711,0
118712,1
118713,0
118714,0
118715,0
118716,1
118717,0
118718,0
118719,0
118720,0
118721,1
118722,0
118723,0
118724,0
118725,0
118726,1
118727,0
118728,0
118729,0
118730,0
118731,1
118732,0
118733,0
118734,1
118735,0
118736,0
118737,0
118738,0
118739,0
118740,0
118741,0
118742,0
118743,0
118744,0
118745,0
118746,0
118747,0
118748,0
118749,0
118750,0
118751,0
118752,1
118753,0
118754,1
118755,0
118756,0
118757,0
118758,0
118759,0
118760,0
118761,0
118762,0
118763,0
118764,0
118765,0
118766,0
118767,0
118768,0
118769,0
118770,1
118771,0
118772,0
118773,1
118774,0
118775,0
118776,0
118777,0
118778,0
118779,0
118780,0
118781,0
118782,0
118783,0
118784,0
118785,0
118786,0
118787,0
118788,1
118789,0
118790,0
118791,0
118792,0
118793,0
118794,0
118795,0
118796,0
118797,0
118798,0
118799,0
118800,1
118801,0
118802,0
118803,0
118804,0
118805,0
118806,0
118807,1
118808,0
118809,0
118810,0
118811,0
118812,0
118813,0
118814,0
118815,0
118816,0
118817,0
118818,0
118819,0
118820,0
118821,0
118822,0
118823,0
118824,1
118825,0
118826,0
118827,0
118828,0
118829,0
118830,0
118831,0
118832,0
118833,0
118834,0
118835,0
118836,0
118837,1
118838,0
118839,0
118840,0
118841,0
118842,1
118843,0
118844,0
118845,0
118846,0
118847,1
118848,0
118849,0
118850,0
118851,0
118852,1
118853,0
118854,1
118855,1
118856,0
118857,0
118858,0
118859,0
118860,0
118861,0
118862,0
118863,1
118864,0
118865,0
118866,1
118867,0
118868,0
118869,0
118870,0
118871,0
118872,0
118873,1
118874,0
118875,0
118876,0
118877,1
118878,0
118879,0
118880,0
118881,1
118882,0
118883,0
118884,1
118885,1
118886,0
118887,0
118888,0
118889,0
118890,0
118891,0
118892,0
118893,0
118894,0
118895,0
118896,0
118897,0
118898,0
118899,0
118900,0
118901,0
118902,0
118903,0
118904,0
118905,0
118906,0
118907,0
118908,0
118909,0
118910,0
118911,0
118912,0
118913,0
118914,0
118915,0
118916,0
118917,0
118918,0
118919,0
118920,0
118921,0
118922,0
118923,0
118924,0
118925,0
118926,0
118927,0
118928,1
118929,0
118930,1
118931,0
118932,0
118933,0
118934,0
118935,0
118936,0
118937,0
118938,0
118939,0
118940,0
118941,0
118942,1
118943,0
118944,0
118945,0
118946,0
118947,0
118948,0
118949,0
118950,0
118951,1
118952,1
118953,0
118954,0
118955,0
118956,0
118957,1
118958,1
118959,0
118960,0
118961,0
118962,0
118963,0
118964,0
118965,0
118966,0
118967,0
118968,0
118969,0
118970,0
118971,0
118972,0
118973,0
118974,0
118975,0
118976,0
118977,0
118978,1
118979,0
118980,0
118981,0
118982,0
118983,1
118984,0
118985,1
118986,1
118987,0
118988,0
118989,0
118990,0
118991,0
118992,0
118993,1
118994,0
118995,0
118996,0
118997,1
118998,0
118999,1
119000,0
119001,1
119002,1
119003,0
119004,0
119005,0
119006,0
119007,1
119008,0
119009,0
119010,0
119011,0
119012,0
119013,0
119014,1
119015,1
119016,1
119017,0
119018,0
119019,0
119020,0
119021,0
119022,0
119023,0
119024,0
119025,0
119026,1
119027,0
119028,0
119029,0
119030,0
119031,0
119032,0
119033,0
119034,1
119035,0
119036,0
119037,0
119038,0
119039,0
119040,0
119041,0
119042,0
119043,1
119044,0
119045,1
119046,0
119047,0
119048,0
119049,0
119050,0
119051,0
119052,0
119053,0
119054,0
119055,0
119056,1
119057,0
119058,0
119059,0
119060,0
119061,0
119062,0
119063,1
119064,0
119065,0
119066,0
119067,0
119068,0
119069,0
119070,0
119071,0
119072,1
119073,0
119074,1
119075,0
119076,1
119077,0
119078,1
119079,1
119080,0
119081,0
119082,0
119083,0
119084,0
119085,0
119086,0
119087,0
119088,0
119089,0
119090,1
119091,0
119092,0
119093,1
119094,0
119095,0
119096,0
119097,0
119098,0
119099,0
119100,0
119101,1
119102,1
119103,0
119104,0
119105,0
119106,0
119107,0
119108,0
119109,0
119110,0
119111,0
119112,0
119113,0
119114,0
119115,0
119116,0
119117,0
119118,0
119119,0
119120,0
119121,0
119122,0
119123,0
119124,0
119125,0
119126,0
119127,0
119128,0
119129,0
119130,0
119131,0
119132,0
119133,0
119134,0
119135,0
119136,0
119137,0
119138,0
119139,0
119140,0
119141,0
119142,0
119143,0
119144,0
119145,0
119146,0
119147,0
119148,0
119149,0
119150,0
119151,0
119152,0
119153,0
119154,0
119155,0
119156,0
119157,0
119158,0
119159,0
119160,0
119161,0
119162,0
119163,1
119164,0
119165,0
119166,0
119167,0
119168,0
119169,0
119170,0
119171,1
119172,0
119173,0
119174,0
119175,0
119176,0
119177,0
119178,0
119179,0
119180,0
119181,0
119182,0
119183,0
119184,0
119185,0
119186,1
119187,0
119188,0
119189,0
119190,0
119191,0
119192,1
119193,0
119194,0
119195,0
119196,0
119197,1
119198,0
119199,0
119200,0
119201,0
119202,0
119203,0
119204,0
119205,0
119206,0
119207,1
119208,0
119209,0
119210,1
119211,0
119212,0
119213,0
119214,0
119215,0
119216,0
119217,0
119218,0
119219,0
119220,0
119221,0
119222,0
119223,0
119224,0
119225,0
119226,0
119227,0
119228,0
119229,0
119230,0
119231,0
119232,0
119233,0
119234,0
119235,0
119236,0
119237,0
119238,0
119239,0
119240,0
119241,0
119242,0
119243,0
119244,0
119245,0
119246,0
119247,0
119248,0
119249,1
119250,0
119251,0
119252,0
119253,0
119254,0
119255,0
119256,0
119257,0
119258,0
119259,0
119260,0
119261,0
119262,0
119263,0
119264,0
119265,1
119266,1
119267,0
119268,0
119269,0
119270,0
119271,0
119272,0
119273,0
119274,0
119275,0
119276,0
119277,0
119278,0
119279,0
119280,1
119281,0
119282,1
119283,0
119284,0
119285,0
119286,0
119287,0
119288,0
119289,0
119290,0
119291,0
119292,1
119293,0
119294,0
119295,1
119296,0
119297,0
119298,0
119299,1
119300,0
119301,0
119302,0
119303,0
119304,0
119305,0
119306,0
119307,0
119308,0
119309,0
119310,0
119311,0
119312,0
119313,1
119314,0
119315,0
119316,0
119317,0
119318,0
119319,0
119320,0
119321,0
119322,0
119323,0
119324,0
119325,0
119326,0
119327,0
119328,0
119329,1
119330,0
119331,0
119332,0
119333,0
119334,0
119335,0
119336,0
119337,0
119338,0
119339,0
119340,1
119341,0
119342,0
119343,0
119344,1
119345,0
119346,0
119347,0
119348,0
119349,0
119350,0
119351,0
119352,0
119353,0
119354,0
119355,0
119356,0
119357,1
119358,0
119359,0
119360,0
119361,0
119362,0
119363,0
119364,0
119365,0
119366,0
119367,0
119368,0
119369,0
119370,0
119371,0
119372,0
119373,1
119374,0
119375,0
119376,0
119377,0
119378,0
119379,0
119380,0
119381,0
119382,0
119383,1
119384,0
119385,0
119386,0
119387,0
119388,0
119389,0
119390,0
119391,0
119392,0
119393,0
119394,0
119395,0
119396,1
119397,0
119398,0
119399,0
119400,0
119401,0
119402,0
119403,0
119404,0
119405,0
119406,0
119407,0
119408,0
119409,0
119410,0
119411,0
119412,0
119413,0
119414,0
119415,0
119416,0
119417,1
119418,0
119419,0
119420,0
119421,0
119422,0
119423,0
119424,0
119425,0
119426,0
119427,0
119428,0
119429,0
119430,1
119431,0
119432,0
119433,0
119434,0
119435,0
119436,0
119437,0
119438,0
119439,0
119440,0
119441,0
119442,0
119443,0
119444,0
119445,1
119446,0
119447,0
119448,0
119449,0
119450,0
119451,0
119452,0
119453,0
119454,0
119455,0
119456,1
119457,0
119458,0
119459,0
119460,1
119461,0
119462,0
119463,0
119464,1
119465,0
119466,0
119467,0
119468,0
119469,0
119470,0
119471,1
119472,0
119473,0
119474,0
119475,1
119476,0
119477,0
119478,0
119479,0
119480,1
119481,0
119482,0
119483,0
119484,1
119485,0
119486,0
119487,0
119488,0
119489,0
119490,0
119491,0
119492,0
119493,0
119494,0
119495,0
119496,0
119497,0
119498,0
119499,1
119500,0
119501,0
119502,0
119503,0
119504,0
119505,0
119506,0
119507,0
119508,0
119509,0
119510,1
119511,0
119512,0
119513,0
119514,0
119515,0
119516,0
119517,0
119518,0
119519,0
119520,0
119521,0
119522,1
119523,0
119524,0
119525,1
119526,0
119527,1
119528,0
119529,0
119530,0
119531,0
119532,0
119533,0
119534,0
119535,0
119536,0
119537,1
119538,0
119539,0
119540,0
119541,0
119542,0
119543,0
119544,1
119545,0
119546,1
119547,1
119548,1
119549,0
119550,0
119551,0
119552,0
119553,0
119554,1
119555,0
119556,0
119557,0
119558,0
119559,0
119560,0
119561,1
119562,0
119563,0
119564,0
119565,0
119566,0
119567,0
119568,0
119569,0
119570,0
119571,0
119572,0
119573,0
119574,1
119575,0
119576,0
119577,0
119578,0
119579,0
119580,0
119581,0
119582,0
119583,0
119584,0
119585,0
119586,0
119587,0
119588,0
119589,0
119590,0
119591,0
119592,0
119593,1
119594,0
119595,0
119596,1
119597,0
119598,0
119599,0
119600,0
119601,0
119602,0
119603,0
119604,0
119605,1
119606,0
119607,0
119608,0
119609,0
119610,1
119611,0
119612,0
119613,0
119614,0
119615,0
119616,0
119617,0
119618,0
119619,0
119620,0
119621,0
119622,0
119623,0
119624,0
119625,0
119626,0
119627,0
119628,0
119629,0
119630,0
119631,0
119632,0
119633,0
119634,0
119635,0
119636,0
119637,0
119638,0
119639,0
119640,0
119641,0
119642,0
119643,0
119644,0
119645,0
119646,0
119647,0
119648,0
119649,0
119650,0
119651,0
119652,0
119653,0
119654,0
119655,0
119656,0
119657,0
119658,0
119659,0
119660,0
119661,0
119662,0
119663,0
119664,0
119665,0
119666,0
119667,0
119668,1
119669,1
119670,0
119671,0
119672,0
119673,0
119674,0
119675,0
119676,0
119677,0
119678,0
119679,0
119680,0
119681,0
119682,0
119683,0
119684,0
119685,0
119686,1
119687,0
119688,0
119689,0
119690,0
119691,0
119692,0
119693,0
119694,0
119695,0
119696,1
119697,0
119698,0
119699,0
119700,0
119701,0
119702,0
119703,0
119704,0
119705,1
119706,0
119707,0
119708,0
119709,0
119710,0
119711,0
119712,1
119713,0
119714,0
119715,0
119716,0
119717,0
119718,0
119719,0
119720,0
119721,0
119722,0
119723,0
119724,0
119725,0
119726,0
119727,0
119728,0
119729,1
119730,0
119731,0
119732,0
119733,0
119734,0
119735,0
119736,0
119737,0
119738,0
119739,0
119740,0
119741,0
119742,0
119743,0
119744,1
119745,1
119746,0
119747,0
119748,0
119749,0
119750,0
119751,1
119752,0
119753,1
119754,0
119755,0
119756,0
119757,0
119758,0
119759,0
119760,0
119761,0
119762,0
119763,0
119764,0
119765,0
119766,0
119767,0
119768,0
119769,0
119770,0
119771,1
119772,0
119773,0
119774,0
119775,0
119776,0
119777,0
119778,0
119779,0
119780,0
119781,0
119782,1
119783,0
119784,1
119785,0
119786,0
119787,1
119788,1
119789,1
119790,0
119791,0
119792,0
119793,0
119794,0
119795,0
119796,1
119797,1
119798,0
119799,0
119800,0
119801,0
119802,0
119803,0
119804,0
119805,0
119806,0
119807,0
119808,1
119809,0
119810,1
119811,0
119812,0
119813,0
119814,0
119815,0
119816,0
119817,0
119818,0
119819,0
119820,0
119821,0
119822,0
119823,0
119824,0
119825,0
119826,1
119827,0
119828,0
119829,0
119830,0
119831,0
119832,0
119833,0
119834,0
119835,0
119836,0
119837,0
119838,0
119839,0
119840,0
119841,0
119842,0
119843,0
119844,0
119845,0
119846,0
119847,0
119848,0
119849,0
119850,0
119851,0
119852,1
119853,0
119854,1
119855,0
119856,0
119857,0
119858,0
119859,0
119860,0
119861,0
119862,0
119863,1
119864,0
119865,1
119866,0
119867,0
119868,0
119869,1
119870,0
119871,0
119872,0
119873,0
119874,0
119875,0
119876,0
119877,0
119878,0
119879,0
119880,0
119881,0
119882,0
119883,0
119884,0
119885,1
119886,0
119887,0
119888,1
119889,0
119890,0
119891,1
119892,0
119893,0
119894,0
119895,0
119896,0
119897,0
119898,0
119899,1
119900,0
119901,0
119902,0
119903,0
119904,0
119905,0
119906,0
119907,0
119908,0
119909,0
119910,1
119911,0
119912,0
119913,0
119914,1
119915,0
119916,0
119917,0
119918,0
119919,0
119920,0
119921,1
119922,0
119923,1
119924,0
119925,0
119926,0
119927,0
119928,0
119929,0
119930,0
119931,0
119932,0
119933,0
119934,0
119935,0
119936,1
119937,0
119938,0
119939,0
119940,0
119941,1
119942,0
119943,0
119944,0
119945,0
119946,1
119947,1
119948,0
119949,0
119950,0
119951,1
119952,0
119953,0
119954,0
119955,0
119956,0
119957,1
119958,0
119959,0
119960,1
119961,0
119962,0
119963,0
119964,0
119965,0
119966,1
119967,1
119968,0
119969,0
119970,0
119971,0
119972,0
119973,0
119974,0
119975,0
119976,0
119977,0
119978,0
119979,0
119980,0
119981,0
119982,0
119983,0
119984,0
119985,0
119986,0
119987,0
119988,0
119989,0
119990,0
119991,0
119992,0
119993,0
119994,0
119995,0
119996,0
119997,1
119998,0
119999,0
120000,0
120001,0
120002,0
120003,0
120004,0
120005,0
120006,0
120007,0
120008,1
120009,0
120010,0
120011,0
120012,0
120013,0
120014,0
120015,0
120016,0
120017,0
120018,0
120019,0
120020,0
120021,0
120022,0
120023,0
120024,0
120025,1
120026,0
120027,0
120028,0
120029,0
120030,0
120031,1
120032,0
120033,0
120034,0
120035,0
120036,0
120037,0
120038,0
120039,0
120040,0
120041,0
120042,0
120043,0
120044,0
120045,1
120046,1
120047,0
120048,0
120049,0
120050,0
120051,0
120052,1
120053,0
120054,0
120055,0
120056,1
120057,0
120058,0
120059,0
120060,0
120061,0
120062,0
120063,0
120064,0
120065,0
120066,0
120067,1
120068,0
120069,0
120070,1
120071,0
120072,0
120073,0
120074,0
120075,0
120076,0
120077,0
120078,0
120079,0
120080,0
120081,0
120082,0
120083,0
120084,0
120085,0
120086,0
120087,1
120088,0
120089,1
120090,0
120091,0
120092,0
120093,0
120094,0
120095,0
120096,0
120097,0
120098,0
120099,0
120100,0
120101,0
120102,0
120103,0
120104,0
120105,0
120106,0
120107,0
120108,0
120109,0
120110,0
120111,0
120112,0
120113,1
120114,0
120115,0
120116,0
120117,0
120118,1
120119,0
120120,0
120121,1
120122,0
120123,0
120124,0
120125,0
120126,0
120127,0
120128,0
120129,0
120130,0
120131,0
120132,1
120133,0
120134,0
120135,0
120136,0
120137,1
120138,0
120139,0
120140,0
120141,0
120142,0
120143,0
120144,0
120145,0
120146,0
120147,0
120148,1
120149,1
120150,0
120151,0
120152,1
120153,0
120154,0
120155,0
120156,0
120157,0
120158,0
120159,0
120160,0
120161,0
120162,0
120163,0
120164,0
120165,0
120166,0
120167,0
120168,0
120169,0
120170,0
120171,0
120172,0
120173,0
120174,0
120175,0
120176,0
120177,0
120178,1
120179,1
120180,0
120181,0
120182,1
120183,0
120184,0
120185,0
120186,0
120187,0
120188,0
120189,0
120190,0
120191,0
120192,0
120193,0
120194,0
120195,1
120196,0
120197,0
120198,0
120199,1
120200,0
120201,0
120202,0
120203,0
120204,0
120205,0
120206,0
120207,0
120208,0
120209,0
120210,0
120211,0
120212,1
120213,0
120214,0
120215,0
120216,0
120217,0
120218,0
120219,0
120220,0
120221,1
120222,0
120223,0
120224,0
120225,0
120226,0
120227,0
120228,0
120229,1
120230,0
120231,0
120232,0
120233,0
120234,1
120235,0
120236,0
120237,0
120238,0
120239,0
120240,0
120241,0
120242,0
120243,0
120244,1
120245,0
120246,0
120247,0
120248,0
120249,0
120250,1
120251,0
120252,0
120253,1
120254,0
120255,0
120256,0
120257,0
120258,0
120259,0
120260,0
120261,0
120262,0
120263,0
120264,0
120265,0
120266,0
120267,0
120268,0
120269,0
120270,0
120271,0
120272,0
120273,0
120274,0
120275,0
120276,1
120277,0
120278,1
120279,0
120280,0
120281,0
120282,1
120283,0
120284,0
120285,0
120286,0
120287,0
120288,0
120289,0
120290,0
120291,0
120292,0
120293,0
120294,1
120295,0
120296,0
120297,1
120298,0
120299,0
120300,0
120301,1
120302,0
120303,0
120304,1
120305,0
120306,0
120307,0
120308,0
120309,0
120310,0
120311,0
120312,0
120313,0
120314,0
120315,0
120316,0
120317,1
120318,0
120319,0
120320,1
120321,0
120322,0
120323,0
120324,1
120325,0
120326,1
120327,0
120328,0
120329,0
120330,0
120331,0
120332,0
120333,0
120334,0
120335,0
120336,0
120337,0
120338,0
120339,0
120340,1
120341,0
120342,0
120343,0
120344,0
120345,0
120346,0
120347,0
120348,0
120349,0
120350,0
120351,0
120352,0
120353,0
120354,0
120355,0
120356,0
120357,0
120358,0
120359,0
120360,0
120361,0
120362,0
120363,0
120364,0
120365,0
120366,0
120367,0
120368,0
120369,1
120370,1
120371,0
120372,0
120373,0
120374,0
120375,0
120376,1
120377,0
120378,0
120379,0
120380,0
120381,0
120382,0
120383,0
120384,0
120385,0
120386,0
120387,0
120388,0
120389,0
120390,0
120391,0
120392,0
120393,0
120394,0
120395,0
120396,0
120397,0
120398,0
120399,0
120400,0
120401,0
120402,0
120403,0
120404,0
120405,0
120406,0
120407,0
120408,0
120409,0
120410,0
120411,0
120412,0
120413,0
120414,0
120415,0
120416,0
120417,0
120418,0
120419,0
120420,0
120421,0
120422,0
120423,0
120424,0
120425,0
120426,0
120427,0
120428,0
120429,0
120430,0
120431,0
120432,0
120433,1
120434,0
120435,0
120436,0
120437,0
120438,0
120439,0
120440,1
120441,0
120442,0
120443,0
120444,0
120445,0
120446,1
120447,0
120448,0
120449,0
120450,0
120451,0
120452,1
120453,0
120454,0
120455,0
120456,0
120457,0
120458,0
120459,0
120460,0
120461,0
120462,0
120463,0
120464,0
120465,0
120466,0
120467,0
120468,0
120469,1
120470,0
120471,0
120472,0
120473,0
120474,0
120475,0
120476,0
120477,0
120478,1
120479,1
120480,0
120481,1
120482,0
120483,0
120484,0
120485,0
120486,0
120487,0
120488,0
120489,0
120490,0
120491,0
120492,0
120493,0
120494,0
120495,0
120496,0
120497,0
120498,1
120499,1
120500,0
120501,0
120502,0
120503,0
120504,0
120505,0
120506,0
120507,0
120508,0
120509,0
120510,0
120511,0
120512,1
120513,0
120514,0
120515,0
120516,1
120517,0
120518,0
120519,1
120520,0
120521,0
120522,0
120523,0
120524,0
120525,0
120526,0
120527,1
120528,0
120529,1
120530,0
120531,0
120532,0
120533,1
120534,0
120535,0
120536,0
120537,0
120538,0
120539,0
120540,0
120541,1
120542,0
120543,0
120544,0
120545,0
120546,0
120547,0
120548,0
120549,0
120550,1
120551,0
120552,0
120553,0
120554,0
120555,0
120556,0
120557,0
120558,0
120559,0
120560,0
120561,1
120562,0
120563,1
120564,0
120565,1
120566,0
120567,1
120568,0
120569,0
120570,0
120571,0
120572,0
120573,0
120574,0
120575,0
120576,0
120577,0
120578,0
120579,1
120580,0
120581,0
120582,0
120583,0
120584,1
120585,0
120586,0
120587,0
120588,0
120589,0
120590,0
120591,0
120592,1
120593,0
120594,0
120595,0
120596,0
120597,0
120598,0
120599,1
120600,0
120601,1
120602,0
120603,0
120604,0
120605,0
120606,0
120607,1
120608,0
120609,0
120610,1
120611,0
120612,0
120613,0
120614,1
120615,0
120616,0
120617,0
120618,0
120619,1
120620,1
120621,1
120622,0
120623,0
120624,0
120625,0
120626,1
120627,0
120628,0
120629,0
120630,0
120631,0
120632,0
120633,0
120634,1
120635,0
120636,0
120637,0
120638,1
120639,0
120640,0
120641,0
120642,0
120643,0
120644,0
120645,0
120646,0
120647,1
120648,0
120649,0
120650,0
120651,0
120652,1
120653,0
120654,0
120655,0
120656,0
120657,1
120658,0
120659,0
120660,0
120661,0
120662,0
120663,0
120664,0
120665,1
120666,0
120667,0
120668,0
120669,0
120670,1
120671,0
120672,0
120673,0
120674,0
120675,0
120676,0
120677,0
120678,0
120679,0
120680,0
120681,0
120682,0
120683,0
120684,0
120685,1
120686,0
120687,0
120688,0
120689,0
120690,0
120691,0
120692,0
120693,0
120694,0
120695,0
120696,0
120697,0
120698,0
120699,0
120700,0
120701,1
120702,0
120703,0
120704,0
120705,1
120706,0
120707,0
120708,0
120709,0
120710,1
120711,0
120712,0
120713,0
120714,1
120715,0
120716,0
120717,0
120718,0
120719,0
120720,0
120721,0
120722,0
120723,0
120724,0
120725,0
120726,0
120727,0
120728,0
120729,0
120730,0
120731,0
120732,0
120733,0
120734,0
120735,0
120736,0
120737,0
120738,0
120739,0
120740,0
120741,0
120742,0
120743,0
120744,0
120745,0
120746,0
120747,0
120748,0
120749,0
120750,0
120751,0
120752,1
120753,0
120754,0
120755,0
120756,0
120757,0
120758,0
120759,0
120760,0
120761,0
120762,0
120763,0
120764,1
120765,0
120766,0
120767,0
120768,0
120769,0
120770,1
120771,0
120772,0
120773,0
120774,0
120775,1
120776,0
120777,0
120778,0
120779,0
120780,0
120781,0
120782,0
120783,0
120784,0
120785,0
120786,0
120787,0
120788,0
120789,0
120790,0
120791,1
120792,0
120793,0
120794,0
120795,0
120796,1
120797,0
120798,0
120799,0
120800,0
120801,0
120802,0
120803,0
120804,0
120805,0
120806,0
120807,0
120808,0
120809,0
120810,1
120811,0
120812,0
120813,0
120814,0
120815,0
120816,0
120817,0
120818,0
120819,0
120820,0
120821,0
120822,0
120823,0
120824,1
120825,0
120826,0
120827,0
120828,0
120829,0
120830,0
120831,0
120832,0
120833,0
120834,1
120835,0
120836,0
120837,0
120838,0
120839,1
120840,0
120841,0
120842,0
120843,0
120844,0
120845,0
120846,0
120847,0
120848,1
120849,0
120850,0
120851,0
120852,0
120853,0
120854,0
120855,0
120856,1
120857,1
120858,0
120859,0
120860,1
120861,0
120862,0
120863,0
120864,0
120865,0
120866,0
120867,0
120868,0
120869,0
120870,0
120871,1
120872,0
120873,0
120874,0
120875,0
120876,0
120877,0
120878,0
120879,0
120880,0
120881,0
120882,0
120883,0
120884,0
120885,0
120886,0
120887,0
120888,0
120889,0
120890,1
120891,0
120892,0
120893,0
120894,0
120895,0
120896,0
120897,0
120898,0
120899,0
120900,0
120901,1
120902,0
120903,1
120904,1
120905,0
120906,0
120907,0
120908,0
120909,0
120910,0
120911,0
120912,0
120913,0
120914,0
120915,0
120916,0
120917,0
120918,0
120919,0
120920,0
120921,0
120922,0
120923,0
120924,0
120925,0
120926,0
120927,0
120928,1
120929,0
120930,1
120931,0
120932,0
120933,1
120934,0
120935,0
120936,0
120937,1
120938,0
120939,1
120940,0
120941,0
120942,0
120943,0
120944,0
120945,0
120946,0
120947,0
120948,0
120949,0
120950,1
120951,0
120952,0
120953,0
120954,0
120955,0
120956,1
120957,1
120958,0
120959,0
120960,0
120961,0
120962,0
120963,0
120964,1
120965,0
120966,0
120967,0
120968,0
120969,1
120970,1
120971,0
120972,0
120973,0
120974,0
120975,0
120976,0
120977,0
120978,1
120979,0
120980,1
120981,0
120982,0
120983,0
120984,0
120985,0
120986,1
120987,0
120988,0
120989,1
120990,0
120991,0
120992,0
120993,0
120994,0
120995,1
120996,0
120997,0
120998,0
120999,0
121000,0
121001,0
121002,0
121003,0
121004,0
121005,0
121006,0
121007,0
121008,0
121009,1
121010,0
121011,0
121012,0
121013,0
121014,0
121015,0
121016,0
121017,0
121018,0
121019,0
121020,0
121021,0
121022,0
121023,0
121024,1
121025,0
121026,0
121027,0
121028,0
121029,0
121030,0
121031,0
121032,0
121033,0
121034,0
121035,0
121036,0
121037,0
121038,0
121039,0
121040,1
121041,0
121042,0
121043,0
121044,0
121045,0
121046,0
121047,1
121048,0
121049,0
121050,0
121051,0
121052,0
121053,0
121054,0
121055,0
121056,0
121057,0
121058,0
121059,0
121060,0
121061,0
121062,1
121063,0
121064,1
121065,0
121066,0
121067,0
121068,0
121069,0
121070,0
121071,0
121072,0
121073,0
121074,1
121075,0
121076,0
121077,0
121078,0
121079,1
121080,0
121081,0
121082,0
121083,0
121084,1
121085,0
121086,0
121087,1
121088,0
121089,1
121090,0
121091,0
121092,0
121093,0
121094,0
121095,0
121096,1
121097,0
121098,0
121099,0
121100,0
121101,0
121102,0
121103,1
121104,0
121105,0
121106,0
121107,0
121108,0
121109,0
121110,0
121111,0
121112,0
121113,0
121114,0
121115,0
121116,0
121117,1
121118,0
121119,0
121120,0
121121,0
121122,0
121123,0
121124,0
121125,0
121126,0
121127,0
121128,1
121129,0
121130,0
121131,0
121132,0
121133,0
121134,0
121135,0
121136,0
121137,0
121138,0
121139,0
121140,1
121141,0
121142,0
121143,1
121144,0
121145,0
121146,0
121147,1
121148,0
121149,0
121150,0
121151,0
121152,0
121153,0
121154,1
121155,0
121156,0
121157,1
121158,0
121159,0
121160,0
121161,1
121162,1
121163,1
121164,1
121165,0
121166,0
121167,0
121168,1
121169,0
121170,0
121171,0
121172,0
121173,0
121174,0
121175,0
121176,0
121177,1
121178,0
121179,0
121180,0
121181,0
121182,1
121183,0
121184,0
121185,0
121186,0
121187,0
121188,0
121189,0
121190,0
121191,0
121192,0
121193,1
121194,0
121195,0
121196,0
121197,0
121198,0
121199,0
121200,0
121201,0
121202,0
121203,0
121204,0
121205,0
121206,0
121207,0
121208,0
121209,0
121210,1
121211,1
121212,1
121213,0
121214,0
121215,0
121216,0
121217,0
121218,0
121219,0
121220,0
121221,0
121222,0
121223,0
121224,0
121225,0
121226,0
121227,0
121228,0
121229,0
121230,0
121231,0
121232,0
121233,0
121234,0
121235,0
121236,0
121237,0
121238,0
121239,0
121240,0
121241,0
121242,0
121243,0
121244,0
121245,0
121246,0
121247,0
121248,0
121249,0
121250,0
121251,0
121252,0
121253,0
121254,0
121255,0
121256,0
121257,0
121258,0
121259,0
121260,1
121261,0
121262,0
121263,1
121264,0
121265,0
121266,0
121267,0
121268,0
121269,0
121270,0
121271,0
121272,0
121273,0
121274,0
121275,0
121276,0
121277,0
121278,0
121279,0
121280,0
121281,0
121282,0
121283,0
121284,0
121285,0
121286,0
121287,0
121288,0
121289,0
121290,0
121291,0
121292,0
121293,0
121294,0
121295,0
121296,0
121297,1
121298,0
121299,0
121300,0
121301,0
121302,0
121303,0
121304,0
121305,0
121306,0
121307,0
121308,0
121309,0
121310,1
121311,0
121312,0
121313,0
121314,0
121315,0
121316,0
121317,0
121318,1
121319,0
121320,0
121321,0
121322,0
121323,0
121324,0
121325,0
121326,0
121327,0
121328,0
121329,0
121330,0
121331,0
121332,0
121333,0
121334,0
121335,0
121336,0
121337,0
121338,1
121339,0
121340,0
121341,0
121342,0
121343,0
121344,0
121345,0
121346,0
121347,0
121348,0
121349,0
121350,0
121351,0
121352,0
121353,0
121354,0
121355,0
121356,0
121357,0
121358,0
121359,1
121360,0
121361,0
121362,0
121363,1
121364,0
121365,0
121366,0
121367,0
121368,0
121369,0
121370,0
121371,0
121372,0
121373,0
121374,0
121375,0
121376,0
121377,0
121378,0
121379,1
121380,0
121381,0
121382,0
121383,0
121384,0
121385,0
121386,0
121387,0
121388,0
121389,0
121390,0
121391,0
121392,0
121393,0
121394,0
121395,0
121396,0
121397,1
121398,0
121399,1
121400,0
121401,0
121402,0
121403,0
121404,0
121405,1
121406,0
121407,0
121408,0
121409,0
121410,0
121411,0
121412,0
121413,1
121414,0
121415,1
121416,0
121417,0
121418,1
121419,0
121420,1
121421,0
121422,0
121423,0
121424,0
121425,0
121426,0
121427,0
121428,0
121429,0
121430,0
121431,0
121432,0
121433,0
121434,0
121435,0
121436,0
121437,0
121438,0
121439,0
121440,0
121441,0
121442,0
121443,0
121444,0
121445,0
121446,1
121447,0
121448,0
121449,0
121450,0
121451,0
121452,0
121453,0
121454,0
121455,0
121456,0
121457,0
121458,0
121459,0
121460,1
121461,1
121462,0
121463,0
121464,0
121465,0
121466,0
121467,0
121468,0
121469,0
121470,0
121471,0
121472,0
121473,1
121474,0
121475,1
121476,0
121477,0
121478,0
121479,0
121480,0
121481,0
121482,0
121483,0
121484,0
121485,1
121486,0
121487,0
121488,0
121489,0
121490,0
121491,0
121492,1
121493,0
121494,0
121495,0
121496,0
121497,0
121498,0
121499,0
121500,0
121501,0
121502,1
121503,0
121504,0
121505,1
121506,0
121507,0
121508,0
121509,1
121510,0
121511,0
121512,0
121513,0
121514,0
121515,0
121516,0
121517,0
121518,0
121519,0
121520,0
121521,0
121522,0
121523,0
121524,0
121525,0
121526,0
121527,0
121528,0
121529,0
121530,0
121531,0
121532,1
121533,0
121534,0
121535,0
121536,1
121537,0
121538,0
121539,0
121540,0
121541,0
121542,0
121543,0
121544,0
121545,0
121546,1
121547,0
121548,0
121549,1
121550,0
121551,0
121552,0
121553,0
121554,0
121555,0
121556,0
121557,0
121558,0
121559,0
121560,0
121561,0
121562,0
121563,0
121564,0
121565,0
121566,0
121567,0
121568,0
121569,0
121570,0
121571,1
121572,0
121573,0
121574,0
121575,0
121576,0
121577,0
121578,0
121579,0
121580,0
121581,0
121582,0
121583,0
121584,0
121585,1
121586,0
121587,0
121588,0
121589,0
121590,0
121591,0
121592,0
121593,0
121594,0
121595,0
121596,0
121597,0
121598,0
121599,0
121600,0
121601,0
121602,0
121603,0
121604,0
121605,0
121606,0
121607,0
121608,0
121609,0
121610,1
121611,0
121612,0
121613,0
121614,0
121615,1
121616,0
121617,0
121618,0
121619,0
121620,0
121621,1
121622,0
121623,0
121624,0
121625,0
121626,0
121627,0
121628,0
121629,0
121630,0
121631,0
121632,0
121633,0
121634,0
121635,0
121636,0
121637,1
121638,0
121639,0
121640,0
121641,0
121642,1
121643,1
121644,1
121645,0
121646,0
121647,0
121648,0
121649,1
121650,0
121651,0
121652,0
121653,0
121654,0
121655,0
121656,0
121657,0
121658,0
121659,0
121660,0
121661,0
121662,0
121663,0
121664,0
121665,0
121666,1
121667,0
121668,1
121669,0
121670,0
121671,0
121672,0
121673,1
121674,1
121675,0
121676,0
121677,0
121678,0
121679,0
121680,0
121681,0
121682,0
121683,0
121684,0
121685,0
121686,0
121687,0
121688,0
121689,1
121690,0
121691,0
121692,1
121693,0
121694,0
121695,0
121696,0
121697,0
121698,0
121699,0
121700,0
121701,0
121702,0
121703,0
121704,1
121705,0
121706,1
121707,0
121708,0
121709,0
121710,1
121711,0
121712,0
121713,1
121714,0
121715,1
121716,0
121717,0
121718,0
121719,1
121720,0
121721,0
121722,0
121723,0
121724,1
121725,0
121726,0
121727,0
121728,0
121729,0
121730,0
121731,0
121732,0
121733,0
121734,0
121735,0
121736,0
121737,0
121738,0
121739,0
121740,1
121741,0
121742,0
121743,1
121744,0
121745,0
121746,0
121747,0
121748,0
121749,0
121750,0
121751,0
121752,0
121753,0
121754,0
121755,0
121756,0
121757,0
121758,0
121759,1
121760,0
121761,0
121762,0
121763,0
121764,0
121765,0
121766,0
121767,0
121768,0
121769,0
121770,0
121771,1
121772,0
121773,0
121774,0
121775,0
121776,0
121777,0
121778,0
121779,0
121780,0
121781,0
121782,0
121783,1
121784,0
121785,0
121786,0
121787,0
121788,0
121789,0
121790,1
121791,0
121792,0
121793,0
121794,1
121795,0
121796,0
121797,0
121798,0
121799,0
121800,1
121801,0
121802,0
121803,0
121804,0
121805,0
121806,0
121807,0
121808,0
121809,1
121810,1
121811,0
121812,0
121813,0
121814,0
121815,0
121816,0
121817,0
121818,0
121819,0
121820,0
121821,0
121822,0
121823,0
121824,0
121825,0
121826,0
121827,0
121828,1
121829,0
121830,0
121831,0
121832,0
121833,0
121834,0
121835,0
121836,0
121837,0
121838,0
121839,1
121840,0
121841,0
121842,1
121843,0
121844,0
121845,0
121846,0
121847,0
121848,0
121849,0
121850,0
121851,0
121852,0
121853,0
121854,0
121855,0
121856,0
121857,1
121858,0
121859,0
121860,0
121861,0
121862,0
121863,0
121864,0
121865,0
121866,0
121867,0
121868,1
121869,0
121870,1
121871,0
121872,0
121873,0
121874,0
121875,0
121876,1
121877,0
121878,0
121879,0
121880,1
121881,0
121882,0
121883,0
121884,0
121885,0
121886,0
121887,0
121888,0
121889,0
121890,0
121891,0
121892,0
121893,0
121894,0
121895,0
121896,0
121897,0
121898,1
121899,0
121900,0
121901,0
121902,0
121903,0
121904,0
121905,1
121906,0
121907,0
121908,0
121909,0
121910,0
121911,0
121912,0
121913,0
121914,0
121915,0
121916,1
121917,0
121918,0
121919,0
121920,0
121921,0
121922,0
121923,0
121924,0
121925,1
121926,0
121927,0
121928,0
121929,0
121930,0
121931,1
121932,1
121933,0
121934,0
121935,0
121936,0
121937,0
121938,0
121939,0
121940,0
121941,0
121942,0
121943,0
121944,0
121945,1
121946,0
121947,0
121948,0
121949,0
121950,0
121951,1
121952,0
121953,0
121954,0
121955,0
121956,0
121957,0
121958,0
121959,0
121960,0
121961,0
121962,0
121963,0
121964,1
121965,0
121966,0
121967,0
121968,1
121969,1
121970,1
121971,0
121972,0
121973,0
121974,0
121975,0
121976,1
121977,0
121978,0
121979,0
121980,0
121981,0
121982,1
121983,0
121984,0
121985,0
121986,0
121987,1
121988,0
121989,0
121990,0
121991,0
121992,1
121993,0
121994,0
121995,0
121996,0
121997,1
121998,0
121999,0
122000,0
122001,0
122002,0
122003,0
122004,0
122005,0
122006,0
122007,0
122008,0
122009,0
122010,0
122011,1
122012,0
122013,0
122014,0
122015,0
122016,1
122017,0
122018,0
122019,0
122020,0
122021,1
122022,0
122023,0
122024,0
122025,0
122026,0
122027,0
122028,0
122029,0
122030,1
122031,1
122032,0
122033,0
122034,1
122035,0
122036,0
122037,1
122038,0
122039,0
122040,0
122041,0
122042,0
122043,0
122044,0
122045,1
122046,0
122047,0
122048,0
122049,0
122050,0
122051,0
122052,0
122053,0
122054,0
122055,1
122056,0
122057,1
122058,0
122059,1
122060,0
122061,0
122062,1
122063,0
122064,0
122065,0
122066,0
122067,0
122068,0
122069,0
122070,0
122071,0
122072,0
122073,0
122074,0
122075,0
122076,1
122077,1
122078,0
122079,0
122080,0
122081,1
122082,0
122083,0
122084,0
122085,0
122086,0
122087,0
122088,0
122089,1
122090,0
122091,1
122092,0
122093,0
122094,0
122095,0
122096,0
122097,0
122098,0
122099,0
122100,0
122101,0
122102,0
122103,0
122104,0
122105,0
122106,0
122107,0
122108,0
122109,0
122110,0
122111,0
122112,0
122113,0
122114,0
122115,1
122116,0
122117,0
122118,0
122119,0
122120,0
122121,0
122122,0
122123,0
122124,0
122125,0
122126,0
122127,0
122128,0
122129,0
122130,0
122131,0
122132,0
122133,0
122134,0
122135,0
122136,0
122137,0
122138,0
122139,0
122140,0
122141,0
122142,0
122143,0
122144,0
122145,0
122146,0
122147,0
122148,0
122149,0
122150,0
122151,0
122152,0
122153,0
122154,0
122155,0
122156,0
122157,0
122158,0
122159,0
122160,0
122161,0
122162,0
122163,0
122164,0
122165,0
122166,0
122167,0
122168,0
122169,1
122170,0
122171,0
122172,0
122173,0
122174,0
122175,0
122176,0
122177,0
122178,0
122179,0
122180,0
122181,0
122182,0
122183,0
122184,0
122185,0
122186,1
122187,1
122188,0
122189,1
122190,0
122191,0
122192,0
122193,0
122194,0
122195,0
122196,0
122197,0
122198,0
122199,0
122200,0
122201,0
122202,0
122203,0
122204,1
122205,0
122206,1
122207,1
122208,0
122209,1
122210,0
122211,0
122212,0
122213,0
122214,0
122215,1
122216,0
122217,0
122218,0
122219,0
122220,1
122221,0
122222,0
122223,0
122224,0
122225,0
122226,0
122227,0
122228,0
122229,0
122230,0
122231,1
122232,0
122233,0
122234,0
122235,0
122236,0
122237,0
122238,0
122239,1
122240,0
122241,0
122242,0
122243,0
122244,1
122245,0
122246,0
122247,0
122248,0
122249,0
122250,1
122251,0
122252,0
122253,0
122254,0
122255,1
122256,0
122257,0
122258,0
122259,0
122260,0
122261,0
122262,0
122263,0
122264,0
122265,1
122266,1
122267,0
122268,0
122269,0
122270,0
122271,0
122272,0
122273,0
122274,0
122275,0
122276,0
122277,0
122278,0
122279,0
122280,0
122281,0
122282,0
122283,0
122284,0
122285,0
122286,0
122287,0
122288,1
122289,0
122290,0
122291,0
122292,0
122293,0
122294,1
122295,0
122296,0
122297,0
122298,0
122299,0
122300,0
122301,0
122302,0
122303,0
122304,1
122305,0
122306,0
122307,0
122308,0
122309,0
122310,0
122311,0
122312,0
122313,0
122314,0
122315,0
122316,0
122317,0
122318,0
122319,0
122320,0
122321,0
122322,0
122323,1
122324,0
122325,0
122326,0
122327,0
122328,0
122329,0
122330,0
122331,0
122332,0
122333,0
122334,0
122335,0
122336,0
122337,0
122338,0
122339,0
122340,1
122341,0
122342,0
122343,0
122344,0
122345,0
122346,0
122347,0
122348,0
122349,0
122350,0
122351,1
122352,0
122353,0
122354,0
122355,0
122356,0
122357,1
122358,1
122359,0
122360,0
122361,0
122362,0
122363,0
122364,0
122365,0
122366,0
122367,1
122368,0
122369,0
122370,0
122371,0
122372,0
122373,0
122374,0
122375,0
122376,0
122377,0
122378,1
122379,0
122380,0
122381,0
122382,0
122383,0
122384,1
122385,0
122386,0
122387,0
122388,0
122389,0
122390,0
122391,0
122392,0
122393,0
122394,0
122395,1
122396,0
122397,0
122398,0
122399,0
122400,0
122401,0
122402,1
122403,0
122404,0
122405,0
122406,0
122407,0
122408,1
122409,0
122410,0
122411,1
122412,0
122413,0
122414,1
122415,0
122416,0
122417,0
122418,0
122419,0
122420,1
122421,1
122422,0
122423,0
122424,0
122425,0
122426,0
122427,0
122428,0
122429,0
122430,0
122431,0
122432,0
122433,0
122434,0
122435,0
122436,0
122437,0
122438,0
122439,0
122440,0
122441,0
122442,0
122443,0
122444,0
122445,0
122446,0
122447,1
122448,0
122449,0
122450,0
122451,0
122452,0
122453,0
122454,0
122455,0
122456,0
122457,0
122458,0
122459,0
122460,0
122461,0
122462,1
122463,0
122464,0
122465,0
122466,0
122467,0
122468,1
122469,0
122470,0
122471,0
122472,0
122473,1
122474,0
122475,0
122476,0
122477,0
122478,0
122479,0
122480,0
122481,0
122482,0
122483,0
122484,0
122485,0
122486,0
122487,0
122488,0
122489,0
122490,0
122491,0
122492,0
122493,0
122494,1
122495,0
122496,0
122497,0
122498,1
122499,1
122500,0
122501,0
122502,0
122503,0
122504,0
122505,0
122506,0
122507,1
122508,0
122509,0
122510,0
122511,0
122512,0
122513,0
122514,0
122515,0
122516,0
122517,0
122518,0
122519,0
122520,0
122521,0
122522,0
122523,0
122524,0
122525,0
122526,0
122527,0
122528,0
122529,0
122530,1
122531,0
122532,0
122533,0
122534,0
122535,0
122536,1
122537,1
122538,1
122539,0
122540,0
122541,0
122542,1
122543,0
122544,1
122545,0
122546,1
122547,0
122548,1
122549,0
122550,0
122551,0
122552,0
122553,0
122554,1
122555,1
122556,0
122557,0
122558,0
122559,0
122560,0
122561,0
122562,0
122563,0
122564,0
122565,0
122566,1
122567,1
122568,0
122569,0
122570,0
122571,0
122572,0
122573,0
122574,0
122575,0
122576,0
122577,0
122578,1
122579,0
122580,0
122581,1
122582,0
122583,0
122584,0
122585,0
122586,0
122587,0
122588,0
122589,0
122590,0
122591,0
122592,0
122593,0
122594,0
122595,0
122596,0
122597,0
122598,1
122599,0
122600,1
122601,1
122602,0
122603,0
122604,0
122605,0
122606,0
122607,0
122608,0
122609,0
122610,1
122611,0
122612,0
122613,0
122614,0
122615,0
122616,0
122617,0
122618,0
122619,0
122620,0
122621,0
122622,0
122623,0
122624,0
122625,0
122626,0
122627,0
122628,0
122629,0
122630,0
122631,0
122632,0
122633,0
122634,0
122635,0
122636,0
122637,0
122638,1
122639,0
122640,0
122641,0
122642,0
122643,0
122644,0
122645,0
122646,0
122647,0
122648,0
122649,0
122650,0
122651,0
122652,0
122653,0
122654,0
122655,0
122656,0
122657,0
122658,0
122659,0
122660,0
122661,0
122662,0
122663,0
122664,0
122665,0
122666,0
122667,0
122668,0
122669,0
122670,0
122671,0
122672,0
122673,0
122674,0
122675,0
122676,0
122677,0
122678,0
122679,0
122680,0
122681,0
122682,0
122683,0
122684,0
122685,0
122686,0
122687,0
122688,1
122689,0
122690,0
122691,0
122692,0
122693,0
122694,0
122695,0
122696,0
122697,0
122698,0
122699,0
122700,0
122701,0
122702,0
122703,0
122704,0
122705,0
122706,0
122707,0
122708,0
122709,0
122710,1
122711,0
122712,0
122713,0
122714,1
122715,0
122716,0
122717,0
122718,0
122719,0
122720,0
122721,1
122722,0
122723,0
122724,0
122725,0
122726,0
122727,0
122728,0
122729,0
122730,0
122731,0
122732,0
122733,0
122734,0
122735,1
122736,1
122737,0
122738,0
122739,0
122740,0
122741,0
122742,0
122743,0
122744,0
122745,0
122746,0
122747,0
122748,0
122749,0
122750,0
122751,0
122752,0
122753,0
122754,1
122755,0
122756,0
122757,0
122758,0
122759,0
122760,0
122761,0
122762,1
122763,0
122764,0
122765,0
122766,1
122767,0
122768,0
122769,0
122770,0
122771,0
122772,0
122773,0
122774,1
122775,0
122776,0
122777,0
122778,0
122779,0
122780,0
122781,0
122782,1
122783,0
122784,0
122785,0
122786,0
122787,0
122788,0
122789,0
122790,0
122791,0
122792,0
122793,0
122794,0
122795,0
122796,0
122797,0
122798,0
122799,0
122800,0
122801,0
122802,0
122803,0
122804,0
122805,0
122806,0
122807,1
122808,1
122809,0
122810,0
122811,0
122812,0
122813,0
122814,0
122815,0
122816,0
122817,0
122818,0
122819,0
122820,0
122821,0
122822,0
122823,0
122824,0
122825,0
122826,0
122827,0
122828,0
122829,1
122830,0
122831,0
122832,0
122833,0
122834,0
122835,0
122836,0
122837,1
122838,0
122839,0
122840,0
122841,0
122842,1
122843,0
122844,0
122845,0
122846,0
122847,0
122848,0
122849,0
122850,0
122851,0
122852,1
122853,0
122854,0
122855,1
122856,0
122857,0
122858,0
122859,0
122860,0
122861,0
122862,0
122863,1
122864,0
122865,1
122866,0
122867,0
122868,0
122869,0
122870,0
122871,0
122872,0
122873,0
122874,0
122875,0
122876,0
122877,0
122878,1
122879,0
122880,0
122881,0
122882,0
122883,0
122884,0
122885,0
122886,0
122887,0
122888,0
122889,0
122890,0
122891,0
122892,0
122893,0
122894,0
122895,0
122896,0
122897,0
122898,0
122899,0
122900,0
122901,0
122902,0
122903,0
122904,0
122905,0
122906,0
122907,1
122908,0
122909,0
122910,0
122911,0
122912,0
122913,1
122914,0
122915,0
122916,0
122917,1
122918,0
122919,0
122920,0
122921,0
122922,0
122923,0
122924,0
122925,0
122926,0
122927,1
122928,0
122929,0
122930,0
122931,0
122932,0
122933,0
122934,0
122935,0
122936,0
122937,0
122938,1
122939,0
122940,1
122941,0
122942,0
122943,0
122944,0
122945,0
122946,0
122947,0
122948,0
122949,0
122950,0
122951,0
122952,1
122953,0
122954,0
122955,0
122956,0
122957,0
122958,0
122959,0
122960,0
122961,0
122962,0
122963,1
122964,0
122965,0
122966,0
122967,0
122968,0
122969,1
122970,0
122971,0
122972,0
122973,0
122974,0
122975,1
122976,0
122977,0
122978,0
122979,0
122980,0
122981,0
122982,0
122983,0
122984,0
122985,0
122986,0
122987,0
122988,0
122989,1
122990,1
122991,0
122992,0
122993,0
122994,0
122995,0
122996,0
122997,0
122998,0
122999,0
123000,0
123001,0
123002,1
123003,0
123004,0
123005,0
123006,0
123007,0
123008,0
123009,0
123010,0
123011,0
123012,0
123013,0
123014,0
123015,0
123016,0
123017,0
123018,0
123019,0
123020,0
123021,0
123022,0
123023,0
123024,0
123025,0
123026,0
123027,0
123028,0
123029,0
123030,0
123031,0
123032,0
123033,0
123034,0
123035,0
123036,0
123037,0
123038,0
123039,0
123040,0
123041,0
123042,0
123043,0
123044,1
123045,0
123046,0
123047,0
123048,0
123049,0
123050,0
123051,0
123052,0
123053,0
123054,0
123055,0
123056,1
123057,0
123058,0
123059,0
123060,0
123061,0
123062,0
123063,0
123064,1
123065,0
123066,0
123067,0
123068,0
123069,0
123070,0
123071,1
123072,0
123073,0
123074,0
123075,0
123076,0
123077,1
123078,1
123079,0
123080,0
123081,0
123082,0
123083,0
123084,0
123085,0
123086,0
123087,0
123088,0
123089,0
123090,0
123091,0
123092,0
123093,0
123094,0
123095,0
123096,0
123097,0
123098,0
123099,0
123100,0
123101,1
123102,1
123103,0
123104,0
123105,0
123106,0
123107,0
123108,0
123109,1
123110,0
123111,0
123112,1
123113,0
123114,0
123115,0
123116,0
123117,0
123118,0
123119,0
123120,0
123121,0
123122,0
123123,0
123124,0
123125,0
123126,0
123127,0
123128,1
123129,0
123130,0
123131,0
123132,1
123133,1
123134,0
123135,0
123136,0
123137,0
123138,0
123139,0
123140,1
123141,0
123142,0
123143,0
123144,0
123145,0
123146,0
123147,1
123148,0
123149,0
123150,0
123151,0
123152,0
123153,0
123154,1
123155,0
123156,0
123157,0
123158,0
123159,0
123160,0
123161,0
123162,0
123163,1
123164,0
123165,0
123166,0
123167,0
123168,0
123169,0
123170,0
123171,0
123172,0
123173,0
123174,1
123175,0
123176,1
123177,0
123178,0
123179,0
123180,1
123181,0
123182,0
123183,0
123184,0
123185,0
123186,0
123187,0
123188,0
123189,0
123190,1
123191,0
123192,0
123193,0
123194,0
123195,0
123196,0
123197,0
123198,0
123199,1
123200,0
123201,0
123202,0
123203,0
123204,0
123205,0
123206,0
123207,0
123208,0
123209,0
123210,1
123211,1
123212,1
123213,0
123214,1
123215,0
123216,0
123217,0
123218,0
123219,0
123220,0
123221,1
123222,0
123223,0
123224,0
123225,0
123226,0
123227,0
123228,0
123229,0
123230,0
123231,0
123232,0
123233,0
123234,0
123235,0
123236,1
123237,1
123238,0
123239,0
123240,0
123241,0
123242,0
123243,0
123244,1
123245,0
123246,0
123247,0
123248,0
123249,0
123250,0
123251,0
123252,1
123253,1
123254,0
123255,0
123256,0
123257,0
123258,0
123259,0
123260,0
123261,0
123262,1
123263,0
123264,0
123265,1
123266,0
123267,0
123268,0
123269,0
123270,0
123271,0
123272,0
123273,0
123274,0
123275,0
123276,0
123277,0
123278,0
123279,0
123280,0
123281,0
123282,0
123283,0
123284,0
123285,0
123286,0
123287,0
123288,0
123289,0
123290,0
123291,0
123292,0
123293,0
123294,1
123295,0
123296,0
123297,0
123298,0
123299,0
123300,1
123301,0
123302,0
123303,0
123304,0
123305,0
123306,0
123307,1
123308,0
123309,0
123310,0
123311,0
123312,0
123313,1
123314,0
123315,0
123316,1
123317,0
123318,0
123319,0
123320,0
123321,0
123322,0
123323,0
123324,1
123325,0
123326,0
123327,0
123328,0
123329,0
123330,0
123331,0
123332,0
123333,0
123334,0
123335,0
123336,0
123337,1
123338,0
123339,0
123340,0
123341,0
123342,0
123343,0
123344,0
123345,0
123346,0
123347,0
123348,0
123349,0
123350,0
123351,0
123352,0
123353,0
123354,1
123355,0
123356,0
123357,0
123358,0
123359,0
123360,0
123361,0
123362,0
123363,0
123364,0
123365,0
123366,0
123367,0
123368,0
123369,0
123370,0
123371,0
123372,0
123373,1
123374,0
123375,0
123376,0
123377,0
123378,0
123379,0
123380,0
123381,1
123382,1
123383,0
123384,0
123385,0
123386,0
123387,0
123388,0
123389,0
123390,0
123391,0
123392,0
123393,0
123394,1
123395,0
123396,0
123397,0
123398,0
123399,0
123400,0
123401,0
123402,1
123403,0
123404,0
123405,0
123406,0
123407,1
123408,0
123409,0
123410,0
123411,0
123412,0
123413,0
123414,0
123415,0
123416,0
123417,0
123418,1
123419,0
123420,1
123421,0
123422,0
123423,0
123424,0
123425,0
123426,0
123427,0
123428,0
123429,0
123430,0
123431,1
123432,0
123433,0
123434,0
123435,0
123436,0
123437,0
123438,0
123439,0
123440,1
123441,0
123442,0
123443,0
123444,0
123445,0
123446,1
123447,0
123448,0
123449,0
123450,0
123451,1
123452,0
123453,0
123454,1
123455,0
123456,0
123457,0
123458,0
123459,0
123460,0
123461,1
123462,0
123463,0
123464,0
123465,0
123466,0
123467,1
123468,0
123469,0
123470,0
123471,0
123472,0
123473,0
123474,1
123475,1
123476,0
123477,0
123478,0
123479,0
123480,0
123481,1
123482,0
123483,0
123484,0
123485,0
123486,0
123487,0
123488,0
123489,0
123490,0
123491,0
123492,0
123493,0
123494,0
123495,0
123496,0
123497,1
123498,0
123499,0
123500,0
123501,1
123502,1
123503,1
123504,0
123505,0
123506,0
123507,0
123508,0
123509,0
123510,0
123511,0
123512,0
123513,0
123514,0
123515,0
123516,0
123517,0
123518,0
123519,0
123520,0
123521,0
123522,0
123523,0
123524,0
123525,0
123526,0
123527,0
123528,0
123529,0
123530,0
123531,0
123532,0
123533,0
123534,1
123535,0
123536,0
123537,0
123538,0
123539,1
123540,0
123541,0
123542,0
123543,0
123544,0
123545,0
123546,0
123547,0
123548,1
123549,0
123550,0
123551,0
123552,0
123553,0
123554,1
123555,0
123556,0
123557,0
123558,1
123559,0
123560,0
123561,0
123562,0
123563,0
123564,0
123565,0
123566,0
123567,0
123568,0
123569,0
123570,0
123571,0
123572,0
123573,0
123574,0
123575,0
123576,0
123577,0
123578,0
123579,0
123580,0
123581,0
123582,0
123583,0
123584,0
123585,0
123586,0
123587,0
123588,0
123589,1
123590,0
123591,0
123592,1
123593,0
123594,0
123595,0
123596,0
123597,0
123598,0
123599,0
123600,0
123601,0
123602,0
123603,0
123604,0
123605,0
123606,0
123607,0
123608,0
123609,0
123610,0
123611,0
123612,0
123613,0
123614,0
123615,0
123616,0
123617,1
123618,0
123619,0
123620,0
123621,0
123622,0
123623,0
123624,0
123625,0
123626,0
123627,0
123628,0
123629,0
123630,0
123631,0
123632,0
123633,0
123634,0
123635,0
123636,0
123637,0
123638,1
123639,0
123640,0
123641,0
123642,0
123643,0
123644,0
123645,0
123646,0
123647,1
123648,0
123649,0
123650,0
123651,0
123652,0
123653,0
123654,0
123655,0
123656,0
123657,1
123658,0
123659,0
123660,0
123661,0
123662,0
123663,0
123664,0
123665,0
123666,0
123667,1
123668,0
123669,0
123670,0
123671,0
123672,0
123673,0
123674,0
123675,0
123676,0
123677,0
123678,0
123679,0
123680,0
123681,0
123682,1
123683,0
123684,0
123685,0
123686,0
123687,0
123688,0
123689,0
123690,0
123691,0
123692,1
123693,0
123694,0
123695,0
123696,0
123697,0
123698,0
123699,0
123700,0
123701,0
123702,0
123703,1
123704,0
123705,0
123706,0
123707,0
123708,0
123709,0
123710,0
123711,0
123712,0
123713,1
123714,0
123715,0
123716,0
123717,1
123718,0
123719,0
123720,1
123721,0
123722,0
123723,0
123724,0
123725,0
123726,0
123727,0
123728,0
123729,0
123730,0
123731,1
123732,1
123733,0
123734,0
123735,0
123736,0
123737,0
123738,0
123739,0
123740,0
123741,0
123742,0
123743,0
123744,0
123745,0
123746,0
123747,0
123748,0
123749,0
123750,0
123751,0
123752,0
123753,0
123754,1
123755,0
123756,0
123757,0
123758,0
123759,0
123760,0
123761,0
123762,0
123763,0
123764,0
123765,1
123766,0
123767,0
123768,0
123769,0
123770,0
123771,0
123772,0
123773,0
123774,1
123775,0
123776,0
123777,0
123778,0
123779,0
123780,0
123781,0
123782,1
123783,0
123784,0
123785,1
123786,1
123787,0
123788,0
123789,0
123790,0
123791,1
123792,0
123793,0
123794,0
123795,0
123796,0
123797,0
123798,0
123799,0
123800,1
123801,1
123802,1
123803,0
123804,0
123805,0
123806,0
123807,0
123808,0
123809,0
123810,0
123811,0
123812,0
123813,0
123814,0
123815,0
123816,0
123817,0
123818,0
123819,0
123820,1
123821,0
123822,0
123823,1
123824,0
123825,0
123826,0
123827,0
123828,0
123829,0
123830,0
123831,0
123832,0
123833,0
123834,0
123835,0
123836,0
123837,0
123838,0
123839,0
123840,0
123841,0
123842,0
123843,0
123844,0
123845,1
123846,0
123847,0
123848,0
123849,0
123850,0
123851,0
123852,0
123853,0
123854,0
123855,0
123856,0
123857,0
123858,0
123859,0
123860,0
123861,0
123862,0
123863,0
123864,0
123865,0
123866,0
123867,0
123868,0
123869,0
123870,0
123871,0
123872,0
123873,0
123874,0
123875,0
123876,0
123877,0
123878,0
123879,0
123880,0
123881,0
123882,0
123883,0
123884,0
123885,0
123886,1
123887,0
123888,0
123889,0
123890,0
123891,0
123892,0
123893,0
123894,0
123895,0
123896,0
123897,0
123898,1
123899,0
123900,1
123901,0
123902,0
123903,0
123904,0
123905,0
123906,0
123907,0
123908,0
123909,0
123910,0
123911,0
123912,0
123913,0
123914,0
123915,0
123916,0
123917,0
123918,0
123919,0
123920,0
123921,0
123922,1
123923,0
123924,0
123925,0
123926,1
123927,0
123928,0
123929,0
123930,0
123931,0
123932,0
123933,0
123934,0
123935,0
123936,0
123937,0
123938,0
123939,0
123940,0
123941,0
123942,1
123943,0
123944,0
123945,0
123946,0
123947,1
123948,0
123949,0
123950,0
123951,0
123952,0
123953,0
123954,0
123955,0
123956,1
123957,1
123958,0
123959,0
123960,0
123961,1
123962,0
123963,0
123964,0
123965,1
123966,0
123967,1
123968,0
123969,0
123970,0
123971,0
123972,0
123973,0
123974,0
123975,0
123976,0
123977,0
123978,0
123979,0
123980,0
123981,0
123982,0
123983,0
123984,0
123985,0
123986,0
123987,0
123988,0
123989,0
123990,0
123991,0
123992,1
123993,0
123994,0
123995,1
123996,0
123997,0
123998,0
123999,0
124000,0
124001,0
124002,0
124003,1
124004,0
124005,0
124006,0
124007,1
124008,0
124009,0
124010,0
124011,0
124012,0
124013,0
124014,0
124015,0
124016,0
124017,0
124018,0
124019,0
124020,0
124021,0
124022,0
124023,0
124024,0
124025,0
124026,0
124027,0
124028,0
124029,0
124030,1
124031,0
124032,1
124033,1
124034,0
124035,0
124036,0
124037,1
124038,0
124039,0
124040,0
124041,0
124042,0
124043,0
124044,0
124045,0
124046,1
124047,0
124048,0
124049,0
124050,0
124051,0
124052,0
124053,0
124054,0
124055,0
124056,0
124057,1
124058,0
124059,0
124060,0
124061,1
124062,0
124063,0
124064,0
124065,0
124066,0
124067,0
124068,0
124069,0
124070,0
124071,0
124072,0
124073,0
124074,0
124075,1
124076,0
124077,0
124078,0
124079,0
124080,0
124081,0
124082,0
124083,0
124084,0
124085,1
124086,1
124087,0
124088,0
124089,0
124090,0
124091,0
124092,0
124093,0
124094,0
124095,0
124096,0
124097,0
124098,0
124099,0
124100,0
124101,0
124102,1
124103,0
124104,0
124105,0
124106,0
124107,0
124108,0
124109,0
124110,1
124111,0
124112,0
124113,0
124114,1
124115,0
124116,0
124117,0
124118,0
124119,0
124120,0
124121,0
124122,0
124123,1
124124,0
124125,0
124126,1
124127,0
124128,0
124129,0
124130,0
124131,0
124132,0
124133,0
124134,0
124135,0
124136,0
124137,0
124138,1
124139,0
124140,0
124141,0
124142,0
124143,0
124144,0
124145,0
124146,0
124147,0
124148,1
124149,0
124150,1
124151,0
124152,0
124153,1
124154,0
124155,1
124156,0
124157,0
124158,0
124159,0
124160,0
124161,0
124162,0
124163,1
124164,0
124165,0
124166,0
124167,0
124168,0
124169,0
124170,0
124171,0
124172,1
124173,0
124174,0
124175,0
124176,0
124177,0
124178,0
124179,0
124180,0
124181,1
124182,0
124183,0
124184,0
124185,0
124186,0
124187,0
124188,0
124189,0
124190,0
124191,0
124192,0
124193,0
124194,0
124195,0
124196,0
124197,0
124198,0
124199,0
124200,1
124201,0
124202,0
124203,0
124204,0
124205,0
124206,1
124207,0
124208,1
124209,0
124210,0
124211,1
124212,0
124213,1
124214,0
124215,0
124216,0
124217,0
124218,0
124219,0
124220,0
124221,0
124222,0
124223,0
124224,0
124225,0
124226,0
124227,0
124228,0
124229,0
124230,0
124231,0
124232,0
124233,0
124234,0
124235,1
124236,0
124237,1
124238,1
124239,0
124240,0
124241,0
124242,1
124243,0
124244,0
124245,0
124246,0
124247,0
124248,0
124249,0
124250,0
124251,0
124252,0
124253,0
124254,0
124255,0
124256,0
124257,1
124258,0
124259,0
124260,0
124261,0
124262,0
124263,0
124264,0
124265,0
124266,0
124267,0
124268,1
124269,0
124270,1
124271,0
124272,0
124273,0
124274,0
124275,0
124276,0
124277,0
124278,0
124279,0
124280,0
124281,0
124282,0
124283,0
124284,0
124285,0
124286,1
124287,0
124288,0
124289,1
124290,0
124291,0
124292,0
124293,0
124294,0
124295,0
124296,0
124297,0
124298,1
124299,0
124300,0
124301,1
124302,0
124303,0
124304,0
124305,1
124306,0
124307,0
124308,1
124309,0
124310,0
124311,1
124312,0
124313,0
124314,0
124315,0
124316,0
124317,0
124318,1
124319,0
124320,0
124321,0
124322,0
124323,0
124324,0
124325,0
124326,0
124327,0
124328,0
124329,0
124330,0
124331,0
124332,1
124333,1
124334,0
124335,0
124336,0
124337,0
124338,0
124339,1
124340,0
124341,0
124342,0
124343,0
124344,0
124345,0
124346,0
124347,0
124348,0
124349,0
124350,0
124351,0
124352,0
124353,0
124354,0
124355,0
124356,0
124357,0
124358,0
124359,0
124360,1
124361,0
124362,0
124363,0
124364,0
124365,0
124366,1
124367,0
124368,0
124369,0
124370,0
124371,0
124372,0
124373,0
124374,0
124375,0
124376,1
124377,0
124378,0
124379,0
124380,0
124381,0
124382,0
124383,0
124384,0
124385,0
124386,0
124387,0
124388,0
124389,1
124390,0
124391,1
124392,0
124393,1
124394,0
124395,0
124396,0
124397,0
124398,0
124399,0
124400,0
124401,0
124402,0
124403,1
124404,0
124405,0
124406,1
124407,0
124408,0
124409,0
124410,0
124411,0
124412,0
124413,0
124414,0
124415,0
124416,0
124417,0
124418,0
124419,0
124420,0
124421,1
124422,0
124423,0
124424,0
124425,0
124426,0
124427,0
124428,0
124429,0
124430,0
124431,0
124432,0
124433,0
124434,0
124435,0
124436,0
124437,0
124438,0
124439,0
124440,0
124441,0
124442,1
124443,0
124444,0
124445,0
124446,0
124447,0
124448,0
124449,0
124450,0
124451,0
124452,0
124453,0
124454,0
124455,0
124456,0
124457,0
124458,0
124459,0
124460,0
124461,0
124462,0
124463,0
124464,1
124465,0
124466,0
124467,0
124468,0
124469,1
124470,0
124471,0
124472,0
124473,0
124474,0
124475,0
124476,0
124477,0
124478,0
124479,0
124480,0
124481,0
124482,1
124483,1
124484,0
124485,0
124486,0
124487,0
124488,0
124489,0
124490,0
124491,0
124492,0
124493,0
124494,0
124495,0
124496,0
124497,0
124498,0
124499,0
124500,0
124501,0
124502,0
124503,0
124504,0
124505,0
124506,0
124507,0
124508,0
124509,1
124510,0
124511,0
124512,0
124513,0
124514,0
124515,0
124516,0
124517,0
124518,0
124519,0
124520,0
124521,0
124522,0
124523,0
124524,0
124525,0
124526,0
124527,1
124528,0
124529,0
124530,0
124531,0
124532,0
124533,0
124534,0
124535,1
124536,0
124537,0
124538,0
124539,0
124540,0
124541,1
124542,0
124543,0
124544,0
124545,0
124546,1
124547,0
124548,0
124549,0
124550,0
124551,0
124552,0
124553,0
124554,1
124555,0
124556,0
124557,0
124558,0
124559,0
124560,0
124561,0
124562,0
124563,0
124564,0
124565,0
124566,1
124567,0
124568,0
124569,1
124570,0
124571,0
124572,0
124573,1
124574,0
124575,0
124576,0
124577,0
124578,0
124579,0
124580,0
124581,0
124582,0
124583,0
124584,1
124585,0
124586,1
124587,0
124588,0
124589,0
124590,0
124591,0
124592,0
124593,0
124594,0
124595,1
124596,1
124597,0
124598,1
124599,0
124600,0
124601,0
124602,0
124603,0
124604,0
124605,0
124606,0
124607,0
124608,1
124609,0
124610,0
124611,0
124612,1
124613,0
124614,1
124615,0
124616,0
124617,0
124618,0
124619,0
124620,0
124621,0
124622,0
124623,1
124624,0
124625,0
124626,0
124627,0
124628,0
124629,0
124630,0
124631,0
124632,0
124633,0
124634,0
124635,0
124636,0
124637,0
124638,0
124639,0
124640,0
124641,0
124642,0
124643,0
124644,0
124645,0
124646,0
124647,0
124648,0
124649,0
124650,0
124651,0
124652,0
124653,0
124654,0
124655,0
124656,0
124657,0
124658,0
124659,0
124660,0
124661,0
124662,0
124663,1
124664,0
124665,0
124666,0
124667,1
124668,1
124669,0
124670,0
124671,0
124672,0
124673,0
124674,0
124675,0
124676,0
124677,0
124678,0
124679,0
124680,0
124681,0
124682,0
124683,0
124684,0
124685,0
124686,1
124687,0
124688,0
124689,0
124690,0
124691,0
124692,0
124693,0
124694,0
124695,1
124696,0
124697,0
124698,0
124699,0
124700,0
124701,1
124702,0
124703,0
124704,0
124705,0
124706,1
124707,0
124708,0
124709,0
124710,0
124711,0
124712,0
124713,0
124714,0
124715,0
124716,0
124717,0
124718,0
124719,0
124720,0
124721,0
124722,1
124723,0
124724,0
124725,0
124726,0
124727,0
124728,0
124729,1
124730,0
124731,0
124732,0
124733,0
124734,1
124735,0
124736,0
124737,0
124738,0
124739,0
124740,0
124741,1
124742,0
124743,0
124744,0
124745,0
124746,0
124747,0
124748,0
124749,1
124750,0
124751,0
124752,1
124753,0
124754,0
124755,1
124756,0
124757,0
124758,0
124759,0
124760,0
124761,0
124762,0
124763,0
124764,0
124765,0
124766,0
124767,1
124768,0
124769,1
124770,0
124771,0
124772,0
124773,0
124774,0
124775,0
124776,0
124777,0
124778,0
124779,0
124780,1
124781,0
124782,0
124783,0
124784,0
124785,0
124786,0
124787,0
124788,0
124789,0
124790,0
124791,0
124792,0
124793,1
124794,1
124795,0
124796,0
124797,1
124798,0
124799,0
124800,0
124801,0
124802,0
124803,0
124804,0
124805,1
124806,0
124807,0
124808,0
124809,0
124810,0
124811,0
124812,0
124813,1
124814,0
124815,0
124816,0
124817,0
124818,0
124819,0
124820,0
124821,0
124822,0
124823,0
124824,0
124825,0
124826,0
124827,0
124828,0
124829,0
124830,0
124831,0
124832,0
124833,1
124834,0
124835,0
124836,0
124837,0
124838,0
124839,0
124840,0
124841,1
124842,0
124843,0
124844,0
124845,0
124846,0
124847,0
124848,0
124849,0
124850,1
124851,1
124852,0
124853,0
124854,0
124855,0
124856,0
124857,0
124858,0
124859,0
124860,0
124861,0
124862,0
124863,0
124864,0
124865,0
124866,1
124867,0
124868,0
124869,0
124870,0
124871,0
124872,0
124873,0
124874,0
124875,0
124876,0
124877,0
124878,0
124879,0
124880,0
124881,1
124882,0
124883,0
124884,0
124885,0
124886,0
124887,0
124888,0
124889,0
124890,0
124891,0
124892,0
124893,0
124894,0
124895,0
124896,0
124897,0
124898,0
124899,1
124900,0
124901,0
124902,1
124903,0
124904,0
124905,0
124906,0
124907,0
124908,1
124909,0
124910,0
124911,0
124912,1
124913,0
124914,0
124915,0
124916,0
124917,0
124918,0
124919,0
124920,0
124921,0
124922,0
124923,0
124924,0
124925,0
124926,1
124927,1
124928,0
124929,0
124930,0
124931,0
124932,0
124933,0
124934,0
124935,0
124936,1
124937,0
124938,0
124939,0
124940,0
124941,0
124942,0
124943,0
124944,0
124945,0
124946,0
124947,1
124948,0
124949,0
124950,0
124951,1
124952,0
124953,0
124954,0
124955,1
124956,0
124957,0
124958,1
124959,0
124960,1
124961,0
124962,0
124963,0
124964,0
124965,0
124966,0
124967,0
124968,0
124969,0
124970,0
124971,0
124972,0
124973,0
124974,0
124975,0
124976,0
124977,0
124978,0
124979,0
124980,0
124981,1
124982,0
124983,0
124984,0
124985,0
124986,0
124987,0
124988,0
124989,0
124990,0
124991,0
124992,1
124993,0
124994,0
124995,0
124996,0
124997,1
124998,0
124999,0
125000,0
125001,0
125002,0
125003,0
125004,0
125005,0
125006,0
125007,0
125008,0
125009,0
125010,0
125011,0
125012,0
125013,0
125014,0
125015,0
125016,0
125017,0
125018,0
125019,0
125020,0
125021,0
125022,0
125023,0
125024,1
125025,0
125026,0
125027,0
125028,0
125029,0
125030,0
125031,0
125032,0
125033,0
125034,1
125035,0
125036,1
125037,0
125038,0
125039,0
125040,0
125041,0
125042,0
125043,0
125044,0
125045,0
125046,0
125047,0
125048,0
125049,0
125050,0
125051,0
125052,0
125053,0
125054,0
125055,1
125056,1
125057,0
125058,0
125059,0
125060,0
125061,0
125062,0
125063,0
125064,0
125065,0
125066,0
125067,0
125068,0
125069,0
125070,1
125071,0
125072,1
125073,0
125074,0
125075,0
125076,0
125077,1
125078,0
125079,0
125080,0
125081,0
125082,0
125083,0
125084,0
125085,0
125086,0
125087,0
125088,0
125089,0
125090,0
125091,0
125092,0
125093,0
125094,0
125095,1
125096,1
125097,0
125098,0
125099,0
125100,0
125101,0
125102,0
125103,0
125104,0
125105,0
125106,0
125107,0
125108,0
125109,0
125110,0
125111,0
125112,0
125113,1
125114,0
125115,0
125116,1
125117,0
125118,0
125119,0
125120,0
125121,0
125122,1
125123,0
125124,0
125125,0
125126,0
125127,0
125128,0
125129,0
125130,0
125131,0
125132,0
125133,0
125134,0
125135,0
125136,0
125137,0
125138,0
125139,0
125140,0
125141,0
125142,0
125143,0
125144,0
125145,0
125146,0
125147,0
125148,0
125149,0
125150,0
125151,0
125152,0
125153,0
125154,0
125155,0
125156,0
125157,0
125158,0
125159,1
125160,0
125161,0
125162,0
125163,0
125164,0
125165,0
125166,0
125167,0
125168,0
125169,0
125170,0
125171,0
125172,0
125173,0
125174,0
125175,0
125176,0
125177,1
125178,1
125179,0
125180,1
125181,0
125182,0
125183,1
125184,0
125185,0
125186,1
125187,0
125188,0
125189,1
125190,0
125191,0
125192,0
125193,0
125194,0
125195,0
125196,0
125197,0
125198,0
125199,0
125200,1
125201,1
125202,1
125203,0
125204,0
125205,0
125206,0
125207,0
125208,0
125209,0
125210,0
125211,0
125212,0
125213,0
125214,0
125215,0
125216,0
125217,0
125218,0
125219,0
125220,0
125221,0
125222,0
125223,0
125224,0
125225,0
125226,0
125227,1
125228,0
125229,0
125230,0
125231,0
125232,0
125233,0
125234,0
125235,0
125236,0
125237,0
125238,0
125239,0
125240,0
125241,0
125242,0
125243,0
125244,0
125245,0
125246,1
125247,1
125248,0
125249,0
125250,0
125251,0
125252,0
125253,0
125254,0
125255,0
125256,0
125257,0
125258,0
125259,0
125260,0
125261,0
125262,0
125263,0
125264,0
125265,0
125266,0
125267,0
125268,0
125269,0
125270,0
125271,0
125272,0
125273,0
125274,0
125275,0
125276,0
125277,0
125278,0
125279,0
125280,0
125281,1
125282,0
125283,0
125284,0
125285,0
125286,0
125287,0
125288,0
125289,1
125290,0
125291,0
125292,0
125293,0
125294,1
125295,0
125296,0
125297,0
125298,0
125299,1
125300,0
125301,0
125302,0
125303,0
125304,0
125305,0
125306,0
125307,0
125308,0
125309,0
125310,0
125311,0
125312,0
125313,0
125314,0
125315,0
125316,0
125317,1
125318,0
125319,0
125320,0
125321,0
125322,0
125323,0
125324,0
125325,0
125326,0
125327,0
125328,0
125329,0
125330,0
125331,0
125332,0
125333,0
125334,1
125335,0
125336,0
125337,0
125338,0
125339,0
125340,0
125341,0
125342,1
125343,0
125344,0
125345,1
125346,0
125347,0
125348,0
125349,0
125350,0
125351,0
125352,0
125353,0
125354,0
125355,0
125356,0
125357,1
125358,1
125359,0
125360,0
125361,1
125362,0
125363,0
125364,1
125365,0
125366,0
125367,0
125368,0
125369,0
125370,0
125371,0
125372,0
125373,0
125374,0
125375,0
125376,0
125377,0
125378,0
125379,0
125380,0
125381,1
125382,0
125383,0
125384,0
125385,0
125386,0
125387,0
125388,0
125389,0
125390,0
125391,0
125392,1
125393,0
125394,0
125395,0
125396,0
125397,0
125398,0
125399,0
125400,0
125401,0
125402,0
125403,0
125404,0
125405,1
125406,0
125407,0
125408,0
125409,0
125410,0
125411,0
125412,0
125413,0
125414,0
125415,0
125416,0
125417,0
125418,0
125419,0
125420,0
125421,1
125422,1
125423,0
125424,0
125425,0
125426,0
125427,0
125428,0
125429,1
125430,0
125431,0
125432,0
125433,0
125434,0
125435,0
125436,0
125437,0
125438,0
125439,0
125440,0
125441,0
125442,0
125443,0
125444,0
125445,0
125446,0
125447,0
125448,0
125449,0
125450,0
125451,0
125452,0
125453,0
125454,0
125455,0
125456,0
125457,0
125458,0
125459,0
125460,1
125461,0
125462,0
125463,0
125464,0
125465,0
125466,0
125467,0
125468,0
125469,0
125470,0
125471,0
125472,0
125473,0
125474,0
125475,0
125476,1
125477,0
125478,1
125479,0
125480,0
125481,0
125482,0
125483,0
125484,1
125485,0
125486,0
125487,0
125488,1
125489,0
125490,0
125491,0
125492,0
125493,0
125494,0
125495,0
125496,0
125497,0
125498,0
125499,0
125500,0
125501,0
125502,0
125503,0
125504,0
125505,0
125506,0
125507,0
125508,0
125509,0
125510,0
125511,0
125512,0
125513,0
125514,0
125515,0
125516,0
125517,0
125518,0
125519,0
125520,1
125521,0
125522,0
125523,0
125524,1
125525,0
125526,0
125527,0
125528,0
125529,0
125530,0
125531,1
125532,0
125533,0
125534,0
125535,0
125536,0
125537,0
125538,1
125539,1
125540,0
125541,0
125542,0
125543,0
125544,0
125545,1
125546,0
125547,0
125548,0
125549,0
125550,0
125551,0
125552,0
125553,0
125554,0
125555,0
125556,0
125557,0
125558,0
125559,1
125560,1
125561,0
125562,0
125563,0
125564,0
125565,0
125566,0
125567,0
125568,0
125569,0
125570,1
125571,0
125572,0
125573,0
125574,0
125575,0
125576,0
125577,0
125578,0
125579,0
125580,1
125581,0
125582,0
125583,0
125584,0
125585,1
125586,0
125587,0
125588,1
125589,0
125590,0
125591,0
125592,0
125593,0
125594,0
125595,0
125596,0
125597,1
125598,0
125599,0
125600,0
125601,0
125602,0
125603,0
125604,0
125605,0
125606,0
125607,0
125608,0
125609,0
125610,0
125611,0
125612,0
125613,1
125614,0
125615,0
125616,0
125617,1
125618,0
125619,0
125620,0
125621,0
125622,0
125623,0
125624,1
125625,0
125626,0
125627,0
125628,1
125629,0
125630,0
125631,0
125632,0
125633,0
125634,0
125635,0
125636,0
125637,0
125638,0
125639,0
125640,0
125641,0
125642,1
125643,0
125644,0
125645,0
125646,0
125647,0
125648,1
125649,0
125650,0
125651,0
125652,0
125653,1
125654,0
125655,0
125656,0
125657,0
125658,0
125659,0
125660,0
125661,0
125662,0
125663,0
125664,0
125665,0
125666,0
125667,1
125668,1
125669,0
125670,0
125671,0
125672,0
125673,0
125674,0
125675,0
125676,1
125677,0
125678,0
125679,1
125680,0
125681,0
125682,0
125683,1
125684,0
125685,1
125686,0
125687,0
125688,0
125689,0
125690,0
125691,0
125692,0
125693,0
125694,0
125695,0
125696,1
125697,0
125698,0
125699,1
125700,0
125701,0
125702,0
125703,0
125704,0
125705,0
125706,0
125707,0
125708,0
125709,0
125710,0
125711,0
125712,0
125713,0
125714,0
125715,0
125716,0
125717,1
125718,0
125719,0
125720,0
125721,1
125722,0
125723,0
125724,1
125725,0
125726,0
125727,0
125728,0
125729,0
125730,0
125731,1
125732,0
125733,1
125734,0
125735,0
125736,0
125737,0
125738,0
125739,1
125740,0
125741,0
125742,0
125743,0
125744,0
125745,0
125746,0
125747,0
125748,0
125749,0
125750,0
125751,0
125752,0
125753,0
125754,0
125755,0
125756,1
125757,0
125758,0
125759,0
125760,0
125761,0
125762,0
125763,1
125764,0
125765,1
125766,0
125767,0
125768,0
125769,0
125770,0
125771,0
125772,0
125773,1
125774,0
125775,1
125776,0
125777,0
125778,0
125779,0
125780,1
125781,0
125782,0
125783,0
125784,0
125785,0
125786,0
125787,0
125788,0
125789,0
125790,0
125791,0
125792,0
125793,0
125794,1
125795,1
125796,0
125797,0
125798,0
125799,0
125800,0
125801,0
125802,0
125803,1
125804,0
125805,0
125806,0
125807,0
125808,1
125809,1
125810,0
125811,0
125812,0
125813,0
125814,0
125815,0
125816,0
125817,0
125818,1
125819,0
125820,0
125821,0
125822,0
125823,0
125824,1
125825,0
125826,0
125827,1
125828,1
125829,0
125830,0
125831,0
125832,0
125833,0
125834,0
125835,0
125836,0
125837,0
125838,0
125839,0
125840,0
125841,0
125842,1
125843,0
125844,0
125845,0
125846,0
125847,0
125848,0
125849,0
125850,0
125851,0
125852,0
125853,0
125854,0
125855,0
125856,0
125857,0
125858,0
125859,0
125860,1
125861,0
125862,0
125863,0
125864,0
125865,0
125866,0
125867,0
125868,0
125869,0
125870,0
125871,0
125872,0
125873,0
125874,0
125875,0
125876,0
125877,0
125878,0
125879,1
125880,0
125881,0
125882,0
125883,0
125884,1
125885,1
125886,0
125887,0
125888,0
125889,0
125890,0
125891,0
125892,0
125893,0
125894,0
125895,0
125896,0
125897,0
125898,0
125899,1
125900,0
125901,0
125902,0
125903,0
125904,0
125905,0
125906,0
125907,1
125908,0
125909,0
125910,0
125911,0
125912,0
125913,0
125914,0
125915,1
125916,0
125917,0
125918,0
125919,0
125920,0
125921,0
125922,1
125923,0
125924,0
125925,0
125926,0
125927,0
125928,1
125929,0
125930,1
125931,0
125932,0
125933,0
125934,0
125935,0
125936,0
125937,0
125938,0
125939,0
125940,0
125941,1
125942,0
125943,0
125944,0
125945,0
125946,0
125947,0
125948,0
125949,0
125950,0
125951,0
125952,1
125953,0
125954,0
125955,0
125956,0
125957,1
125958,0
125959,0
125960,0
125961,0
125962,0
125963,0
125964,0
125965,0
125966,0
125967,0
125968,0
125969,0
125970,0
125971,0
125972,0
125973,0
125974,0
125975,0
125976,0
125977,0
125978,0
125979,0
125980,0
125981,0
125982,0
125983,0
125984,0
125985,0
125986,0
125987,0
125988,0
125989,0
125990,0
125991,0
125992,0
125993,0
125994,1
125995,0
125996,0
125997,0
125998,0
125999,1
126000,0
126001,1
126002,0
126003,1
126004,0
126005,0
126006,0
126007,0
126008,0
126009,0
126010,0
126011,1
126012,1
126013,0
126014,0
126015,0
126016,0
126017,0
126018,0
126019,0
126020,0
126021,0
126022,0
126023,0
126024,0
126025,0
126026,0
126027,0
126028,0
126029,0
126030,1
126031,1
126032,0
126033,0
126034,0
126035,0
126036,0
126037,0
126038,0
126039,0
126040,0
126041,0
126042,0
126043,0
126044,0
126045,0
126046,0
126047,0
126048,0
126049,0
126050,0
126051,0
126052,0
126053,0
126054,0
126055,0
126056,1
126057,0
126058,0
126059,0
126060,0
126061,0
126062,1
126063,0
126064,0
126065,0
126066,0
126067,0
126068,0
126069,0
126070,0
126071,1
126072,0
126073,0
126074,0
126075,0
126076,1
126077,0
126078,0
126079,0
126080,0
126081,0
126082,0
126083,0
126084,0
126085,0
126086,0
126087,0
126088,0
126089,1
126090,0
126091,1
126092,0
126093,0
126094,1
126095,0
126096,0
126097,0
126098,0
126099,0
126100,0
126101,0
126102,0
126103,0
126104,0
126105,0
126106,0
126107,0
126108,0
126109,0
126110,0
126111,0
126112,0
126113,0
126114,1
126115,0
126116,0
126117,0
126118,0
126119,0
126120,0
126121,0
126122,0
126123,0
126124,0
126125,1
126126,0
126127,1
126128,0
126129,1
126130,0
126131,0
126132,0
126133,0
126134,0
126135,1
126136,0
126137,0
126138,0
126139,0
126140,0
126141,0
126142,0
126143,0
126144,1
126145,0
126146,0
126147,0
126148,0
126149,0
126150,0
126151,0
126152,0
126153,0
126154,1
126155,0
126156,0
126157,0
126158,0
126159,0
126160,0
126161,0
126162,0
126163,0
126164,0
126165,0
126166,0
126167,0
126168,0
126169,0
126170,0
126171,0
126172,0
126173,0
126174,0
126175,0
126176,0
126177,1
126178,0
126179,0
126180,0
126181,0
126182,1
126183,0
126184,0
126185,0
126186,0
126187,0
126188,0
126189,0
126190,1
126191,0
126192,0
126193,0
126194,0
126195,0
126196,0
126197,0
126198,0
126199,1
126200,0
126201,0
126202,0
126203,1
126204,0
126205,0
126206,0
126207,0
126208,1
126209,0
126210,0
126211,0
126212,0
126213,0
126214,0
126215,0
126216,1
126217,0
126218,1
126219,1
126220,1
126221,0
126222,0
126223,0
126224,0
126225,0
126226,0
126227,0
126228,0
126229,1
126230,0
126231,0
126232,1
126233,0
126234,0
126235,0
126236,1
126237,0
126238,0
126239,0
126240,0
126241,0
126242,0
126243,1
126244,1
126245,0
126246,1
126247,1
126248,0
126249,0
126250,0
126251,0
126252,0
126253,1
126254,0
126255,1
126256,0
126257,0
126258,0
126259,0
126260,0
126261,0
126262,0
126263,0
126264,0
126265,0
126266,0
126267,0
126268,1
126269,0
126270,0
126271,0
126272,1
126273,0
126274,0
126275,0
126276,1
126277,0
126278,0
126279,0
126280,0
126281,0
126282,0
126283,0
126284,0
126285,0
126286,0
126287,0
126288,0
126289,1
126290,0
126291,1
126292,0
126293,0
126294,0
126295,0
126296,0
126297,0
126298,0
126299,0
126300,0
126301,1
126302,0
126303,0
126304,0
126305,0
126306,0
126307,0
126308,0
126309,0
126310,0
126311,0
126312,0
126313,0
126314,0
126315,0
126316,0
126317,0
126318,0
126319,1
126320,0
126321,0
126322,0
126323,0
126324,0
126325,0
126326,0
126327,0
126328,0
126329,0
126330,0
126331,0
126332,0
126333,0
126334,0
126335,0
126336,1
126337,1
126338,0
126339,1
126340,0
126341,0
126342,1
126343,0
126344,0
126345,0
126346,0
126347,0
126348,0
126349,0
126350,0
126351,0
126352,0
126353,0
126354,0
126355,0
126356,0
126357,0
126358,0
126359,1
126360,0
126361,0
126362,0
126363,1
126364,0
126365,0
126366,0
126367,0
126368,0
126369,0
126370,0
126371,0
126372,0
126373,0
126374,0
126375,0
126376,0
126377,0
126378,0
126379,1
126380,0
126381,0
126382,0
126383,0
126384,0
126385,0
126386,0
126387,0
126388,0
126389,1
126390,0
126391,0
126392,0
126393,0
126394,0
126395,0
126396,0
126397,0
126398,0
126399,1
126400,0
126401,0
126402,0
126403,0
126404,0
126405,0
126406,0
126407,0
126408,0
126409,0
126410,0
126411,0
126412,0
126413,0
126414,0
126415,0
126416,0
126417,0
126418,0
126419,1
126420,0
126421,0
126422,0
126423,0
126424,0
126425,0
126426,1
126427,0
126428,0
126429,0
126430,0
126431,0
126432,0
126433,0
126434,0
126435,1
126436,0
126437,0
126438,0
126439,0
126440,0
126441,0
126442,0
126443,0
126444,0
126445,0
126446,0
126447,0
126448,0
126449,0
126450,0
126451,0
126452,0
126453,0
126454,1
126455,0
126456,0
126457,0
126458,0
126459,0
126460,0
126461,0
126462,0
126463,0
126464,0
126465,0
126466,0
126467,0
126468,0
126469,0
126470,1
126471,0
126472,1
126473,0
126474,1
126475,0
126476,0
126477,0
126478,0
126479,0
126480,0
126481,0
126482,0
126483,0
126484,0
126485,1
126486,1
126487,1
126488,0
126489,0
126490,0
126491,0
126492,1
126493,0
126494,0
126495,0
126496,0
126497,0
126498,0
126499,0
126500,1
126501,1
126502,0
126503,0
126504,0
126505,0
126506,0
126507,0
126508,0
126509,0
126510,0
126511,0
126512,0
126513,0
126514,0
126515,0
126516,0
126517,0
126518,0
126519,0
126520,0
126521,0
126522,0
126523,0
126524,0
126525,0
126526,0
126527,0
126528,0
126529,0
126530,0
126531,0
126532,0
126533,0
126534,0
126535,0
126536,0
126537,0
126538,0
126539,0
126540,0
126541,1
126542,0
126543,0
126544,0
126545,0
126546,0
126547,0
126548,0
126549,0
126550,1
126551,1
126552,0
126553,1
126554,0
126555,0
126556,0
126557,0
126558,0
126559,0
126560,0
126561,0
126562,0
126563,0
126564,0
126565,0
126566,0
126567,0
126568,1
126569,0
126570,0
126571,0
126572,0
126573,0
126574,0
126575,0
126576,0
126577,0
126578,0
126579,0
126580,0
126581,0
126582,0
126583,0
126584,0
126585,0
126586,0
126587,1
126588,0
126589,0
126590,0
126591,0
126592,0
126593,0
126594,0
126595,0
126596,0
126597,0
126598,0
126599,1
126600,0
126601,0
126602,0
126603,0
126604,0
126605,0
126606,0
126607,0
126608,0
126609,0
126610,0
126611,0
126612,0
126613,0
126614,0
126615,0
126616,0
126617,1
126618,1
126619,0
126620,0
126621,0
126622,0
126623,1
126624,0
126625,0
126626,1
126627,0
126628,0
126629,0
126630,0
126631,0
126632,0
126633,1
126634,0
126635,0
126636,1
126637,0
126638,0
126639,0
126640,0
126641,0
126642,0
126643,0
126644,0
126645,0
126646,0
126647,0
126648,0
126649,0
126650,0
126651,0
126652,1
126653,1
126654,0
126655,0
126656,0
126657,0
126658,0
126659,0
126660,0
126661,0
126662,0
126663,0
126664,0
126665,0
126666,0
126667,0
126668,0
126669,0
126670,0
126671,0
126672,1
126673,0
126674,1
126675,0
126676,0
126677,0
126678,0
126679,0
126680,0
126681,1
126682,0
126683,0
126684,0
126685,0
126686,0
126687,0
126688,0
126689,0
126690,1
126691,0
126692,0
126693,0
126694,0
126695,0
126696,0
126697,0
126698,0
126699,0
126700,1
126701,0
126702,0
126703,0
126704,0
126705,0
126706,0
126707,0
126708,0
126709,0
126710,0
126711,0
126712,0
126713,0
126714,0
126715,0
126716,0
126717,0
126718,1
126719,0
126720,0
126721,0
126722,0
126723,0
126724,0
126725,0
126726,0
126727,0
126728,1
126729,0
126730,0
126731,1
126732,0
126733,1
126734,0
126735,0
126736,0
126737,0
126738,0
126739,0
126740,0
126741,0
126742,0
126743,0
126744,0
126745,1
126746,1
126747,0
126748,0
126749,0
126750,0
126751,0
126752,0
126753,0
126754,0
126755,0
126756,0
126757,0
126758,1
126759,0
126760,0
126761,0
126762,0
126763,0
126764,0
126765,0
126766,0
126767,0
126768,0
126769,0
126770,0
126771,0
126772,0
126773,0
126774,0
126775,0
126776,0
126777,0
126778,0
126779,0
126780,0
126781,0
126782,0
126783,0
126784,0
126785,0
126786,0
126787,0
126788,0
126789,0
126790,0
126791,0
126792,0
126793,0
126794,0
126795,0
126796,0
126797,0
126798,0
126799,0
126800,0
126801,0
126802,0
126803,0
126804,0
126805,0
126806,0
126807,0
126808,0
126809,0
126810,1
126811,0
126812,0
126813,0
126814,0
126815,1
126816,0
126817,0
126818,0
126819,0
126820,0
126821,0
126822,0
126823,0
126824,0
126825,0
126826,0
126827,0
126828,0
126829,0
126830,0
126831,0
126832,0
126833,0
126834,0
126835,0
126836,0
126837,1
126838,0
126839,0
126840,1
126841,0
126842,0
126843,1
126844,0
126845,0
126846,1
126847,0
126848,0
126849,0
126850,0
126851,0
126852,0
126853,1
126854,0
126855,0
126856,0
126857,0
126858,0
126859,0
126860,0
126861,0
126862,0
126863,0
126864,0
126865,0
126866,0
126867,0
126868,0
126869,0
126870,0
126871,0
126872,0
126873,0
126874,0
126875,0
126876,0
126877,0
126878,0
126879,1
126880,0
126881,0
126882,0
126883,0
126884,0
126885,0
126886,0
126887,0
126888,0
126889,0
126890,0
126891,1
126892,0
126893,0
126894,0
126895,0
126896,0
126897,0
126898,0
126899,0
126900,1
126901,0
126902,0
126903,0
126904,0
126905,0
126906,0
126907,0
126908,0
126909,0
126910,0
126911,0
126912,0
126913,1
126914,0
126915,0
126916,0
126917,0
126918,1
126919,0
126920,0
126921,0
126922,0
126923,0
126924,0
126925,0
126926,1
126927,0
126928,0
126929,0
126930,0
126931,1
126932,0
126933,0
126934,0
126935,0
126936,0
126937,0
126938,0
126939,0
126940,0
126941,0
126942,0
126943,0
126944,0
126945,0
126946,0
126947,1
126948,1
126949,0
126950,0
126951,0
126952,0
126953,0
126954,0
126955,0
126956,0
126957,0
126958,0
126959,0
126960,0
126961,0
126962,1
126963,0
126964,0
126965,0
126966,0
126967,0
126968,0
126969,0
126970,0
126971,0
126972,1
126973,0
126974,0
126975,0
126976,0
126977,0
126978,1
126979,1
126980,0
126981,1
126982,0
126983,0
126984,0
126985,0
126986,1
126987,0
126988,0
126989,0
126990,1
126991,0
126992,0
126993,0
126994,0
126995,0
126996,0
126997,0
126998,0
126999,0
127000,0
127001,0
127002,0
127003,0
127004,0
127005,0
127006,1
127007,0
127008,0
127009,0
127010,0
127011,0
127012,0
127013,1
127014,0
127015,0
127016,0
127017,0
127018,0
127019,0
127020,1
127021,0
127022,0
127023,0
127024,0
127025,0
127026,0
127027,0
127028,0
127029,0
127030,0
127031,0
127032,0
127033,0
127034,0
127035,0
127036,0
127037,0
127038,0
127039,0
127040,0
127041,0
127042,0
127043,0
127044,0
127045,0
127046,0
127047,0
127048,0
127049,0
127050,0
127051,0
127052,0
127053,0
127054,1
127055,0
127056,1
127057,0
127058,1
127059,0
127060,0
127061,0
127062,0
127063,0
127064,0
127065,0
127066,0
127067,1
127068,0
127069,0
127070,0
127071,0
127072,0
127073,0
127074,1
127075,1
127076,0
127077,0
127078,0
127079,0
127080,0
127081,1
127082,0
127083,0
127084,0
127085,0
127086,0
127087,0
127088,1
127089,0
127090,0
127091,1
127092,0
127093,0
127094,0
127095,0
127096,0
127097,0
127098,1
127099,0
127100,0
127101,0
127102,0
127103,0
127104,0
127105,0
127106,0
127107,0
127108,0
127109,1
127110,0
127111,0
127112,0
127113,0
127114,0
127115,0
127116,1
127117,0
127118,0
127119,0
127120,0
127121,0
127122,0
127123,0
127124,0
127125,0
127126,0
127127,0
127128,0
127129,0
127130,0
127131,0
127132,0
127133,0
127134,0
127135,1
127136,0
127137,0
127138,0
127139,0
127140,0
127141,0
127142,0
127143,0
127144,0
127145,0
127146,0
127147,0
127148,0
127149,0
127150,1
127151,0
127152,0
127153,0
127154,1
127155,0
127156,0
127157,0
127158,0
127159,0
127160,0
127161,0
127162,0
127163,0
127164,1
127165,0
127166,0
127167,0
127168,0
127169,0
127170,0
127171,1
127172,0
127173,0
127174,0
127175,0
127176,0
127177,0
127178,0
127179,0
127180,0
127181,0
127182,0
127183,0
127184,0
127185,0
127186,0
127187,0
127188,0
127189,0
127190,1
127191,0
127192,0
127193,0
127194,0
127195,0
127196,0
127197,0
127198,0
127199,0
127200,0
127201,0
127202,0
127203,0
127204,0
127205,0
127206,0
127207,0
127208,0
127209,0
127210,0
127211,0
127212,0
127213,0
127214,1
127215,0
127216,0
127217,0
127218,0
127219,0
127220,0
127221,0
127222,1
127223,1
127224,0
127225,0
127226,1
127227,0
127228,1
127229,0
127230,1
127231,0
127232,0
127233,0
127234,0
127235,0
127236,0
127237,0
127238,0
127239,0
127240,0
127241,0
127242,0
127243,0
127244,0
127245,0
127246,0
127247,0
127248,0
127249,0
127250,0
127251,0
127252,0
127253,0
127254,0
127255,0
127256,0
127257,0
127258,0
127259,0
127260,0
127261,0
127262,0
127263,0
127264,0
127265,0
127266,0
127267,0
127268,0
127269,0
127270,0
127271,1
127272,0
127273,0
127274,0
127275,0
127276,1
127277,0
127278,0
127279,0
127280,1
127281,0
127282,0
127283,0
127284,0
127285,0
127286,0
127287,0
127288,0
127289,0
127290,0
127291,1
127292,0
127293,0
127294,0
127295,0
127296,0
127297,0
127298,0
127299,0
127300,0
127301,1
127302,0
127303,0
127304,0
127305,1
127306,0
127307,0
127308,0
127309,0
127310,0
127311,0
127312,1
127313,0
127314,0
127315,1
127316,0
127317,0
127318,0
127319,0
127320,0
127321,0
127322,0
127323,0
127324,0
127325,0
127326,0
127327,0
127328,0
127329,0
127330,0
127331,1
127332,0
127333,0
127334,0
127335,0
127336,0
127337,0
127338,0
127339,0
127340,0
127341,0
127342,1
127343,0
127344,0
127345,0
127346,0
127347,0
127348,0
127349,0
127350,1
127351,1
127352,0
127353,0
127354,0
127355,0
127356,0
127357,0
127358,0
127359,1
127360,0
127361,0
127362,0
127363,0
127364,0
127365,0
127366,0
127367,0
127368,1
127369,0
127370,0
127371,1
127372,1
127373,0
127374,0
127375,0
127376,0
127377,0
127378,0
127379,0
127380,1
127381,0
127382,0
127383,0
127384,0
127385,1
127386,0
127387,0
127388,0
127389,0
127390,0
127391,0
127392,0
127393,0
127394,0
127395,0
127396,1
127397,1
127398,0
127399,0
127400,0
127401,0
127402,0
127403,0
127404,0
127405,0
127406,0
127407,0
127408,0
127409,0
127410,0
127411,1
127412,0
127413,0
127414,0
127415,0
127416,0
127417,0
127418,0
127419,0
127420,0
127421,0
127422,0
127423,0
127424,0
127425,0
127426,0
127427,1
127428,0
127429,0
127430,0
127431,0
127432,0
127433,0
127434,1
127435,0
127436,0
127437,0
127438,0
127439,0
127440,0
127441,1
127442,0
127443,0
127444,0
127445,0
127446,0
127447,0
127448,1
127449,0
127450,0
127451,1
127452,0
127453,1
127454,0
127455,0
127456,0
127457,0
127458,1
127459,0
127460,1
127461,0
127462,0
127463,0
127464,0
127465,0
127466,1
127467,0
127468,0
127469,0
127470,1
127471,0
127472,0
127473,1
127474,0
127475,0
127476,0
127477,0
127478,0
127479,1
127480,0
127481,0
127482,0
127483,1
127484,1
127485,1
127486,0
127487,0
127488,0
127489,0
127490,1
127491,0
127492,1
127493,0
127494,1
127495,0
127496,0
127497,1
127498,0
127499,0
127500,0
127501,0
127502,0
127503,0
127504,0
127505,0
127506,0
127507,0
127508,1
127509,0
127510,0
127511,0
127512,0
127513,0
127514,0
127515,0
127516,0
127517,0
127518,0
127519,0
127520,0
127521,0
127522,0
127523,0
127524,0
127525,0
127526,1
127527,0
127528,0
127529,1
127530,0
127531,0
127532,0
127533,0
127534,0
127535,0
127536,0
127537,0
127538,0
127539,0
127540,0
127541,0
127542,1
127543,0
127544,1
127545,0
127546,0
127547,0
127548,0
127549,1
127550,0
127551,0
127552,0
127553,0
127554,0
127555,0
127556,1
127557,0
127558,0
127559,0
127560,0
127561,0
127562,0
127563,0
127564,0
127565,0
127566,0
127567,0
127568,0
127569,0
127570,0
127571,0
127572,1
127573,0
127574,0
127575,0
127576,0
127577,0
127578,0
127579,0
127580,0
127581,1
127582,0
127583,1
127584,0
127585,0
127586,0
127587,0
127588,0
127589,1
127590,0
127591,0
127592,0
127593,1
127594,0
127595,0
127596,1
127597,0
127598,0
127599,0
127600,0
127601,1
127602,0
127603,1
127604,0
127605,0
127606,0
127607,0
127608,0
127609,0
127610,0
127611,0
127612,0
127613,0
127614,0
127615,0
127616,0
127617,1
127618,0
127619,0
127620,0
127621,1
127622,0
127623,0
127624,0
127625,0
127626,0
127627,0
127628,0
127629,0
127630,0
127631,0
127632,0
127633,0
127634,1
127635,0
127636,0
127637,0
127638,0
127639,0
127640,0
127641,0
127642,0
127643,0
127644,1
127645,0
127646,0
127647,0
127648,0
127649,0
127650,1
127651,0
127652,0
127653,0
127654,0
127655,0
127656,0
127657,0
127658,0
127659,0
127660,0
127661,0
127662,1
127663,1
127664,0
127665,0
127666,0
127667,0
127668,0
127669,0
127670,0
127671,0
127672,0
127673,0
127674,0
127675,0
127676,0
127677,0
127678,0
127679,0
127680,0
127681,0
127682,0
127683,1
127684,0
127685,0
127686,0
127687,1
127688,0
127689,0
127690,0
127691,0
127692,0
127693,0
127694,0
127695,0
127696,0
127697,0
127698,0
127699,0
127700,1
127701,1
127702,0
127703,0
127704,0
127705,0
127706,1
127707,0
127708,1
127709,0
127710,0
127711,0
127712,0
127713,0
127714,0
127715,0
127716,0
127717,0
127718,0
127719,0
127720,0
127721,0
127722,0
127723,0
127724,0
127725,0
127726,0
127727,0
127728,0
127729,0
127730,0
127731,0
127732,1
127733,0
127734,0
127735,0
127736,0
127737,0
127738,0
127739,0
127740,0
127741,0
127742,1
127743,0
127744,0
127745,0
127746,0
127747,0
127748,0
127749,0
127750,0
127751,0
127752,0
127753,0
127754,0
127755,0
127756,0
127757,0
127758,0
127759,0
127760,0
127761,0
127762,0
127763,0
127764,0
127765,0
127766,0
127767,0
127768,0
127769,0
127770,0
127771,0
127772,1
127773,0
127774,0
127775,1
127776,0
127777,0
127778,0
127779,0
127780,0
127781,0
127782,0
127783,0
127784,0
127785,0
127786,0
127787,0
127788,0
127789,0
127790,0
127791,1
127792,0
127793,0
127794,0
127795,0
127796,1
127797,0
127798,0
127799,0
127800,0
127801,0
127802,0
127803,0
127804,0
127805,1
127806,0
127807,0
127808,0
127809,0
127810,0
127811,0
127812,0
127813,0
127814,0
127815,0
127816,0
127817,0
127818,1
127819,0
127820,0
127821,1
127822,1
127823,0
127824,0
127825,0
127826,0
127827,0
127828,0
127829,0
127830,0
127831,0
127832,0
127833,0
127834,1
127835,0
127836,0
127837,0
127838,0
127839,0
127840,0
127841,0
127842,0
127843,0
127844,1
127845,0
127846,0
127847,0
127848,1
127849,0
127850,0
127851,0
127852,0
127853,0
127854,0
127855,0
127856,0
127857,0
127858,0
127859,0
127860,0
127861,0
127862,0
127863,0
127864,0
127865,0
127866,0
127867,0
127868,1
127869,0
127870,0
127871,0
127872,0
127873,0
127874,1
127875,0
127876,0
127877,0
127878,0
127879,1
127880,1
127881,1
127882,0
127883,1
127884,0
127885,0
127886,1
127887,1
127888,0
127889,0
127890,0
127891,0
127892,1
127893,0
127894,0
127895,0
127896,0
127897,0
127898,0
127899,0
127900,0
127901,0
127902,1
127903,0
127904,0
127905,0
127906,0
127907,0
127908,0
127909,0
127910,1
127911,0
127912,0
127913,0
127914,0
127915,0
127916,1
127917,0
127918,0
127919,0
127920,0
127921,0
127922,0
127923,0
127924,0
127925,0
127926,0
127927,1
127928,0
127929,0
127930,0
127931,0
127932,0
127933,0
127934,0
127935,0
127936,0
127937,0
127938,0
127939,0
127940,0
127941,0
127942,0
127943,0
127944,0
127945,0
127946,1
127947,0
127948,0
127949,0
127950,0
127951,0
127952,0
127953,0
127954,0
127955,0
127956,0
127957,0
127958,0
127959,0
127960,0
127961,0
127962,0
127963,0
127964,0
127965,0
127966,0
127967,0
127968,0
127969,0
127970,0
127971,1
127972,0
127973,0
127974,0
127975,0
127976,1
127977,0
127978,1
127979,0
127980,0
127981,0
127982,0
127983,1
127984,0
127985,0
127986,0
127987,0
127988,0
127989,0
127990,0
127991,0
127992,0
127993,1
127994,0
127995,0
127996,0
127997,0
127998,0
127999,1
128000,0
128001,0
128002,0
128003,0
128004,0
128005,0
128006,0
128007,0
128008,0
128009,0
128010,0
128011,0
128012,0
128013,0
128014,0
128015,0
128016,0
128017,0
128018,0
128019,0
128020,0
128021,0
128022,0
128023,0
128024,0
128025,1
128026,0
128027,0
128028,0
128029,0
128030,1
128031,0
128032,1
128033,0
128034,1
128035,0
128036,0
128037,0
128038,0
128039,0
128040,0
128041,0
128042,0
128043,0
128044,0
128045,0
128046,0
128047,0
128048,0
128049,0
128050,0
128051,0
128052,0
128053,0
128054,0
128055,0
128056,0
128057,0
128058,0
128059,0
128060,0
128061,1
128062,0
128063,0
128064,0
128065,0
128066,1
128067,0
128068,1
128069,0
128070,0
128071,0
128072,0
128073,0
128074,0
128075,1
128076,0
128077,0
128078,0
128079,0
128080,0
128081,0
128082,0
128083,0
128084,0
128085,0
128086,0
128087,0
128088,0
128089,0
128090,0
128091,0
128092,1
128093,0
128094,0
128095,0
128096,0
128097,1
128098,0
128099,0
128100,0
128101,0
128102,0
128103,0
128104,0
128105,0
128106,0
128107,0
128108,0
128109,0
128110,0
128111,0
128112,1
128113,0
128114,1
128115,0
128116,0
128117,0
128118,0
128119,1
128120,0
128121,0
128122,0
128123,0
128124,0
128125,0
128126,0
128127,0
128128,0
128129,0
128130,0
128131,0
128132,0
128133,0
128134,0
128135,0
128136,0
128137,0
128138,0
128139,0
128140,1
128141,0
128142,0
128143,0
128144,0
128145,0
128146,0
128147,1
128148,0
128149,0
128150,0
128151,0
128152,0
128153,0
128154,0
128155,0
128156,0
128157,1
128158,0
128159,1
128160,0
128161,0
128162,0
128163,0
128164,0
128165,0
128166,0
128167,0
128168,0
128169,0
128170,0
128171,0
128172,0
128173,0
128174,1
128175,0
128176,0
128177,0
128178,0
128179,1
128180,0
128181,0
128182,1
128183,0
128184,0
128185,0
128186,0
128187,1
128188,1
128189,0
128190,0
128191,0
128192,0
128193,0
128194,0
128195,0
128196,0
128197,0
128198,0
128199,0
128200,0
128201,0
128202,0
128203,0
128204,0
128205,0
128206,0
128207,0
128208,0
128209,0
128210,0
128211,0
128212,0
128213,0
128214,0
128215,0
128216,0
128217,0
128218,0
128219,0
128220,0
128221,1
128222,0
128223,0
128224,0
128225,0
128226,0
128227,0
128228,0
128229,0
128230,0
128231,0
128232,0
128233,1
128234,0
128235,0
128236,1
128237,0
128238,0
128239,1
128240,0
128241,1
128242,0
128243,0
128244,0
128245,0
128246,0
128247,0
128248,0
128249,0
128250,1
128251,0
128252,0
128253,0
128254,1
128255,0
128256,1
128257,0
128258,0
128259,0
128260,0
128261,0
128262,0
128263,0
128264,1
128265,0
128266,0
128267,0
128268,0
128269,0
128270,1
128271,0
128272,0
128273,0
128274,0
128275,0
128276,0
128277,0
128278,0
128279,0
128280,0
128281,0
128282,0
128283,1
128284,0
128285,0
128286,0
128287,0
128288,0
128289,0
128290,0
128291,0
128292,0
128293,0
128294,0
128295,0
128296,0
128297,0
128298,0
128299,0
128300,0
128301,0
128302,1
128303,0
128304,0
128305,0
128306,0
128307,0
128308,0
128309,1
128310,0
128311,0
128312,0
128313,0
128314,0
128315,1
128316,0
128317,0
128318,0
128319,0
128320,0
128321,0
128322,0
128323,0
128324,0
128325,0
128326,0
128327,0
128328,0
128329,0
128330,0
128331,0
128332,0
128333,0
128334,0
128335,0
128336,0
128337,0
128338,0
128339,0
128340,0
128341,0
128342,0
128343,0
128344,0
128345,0
128346,0
128347,0
128348,1
128349,0
128350,0
128351,1
128352,0
128353,0
128354,0
128355,0
128356,0
128357,0
128358,0
128359,0
128360,0
128361,1
128362,0
128363,0
128364,0
128365,0
128366,0
128367,0
128368,0
128369,0
128370,0
128371,0
128372,0
128373,0
128374,0
128375,0
128376,0
128377,0
128378,0
128379,0
128380,0
128381,0
128382,0
128383,0
128384,0
128385,0
128386,0
128387,0
128388,0
128389,0
128390,1
128391,0
128392,0
128393,1
128394,0
128395,0
128396,0
128397,0
128398,0
128399,0
128400,0
128401,0
128402,0
128403,1
128404,0
128405,0
128406,1
128407,0
128408,0
128409,0
128410,0
128411,0
128412,0
128413,0
128414,0
128415,0
128416,0
128417,1
128418,0
128419,0
128420,0
128421,0
128422,0
128423,0
128424,0
128425,0
128426,0
128427,1
128428,0
128429,0
128430,0
128431,0
128432,0
128433,0
128434,0
128435,0
128436,0
128437,0
128438,0
128439,0
128440,1
128441,0
128442,0
128443,0
128444,0
128445,0
128446,0
128447,1
128448,0
128449,0
128450,1
128451,0
128452,0
128453,0
128454,0
128455,0
128456,0
128457,0
128458,0
128459,0
128460,0
128461,0
128462,0
128463,0
128464,0
128465,0
128466,0
128467,0
128468,0
128469,0
128470,0
128471,0
128472,0
128473,0
128474,0
128475,0
128476,0
128477,1
128478,0
128479,1
128480,0
128481,0
128482,0
128483,0
128484,0
128485,1
128486,0
128487,0
128488,0
128489,0
128490,0
128491,0
128492,0
128493,0
128494,0
128495,0
128496,0
128497,0
128498,0
128499,0
128500,0
128501,0
128502,0
128503,0
128504,0
128505,1
128506,0
128507,0
128508,0
128509,0
128510,0
128511,0
128512,0
128513,0
128514,0
128515,0
128516,1
128517,0
128518,0
128519,0
128520,0
128521,0
128522,0
128523,0
128524,1
128525,0
128526,0
128527,0
128528,0
128529,0
128530,0
128531,0
128532,0
128533,0
128534,0
128535,0
128536,0
128537,0
128538,0
128539,0
128540,0
128541,0
128542,0
128543,0
128544,0
128545,0
128546,0
128547,0
128548,0
128549,0
128550,0
128551,0
128552,0
128553,0
128554,0
128555,1
128556,0
128557,0
128558,0
128559,0
128560,0
128561,0
128562,0
128563,0
128564,0
128565,0
128566,0
128567,0
128568,0
128569,0
128570,0
128571,0
128572,0
128573,0
128574,0
128575,0
128576,0
128577,0
128578,0
128579,0
128580,1
128581,0
128582,0
128583,1
128584,0
128585,0
128586,0
128587,0
128588,0
128589,0
128590,0
128591,0
128592,0
128593,0
128594,0
128595,0
128596,0
128597,0
128598,1
128599,0
128600,0
128601,0
128602,0
128603,0
128604,1
128605,0
128606,0
128607,0
128608,0
128609,0
128610,0
128611,0
128612,0
128613,0
128614,0
128615,0
128616,0
128617,0
128618,0
128619,0
128620,1
128621,0
128622,0
128623,0
128624,1
128625,0
128626,0
128627,0
128628,0
128629,0
128630,1
128631,0
128632,0
128633,0
128634,0
128635,0
128636,1
128637,0
128638,0
128639,0
128640,0
128641,0
128642,0
128643,0
128644,0
128645,0
128646,1
128647,0
128648,0
128649,0
128650,0
128651,0
128652,0
128653,0
128654,0
128655,0
128656,0
128657,0
128658,0
128659,0
128660,0
128661,0
128662,0
128663,0
128664,0
128665,0
128666,0
128667,1
128668,0
128669,0
128670,1
128671,0
128672,0
128673,0
128674,0
128675,0
128676,0
128677,0
128678,0
128679,0
128680,0
128681,0
128682,0
128683,0
128684,0
128685,0
128686,0
128687,1
128688,0
128689,0
128690,0
128691,0
128692,0
128693,0
128694,0
128695,0
128696,1
128697,0
128698,1
128699,1
128700,0
128701,0
128702,0
128703,0
128704,0
128705,0
128706,1
128707,0
128708,0
128709,0
128710,0
128711,0
128712,0
128713,0
128714,0
128715,0
128716,0
128717,0
128718,0
128719,0
128720,0
128721,0
128722,0
128723,0
128724,0
128725,1
128726,0
128727,1
128728,0
128729,0
128730,1
128731,0
128732,1
128733,0
128734,0
128735,0
128736,1
128737,0
128738,0
128739,0
128740,0
128741,0
128742,0
128743,1
128744,0
128745,0
128746,0
128747,0
128748,0
128749,0
128750,0
128751,0
128752,1
128753,1
128754,0
128755,1
128756,0
128757,0
128758,0
128759,0
128760,0
128761,0
128762,0
128763,0
128764,0
128765,0
128766,0
128767,1
128768,1
128769,0
128770,0
128771,0
128772,1
128773,0
128774,0
128775,0
128776,1
128777,0
128778,0
128779,0
128780,1
128781,0
128782,1
128783,0
128784,0
128785,0
128786,0
128787,0
128788,0
128789,0
128790,0
128791,0
128792,0
128793,1
128794,0
128795,0
128796,0
128797,0
128798,0
128799,0
128800,0
128801,0
128802,0
128803,0
128804,0
128805,0
128806,0
128807,0
128808,0
128809,0
128810,0
128811,0
128812,0
128813,0
128814,0
128815,1
128816,0
128817,0
128818,0
128819,0
128820,0
128821,0
128822,1
128823,0
128824,0
128825,0
128826,0
128827,0
128828,0
128829,0
128830,0
128831,0
128832,0
128833,0
128834,0
128835,0
128836,0
128837,0
128838,0
128839,0
128840,0
128841,1
128842,0
128843,0
128844,0
128845,0
128846,0
128847,0
128848,0
128849,0
128850,0
128851,0
128852,0
128853,0
128854,0
128855,0
128856,0
128857,0
128858,0
128859,0
128860,0
128861,0
128862,0
128863,1
128864,0
128865,0
128866,0
128867,0
128868,0
128869,0
128870,0
128871,0
128872,0
128873,0
128874,0
128875,0
128876,0
128877,0
128878,0
128879,0
128880,0
128881,0
128882,0
128883,0
128884,0
128885,0
128886,1
128887,0
128888,0
128889,0
128890,0
128891,0
128892,0
128893,0
128894,0
128895,1
128896,0
128897,0
128898,0
128899,0
128900,0
128901,0
128902,0
128903,0
128904,0
128905,0
128906,0
128907,1
128908,0
128909,1
128910,0
128911,0
128912,0
128913,0
128914,0
128915,0
128916,0
128917,0
128918,0
128919,0
128920,0
128921,0
128922,0
128923,0
128924,0
128925,0
128926,1
128927,0
128928,0
128929,1
128930,0
128931,0
128932,0
128933,1
128934,0
128935,0
128936,0
128937,0
128938,0
128939,0
128940,0
128941,0
128942,0
128943,0
128944,0
128945,0
128946,0
128947,0
128948,0
128949,0
128950,0
128951,0
128952,0
128953,0
128954,0
128955,1
128956,0
128957,0
128958,0
128959,0
128960,1
128961,0
128962,0
128963,0
128964,1
128965,0
128966,0
128967,0
128968,0
128969,0
128970,1
128971,0
128972,1
128973,0
128974,0
128975,0
128976,0
128977,1
128978,1
128979,0
128980,0
128981,0
128982,0
128983,1
128984,1
128985,0
128986,0
128987,0
128988,0
128989,0
128990,0
128991,1
128992,0
128993,0
128994,1
128995,0
128996,0
128997,0
128998,0
128999,0
129000,0
129001,0
129002,0
129003,0
129004,1
129005,0
129006,0
129007,0
129008,0
129009,0
129010,0
129011,0
129012,1
129013,0
129014,0
129015,0
129016,0
129017,0
129018,0
129019,1
129020,0
129021,0
129022,0
129023,0
129024,0
129025,0
129026,0
129027,0
129028,0
129029,0
129030,0
129031,0
129032,0
129033,1
129034,0
129035,0
129036,0
129037,0
129038,0
129039,1
129040,0
129041,0
129042,1
129043,0
129044,0
129045,0
129046,0
129047,0
129048,0
129049,0
129050,1
129051,0
129052,0
129053,1
129054,0
129055,0
129056,0
129057,0
129058,0
129059,0
129060,0
129061,1
129062,0
129063,0
129064,0
129065,0
129066,0
129067,0
129068,0
129069,0
129070,1
129071,0
129072,0
129073,0
129074,1
129075,0
129076,1
129077,0
129078,0
129079,0
129080,0
129081,0
129082,0
129083,0
129084,0
129085,0
129086,0
129087,0
129088,0
129089,0
129090,1
129091,0
129092,0
129093,0
129094,0
129095,0
129096,1
129097,0
129098,0
129099,0
129100,0
129101,0
129102,0
129103,0
129104,0
129105,0
129106,0
129107,0
129108,0
129109,0
129110,0
129111,0
129112,0
129113,0
129114,0
129115,0
129116,0
129117,0
129118,0
129119,0
129120,0
129121,0
129122,1
129123,0
129124,0
129125,0
129126,0
129127,0
129128,0
129129,0
129130,0
129131,0
129132,0
129133,0
129134,0
129135,0
129136,0
129137,0
129138,0
129139,0
129140,0
129141,0
129142,0
129143,1
129144,0
129145,0
129146,0
129147,0
129148,0
129149,0
129150,0
129151,0
129152,0
129153,0
129154,0
129155,0
129156,0
129157,0
129158,0
129159,0
129160,0
129161,0
129162,0
129163,0
129164,0
129165,0
129166,0
129167,1
129168,1
129169,0
129170,0
129171,0
129172,0
129173,0
129174,0
129175,0
129176,1
129177,1
129178,0
129179,0
129180,0
129181,0
129182,1
129183,0
129184,0
129185,0
129186,1
129187,0
129188,0
129189,0
129190,0
129191,0
129192,0
129193,0
129194,1
129195,0
129196,0
129197,0
129198,0
129199,0
129200,0
129201,0
129202,0
129203,0
129204,0
129205,0
129206,0
129207,0
129208,0
129209,0
129210,0
129211,0
129212,0
129213,0
129214,0
129215,0
129216,0
129217,0
129218,0
129219,0
129220,0
129221,0
129222,0
129223,0
129224,0
129225,1
129226,0
129227,1
129228,1
129229,0
129230,0
129231,0
129232,1
129233,1
129234,0
129235,0
129236,0
129237,0
129238,0
129239,0
129240,0
129241,0
129242,0
129243,0
129244,0
129245,0
129246,0
129247,0
129248,0
129249,0
129250,0
129251,0
129252,0
129253,0
129254,0
129255,0
129256,0
129257,0
129258,0
129259,0
129260,0
129261,0
129262,0
129263,0
129264,0
129265,0
129266,0
129267,0
129268,0
129269,0
129270,0
129271,0
129272,0
129273,0
129274,0
129275,0
129276,0
129277,0
129278,0
129279,0
129280,0
129281,0
129282,0
129283,0
129284,0
129285,1
129286,0
129287,0
129288,0
129289,0
129290,0
129291,0
129292,0
129293,0
129294,0
129295,0
129296,0
129297,0
129298,1
129299,0
129300,1
129301,0
129302,0
129303,0
129304,0
129305,0
129306,1
129307,0
129308,0
129309,0
129310,0
129311,0
129312,0
129313,0
129314,0
129315,0
129316,0
129317,0
129318,0
129319,0
129320,0
129321,0
129322,0
129323,0
129324,0
129325,0
129326,0
129327,0
129328,0
129329,0
129330,0
129331,0
129332,0
129333,0
129334,0
129335,0
129336,0
129337,0
129338,0
129339,0
129340,0
129341,0
129342,0
129343,0
129344,0
129345,0
129346,1
129347,0
129348,0
129349,0
129350,0
129351,0
129352,0
129353,0
129354,0
129355,1
129356,0
129357,0
129358,0
129359,0
129360,0
129361,0
129362,0
129363,0
129364,0
129365,0
129366,0
129367,0
129368,0
129369,0
129370,0
129371,0
129372,0
129373,0
129374,0
129375,0
129376,0
129377,0
129378,0
129379,0
129380,0
129381,0
129382,0
129383,0
129384,0
129385,0
129386,0
129387,0
129388,0
129389,0
129390,0
129391,0
129392,0
129393,0
129394,0
129395,0
129396,0
129397,0
129398,0
129399,0
129400,0
129401,0
129402,0
129403,0
129404,0
129405,0
129406,0
129407,1
129408,0
129409,0
129410,0
129411,0
129412,0
129413,0
129414,0
129415,0
129416,0
129417,0
129418,0
129419,0
129420,1
129421,0
129422,0
129423,0
129424,0
129425,0
129426,1
129427,1
129428,0
129429,0
129430,0
129431,0
129432,0
129433,0
129434,0
129435,0
129436,0
129437,0
129438,0
129439,0
129440,0
129441,0
129442,1
129443,0
129444,0
129445,0
129446,0
129447,0
129448,0
129449,0
129450,0
129451,1
129452,0
129453,0
129454,0
129455,0
129456,0
129457,0
129458,0
129459,0
129460,0
129461,0
129462,0
129463,0
129464,0
129465,1
129466,0
129467,0
129468,0
129469,0
129470,0
129471,0
129472,0
129473,0
129474,0
129475,0
129476,0
129477,0
129478,0
129479,0
129480,1
129481,0
129482,0
129483,0
129484,0
129485,0
129486,0
129487,0
129488,0
129489,0
129490,0
129491,0
129492,0
129493,0
129494,0
129495,0
129496,0
129497,0
129498,0
129499,0
129500,0
129501,0
129502,0
129503,0
129504,0
129505,0
129506,0
129507,0
129508,0
129509,1
129510,0
129511,0
129512,0
129513,0
129514,0
129515,0
129516,0
129517,0
129518,0
129519,0
129520,0
129521,0
129522,0
129523,1
129524,0
129525,0
129526,0
129527,0
129528,1
129529,0
129530,1
129531,0
129532,0
129533,0
129534,0
129535,1
129536,0
129537,0
129538,0
129539,0
129540,1
129541,0
129542,0
129543,0
129544,0
129545,0
129546,1
129547,0
129548,0
129549,0
129550,0
129551,0
129552,0
129553,0
129554,0
129555,1
129556,0
129557,0
129558,0
129559,0
129560,0
129561,0
129562,0
129563,0
129564,0
129565,1
129566,0
129567,0
129568,0
129569,0
129570,0
129571,0
129572,0
129573,0
129574,0
129575,0
129576,0
129577,0
129578,0
129579,0
129580,0
129581,0
129582,0
129583,0
129584,0
129585,1
129586,1
129587,0
129588,0
129589,0
129590,0
129591,0
129592,0
129593,0
129594,0
129595,0
129596,0
129597,0
129598,0
129599,0
129600,0
129601,0
129602,0
129603,0
129604,0
129605,0
129606,1
129607,1
129608,0
129609,0
129610,0
129611,0
129612,0
129613,0
129614,0
129615,0
129616,0
129617,0
129618,0
129619,0
129620,0
129621,0
129622,0
129623,1
129624,0
129625,0
129626,0
129627,0
129628,0
129629,0
129630,0
129631,0
129632,0
129633,0
129634,0
129635,0
129636,0
129637,1
129638,0
129639,0
129640,0
129641,0
129642,0
129643,0
129644,0
129645,0
129646,0
129647,0
129648,0
129649,1
129650,0
129651,0
129652,0
129653,0
129654,0
129655,1
129656,0
129657,0
129658,0
129659,0
129660,0
129661,1
129662,0
129663,0
129664,0
129665,0
129666,0
129667,0
129668,0
129669,0
129670,0
129671,0
129672,0
129673,0
129674,0
129675,0
129676,0
129677,0
129678,1
129679,0
129680,0
129681,0
129682,0
129683,0
129684,0
129685,0
129686,1
129687,0
129688,0
129689,0
129690,0
129691,0
129692,0
129693,0
129694,0
129695,0
129696,0
129697,0
129698,0
129699,0
129700,0
129701,0
129702,0
129703,0
129704,0
129705,0
129706,0
129707,0
129708,0
129709,0
129710,0
129711,0
129712,0
129713,0
129714,1
129715,0
129716,0
129717,0
129718,0
129719,0
129720,0
129721,0
129722,0
129723,0
129724,0
129725,0
129726,0
129727,0
129728,0
129729,0
129730,0
129731,0
129732,0
129733,0
129734,0
129735,0
129736,0
129737,0
129738,0
129739,0
129740,0
129741,0
129742,0
129743,0
129744,0
129745,0
129746,0
129747,0
129748,0
129749,0
129750,0
129751,0
129752,1
129753,0
129754,0
129755,0
129756,0
129757,0
129758,0
129759,0
129760,0
129761,0
129762,0
129763,0
129764,0
129765,0
129766,0
129767,0
129768,0
129769,1
129770,0
129771,0
129772,0
129773,0
129774,0
129775,0
129776,0
129777,0
129778,0
129779,0
129780,0
129781,0
129782,0
129783,0
129784,0
129785,0
129786,0
129787,0
129788,0
129789,0
129790,0
129791,1
129792,1
129793,0
129794,0
129795,0
129796,0
129797,0
129798,0
129799,0
129800,0
129801,0
129802,0
129803,0
129804,0
129805,0
129806,0
129807,0
129808,0
129809,0
129810,0
129811,0
129812,0
129813,1
129814,0
129815,0
129816,0
129817,0
129818,0
129819,0
129820,0
129821,0
129822,1
129823,0
129824,0
129825,0
129826,0
129827,1
129828,0
129829,0
129830,1
129831,0
129832,0
129833,0
129834,0
129835,0
129836,1
129837,0
129838,0
129839,1
129840,0
129841,0
129842,0
129843,0
129844,1
129845,0
129846,0
129847,1
129848,1
129849,0
129850,0
129851,0
129852,0
129853,0
129854,0
129855,0
129856,0
129857,0
129858,1
129859,0
129860,0
129861,0
129862,0
129863,0
129864,0
129865,0
129866,0
129867,0
129868,0
129869,0
129870,0
129871,0
129872,0
129873,1
129874,0
129875,0
129876,0
129877,1
129878,0
129879,0
129880,0
129881,0
129882,0
129883,0
129884,0
129885,1
129886,0
129887,0
129888,0
129889,0
129890,0
129891,0
129892,0
129893,0
129894,0
129895,0
129896,0
129897,0
129898,0
129899,0
129900,0
129901,0
129902,1
129903,1
129904,1
129905,0
129906,0
129907,0
129908,0
129909,0
129910,0
129911,0
129912,0
129913,1
129914,0
129915,0
129916,0
129917,0
129918,0
129919,0
129920,0
129921,0
129922,0
129923,0
129924,0
129925,0
129926,0
129927,0
129928,0
129929,0
129930,1
129931,0
129932,0
129933,0
129934,0
129935,1
129936,0
129937,0
129938,0
129939,0
129940,0
129941,0
129942,0
129943,0
129944,0
129945,0
129946,0
129947,0
129948,0
129949,0
129950,1
129951,0
129952,0
129953,1
129954,0
129955,0
129956,0
129957,0
129958,0
129959,0
129960,0
129961,0
129962,0
129963,0
129964,0
129965,0
129966,0
129967,0
129968,0
129969,0
129970,0
129971,0
129972,0
129973,0
129974,1
129975,0
129976,0
129977,0
129978,0
129979,0
129980,0
129981,0
129982,0
129983,1
129984,0
129985,0
129986,0
129987,0
129988,0
129989,0
129990,0
129991,0
129992,0
129993,0
129994,0
129995,0
129996,0
129997,0
129998,0
129999,0
130000,0
130001,0
130002,1
130003,0
130004,1
130005,0
130006,0
130007,0
130008,0
130009,1
130010,0
130011,0
130012,0
130013,0
130014,0
130015,0
130016,1
130017,0
130018,0
130019,0
130020,0
130021,0
130022,0
130023,0
130024,0
130025,1
130026,0
130027,0
130028,0
130029,1
130030,0
130031,0
130032,0
130033,0
130034,0
130035,0
130036,1
130037,0
130038,0
130039,0
130040,0
130041,0
130042,0
130043,0
130044,0
130045,0
130046,0
130047,0
130048,0
130049,0
130050,0
130051,0
130052,0
130053,1
130054,0
130055,0
130056,0
130057,0
130058,0
130059,0
130060,0
130061,0
130062,0
130063,0
130064,0
130065,0
130066,0
130067,0
130068,0
130069,0
130070,1
130071,0
130072,0
130073,0
130074,1
130075,0
130076,0
130077,0
130078,0
130079,0
130080,0
130081,1
130082,0
130083,0
130084,0
130085,0
130086,0
130087,0
130088,0
130089,0
130090,1
130091,0
130092,0
130093,0
130094,0
130095,0
130096,1
130097,0
130098,0
130099,0
130100,0
130101,0
130102,0
130103,0
130104,0
130105,0
130106,0
130107,0
130108,0
130109,0
130110,0
130111,0
130112,0
130113,0
130114,0
130115,0
130116,0
130117,0
130118,1
130119,0
130120,0
130121,0
130122,0
130123,0
130124,0
130125,0
130126,0
130127,0
130128,0
130129,0
130130,0
130131,0
130132,0
130133,0
130134,0
130135,0
130136,0
130137,0
130138,0
130139,0
130140,0
130141,0
130142,1
130143,0
130144,0
130145,0
130146,0
130147,0
130148,0
130149,0
130150,0
130151,0
130152,0
130153,0
130154,0
130155,1
130156,0
130157,0
130158,0
130159,0
130160,0
130161,0
130162,1
130163,0
130164,0
130165,0
130166,0
130167,1
130168,0
130169,0
130170,0
130171,0
130172,0
130173,1
130174,0
130175,1
130176,0
130177,0
130178,0
130179,0
130180,0
130181,1
130182,0
130183,1
130184,0
130185,0
130186,0
130187,0
130188,0
130189,0
130190,0
130191,0
130192,0
130193,0
130194,0
130195,1
130196,0
130197,0
130198,0
130199,1
130200,0
130201,0
130202,0
130203,0
130204,0
130205,0
130206,1
130207,0
130208,0
130209,0
130210,0
130211,1
130212,0
130213,0
130214,0
130215,1
130216,0
130217,0
130218,0
130219,0
130220,0
130221,0
130222,0
130223,0
130224,0
130225,0
130226,0
130227,0
130228,1
130229,1
130230,0
130231,0
130232,0
130233,0
130234,0
130235,0
130236,0
130237,0
130238,0
130239,0
130240,0
130241,0
130242,1
130243,0
130244,0
130245,0
130246,0
130247,0
130248,0
130249,0
130250,0
130251,0
130252,0
130253,0
130254,0
130255,0
130256,0
130257,0
130258,0
130259,0
130260,0
130261,0
130262,0
130263,0
130264,0
130265,0
130266,0
130267,0
130268,1
130269,0
130270,0
130271,0
130272,0
130273,0
130274,0
130275,0
130276,0
130277,0
130278,0
130279,0
130280,0
130281,0
130282,0
130283,0
130284,1
130285,0
130286,0
130287,0
130288,1
130289,1
130290,0
130291,0
130292,0
130293,0
130294,0
130295,0
130296,0
130297,0
130298,0
130299,1
130300,0
130301,0
130302,1
130303,0
130304,0
130305,1
130306,0
130307,0
130308,0
130309,0
130310,1
130311,0
130312,0
130313,0
130314,0
130315,0
130316,0
130317,0
130318,0
130319,0
130320,0
130321,1
130322,0
130323,0
130324,0
130325,0
130326,0
130327,0
130328,1
130329,0
130330,0
130331,0
130332,0
130333,0
130334,0
130335,0
130336,0
130337,0
130338,0
130339,0
130340,1
130341,0
130342,0
130343,0
130344,0
130345,0
130346,0
130347,1
130348,0
130349,0
130350,0
130351,1
130352,0
130353,0
130354,0
130355,1
130356,0
130357,0
130358,0
130359,0
130360,1
130361,0
130362,0
130363,0
130364,0
130365,0
130366,0
130367,0
130368,0
130369,0
130370,0
130371,0
130372,0
130373,0
130374,0
130375,0
130376,0
130377,0
130378,0
130379,0
130380,0
130381,1
130382,0
130383,0
130384,0
130385,1
130386,0
130387,0
130388,0
130389,0
130390,0
130391,0
130392,0
130393,1
130394,0
130395,0
130396,0
130397,0
130398,1
130399,0
130400,0
130401,1
130402,0
130403,0
130404,0
130405,0
130406,1
130407,0
130408,0
130409,0
130410,0
130411,0
130412,0
130413,0
130414,0
130415,0
130416,0
130417,0
130418,0
130419,0
130420,0
130421,0
130422,1
130423,0
130424,1
130425,0
130426,1
130427,0
130428,0
130429,0
130430,0
130431,0
130432,0
130433,1
130434,0
130435,0
130436,0
130437,1
130438,0
130439,0
130440,0
130441,0
130442,1
130443,1
130444,1
130445,0
130446,0
130447,0
130448,0
130449,0
130450,0
130451,0
130452,0
130453,0
130454,0
130455,0
130456,0
130457,1
130458,0
130459,0
130460,0
130461,0
130462,0
130463,0
130464,0
130465,0
130466,0
130467,0
130468,0
130469,0
130470,0
130471,0
130472,0
130473,0
130474,0
130475,0
130476,0
130477,0
130478,0
130479,0
130480,0
130481,0
130482,0
130483,0
130484,0
130485,0
130486,0
130487,0
130488,0
130489,1
130490,0
130491,0
130492,0
130493,0
130494,1
130495,0
130496,0
130497,0
130498,0
130499,0
130500,0
130501,0
130502,1
130503,0
130504,0
130505,0
130506,0
130507,0
130508,0
130509,0
130510,0
130511,0
130512,0
130513,0
130514,0
130515,0
130516,0
130517,0
130518,0
130519,0
130520,0
130521,0
130522,0
130523,0
130524,0
130525,0
130526,1
130527,1
130528,0
130529,0
130530,0
130531,0
130532,0
130533,0
130534,1
130535,0
130536,0
130537,0
130538,0
130539,1
130540,0
130541,0
130542,0
130543,0
130544,0
130545,1
130546,0
130547,0
130548,0
130549,0
130550,0
130551,0
130552,0
130553,0
130554,1
130555,0
130556,1
130557,0
130558,0
130559,0
130560,0
130561,0
130562,0
130563,0
130564,0
130565,0
130566,0
130567,0
130568,0
130569,0
130570,0
130571,1
130572,0
130573,0
130574,0
130575,0
130576,1
130577,0
130578,0
130579,0
130580,0
130581,0
130582,0
130583,0
130584,0
130585,0
130586,0
130587,0
130588,0
130589,0
130590,0
130591,0
130592,0
130593,0
130594,0
130595,0
130596,1
130597,0
130598,0
130599,0
130600,0
130601,0
130602,0
130603,1
130604,0
130605,1
130606,1
130607,0
130608,0
130609,0
130610,0
130611,0
130612,0
130613,0
130614,1
130615,0
130616,0
130617,0
130618,0
130619,0
130620,0
130621,0
130622,1
130623,0
130624,0
130625,1
130626,0
130627,0
130628,0
130629,0
130630,0
130631,0
130632,0
130633,0
130634,0
130635,0
130636,0
130637,1
130638,1
130639,0
130640,0
130641,0
130642,1
130643,1
130644,0
130645,0
130646,0
130647,0
130648,0
130649,1
130650,0
130651,0
130652,0
130653,0
130654,0
130655,0
130656,1
130657,0
130658,0
130659,0
130660,1
130661,0
130662,0
130663,1
130664,0
130665,0
130666,0
130667,0
130668,0
130669,0
130670,0
130671,0
130672,0
130673,0
130674,0
130675,0
130676,0
130677,1
130678,0
130679,0
130680,1
130681,1
130682,0
130683,0
130684,0
130685,0
130686,0
130687,0
130688,0
130689,0
130690,0
130691,1
130692,0
130693,0
130694,0
130695,0
130696,0
130697,0
130698,0
130699,0
130700,0
130701,0
130702,0
130703,0
130704,0
130705,0
130706,0
130707,1
130708,0
130709,0
130710,0
130711,1
130712,0
130713,0
130714,0
130715,0
130716,0
130717,0
130718,0
130719,0
130720,0
130721,1
130722,0
130723,1
130724,0
130725,0
130726,0
130727,0
130728,1
130729,0
130730,0
130731,0
130732,0
130733,0
130734,0
130735,0
130736,0
130737,1
130738,0
130739,0
130740,0
130741,0
130742,0
130743,0
130744,0
130745,0
130746,0
130747,0
130748,0
130749,0
130750,0
130751,0
130752,0
130753,0
130754,0
130755,1
130756,0
130757,0
130758,0
130759,0
130760,0
130761,0
130762,0
130763,0
130764,1
130765,0
130766,0
130767,1
130768,0
130769,0
130770,0
130771,0
130772,0
130773,1
130774,0
130775,1
130776,0
130777,0
130778,0
130779,0
130780,0
130781,0
130782,1
130783,0
130784,0
130785,0
130786,0
130787,0
130788,0
130789,0
130790,0
130791,0
130792,0
130793,0
130794,0
130795,0
130796,0
130797,1
130798,0
130799,0
130800,0
130801,1
130802,1
130803,0
130804,0
130805,0
130806,1
130807,0
130808,0
130809,0
130810,0
130811,0
130812,0
130813,0
130814,0
130815,0
130816,0
130817,1
130818,1
130819,0
130820,0
130821,0
130822,0
130823,0
130824,0
130825,0
130826,0
130827,0
130828,0
130829,0
130830,0
130831,0
130832,1
130833,0
130834,0
130835,0
130836,0
130837,1
130838,0
130839,0
130840,0
130841,0
130842,0
130843,0
130844,0
130845,0
130846,0
130847,0
130848,0
130849,0
130850,0
130851,1
130852,0
130853,0
130854,0
130855,0
130856,0
130857,0
130858,0
130859,0
130860,0
130861,0
130862,1
130863,1
130864,1
130865,0
130866,1
130867,0
130868,0
130869,0
130870,0
130871,0
130872,0
130873,0
130874,0
130875,0
130876,0
130877,0
130878,0
130879,0
130880,1
130881,0
130882,0
130883,1
130884,0
130885,0
130886,0
130887,0
130888,0
130889,0
130890,0
130891,0
130892,0
130893,0
130894,0
130895,0
130896,1
130897,1
130898,0
130899,0
130900,0
130901,0
130902,0
130903,0
130904,0
130905,0
130906,0
130907,1
130908,0
130909,0
130910,0
130911,0
130912,0
130913,0
130914,1
130915,0
130916,0
130917,0
130918,1
130919,0
130920,0
130921,0
130922,0
130923,0
130924,0
130925,0
130926,0
130927,1
130928,0
130929,0
130930,0
130931,0
130932,0
130933,0
130934,0
130935,0
130936,0
130937,0
130938,0
130939,1
130940,0
130941,0
130942,0
130943,0
130944,0
130945,0
130946,0
130947,0
130948,0
130949,0
130950,0
130951,0
130952,0
130953,0
130954,0
130955,0
130956,0
130957,0
130958,0
130959,0
130960,0
130961,0
130962,0
130963,0
130964,0
130965,0
130966,0
130967,1
130968,0
130969,0
130970,0
130971,0
130972,0
130973,0
130974,0
130975,1
130976,0
130977,0
130978,0
130979,0
130980,0
130981,0
130982,0
130983,0
130984,0
130985,0
130986,0
130987,0
130988,0
130989,0
130990,0
130991,0
130992,0
130993,0
130994,1
130995,0
130996,0
130997,0
130998,0
130999,0
131000,0
131001,0
131002,0
131003,0
131004,0
131005,0
131006,0
131007,0
131008,0
131009,0
131010,0
131011,0
131012,0
131013,0
131014,0
131015,0
131016,0
131017,0
131018,0
131019,0
131020,0
131021,0
131022,0
131023,0
131024,0
131025,0
131026,0
131027,0
131028,0
131029,0
131030,0
131031,0
131032,0
131033,1
131034,0
131035,0
131036,0
131037,0
131038,0
131039,0
131040,1
131041,0
131042,0
131043,0
131044,0
131045,1
131046,0
131047,0
131048,0
131049,0
131050,0
131051,0
131052,0
131053,0
131054,0
131055,0
131056,0
131057,0
131058,0
131059,0
131060,0
131061,0
131062,0
131063,0
131064,0
131065,0
131066,0
131067,0
131068,0
131069,0
131070,0
131071,0
131072,0
131073,0
131074,0
131075,0
131076,0
131077,0
131078,0
131079,0
131080,0
131081,0
131082,0
131083,0
131084,0
131085,0
131086,0
131087,0
131088,0
131089,0
131090,0
131091,0
131092,0
131093,0
131094,0
131095,0
131096,0
131097,1
131098,0
131099,0
131100,0
131101,0
131102,0
131103,0
131104,0
131105,0
131106,0
131107,0
131108,0
131109,0
131110,0
131111,0
131112,0
131113,0
131114,0
131115,0
131116,0
131117,0
131118,0
131119,0
131120,0
131121,0
131122,0
131123,0
131124,1
131125,0
131126,1
131127,0
131128,0
131129,0
131130,1
131131,0
131132,0
131133,0
131134,0
131135,0
131136,0
131137,0
131138,1
131139,0
131140,0
131141,0
131142,0
131143,0
131144,0
131145,1
131146,0
131147,0
131148,0
131149,0
131150,0
131151,0
131152,0
131153,0
131154,0
131155,1
131156,1
131157,0
131158,0
131159,0
131160,0
131161,0
131162,0
131163,0
131164,1
131165,0
131166,0
131167,0
131168,0
131169,0
131170,0
131171,0
131172,0
131173,1
131174,1
131175,0
131176,0
131177,0
131178,0
131179,0
131180,1
131181,0
131182,0
131183,0
131184,0
131185,0
131186,0
131187,0
131188,0
131189,0
131190,0
131191,0
131192,0
131193,0
131194,0
131195,0
131196,0
131197,0
131198,0
131199,0
131200,0
131201,0
131202,0
131203,0
131204,0
131205,0
131206,0
131207,0
131208,0
131209,1
131210,0
131211,0
131212,1
131213,0
131214,0
131215,0
131216,0
131217,0
131218,0
131219,0
131220,1
131221,0
131222,0
131223,1
131224,1
131225,1
131226,0
131227,0
131228,0
131229,0
131230,0
131231,0
131232,0
131233,0
131234,0
131235,0
131236,0
131237,1
131238,0
131239,0
131240,1
131241,0
131242,0
131243,0
131244,0
131245,0
131246,0
131247,0
131248,0
131249,0
131250,0
131251,0
131252,0
131253,0
131254,0
131255,0
131256,1
131257,0
131258,0
131259,0
131260,0
131261,0
131262,0
131263,0
131264,0
131265,0
131266,0
131267,0
131268,0
131269,0
131270,0
131271,0
131272,0
131273,0
131274,0
131275,0
131276,0
131277,0
131278,0
131279,0
131280,0
131281,0
131282,0
131283,0
131284,0
131285,0
131286,0
131287,0
131288,0
131289,0
131290,0
131291,0
131292,0
131293,0
131294,0
131295,0
131296,0
131297,0
131298,0
131299,0
131300,0
131301,0
131302,0
131303,0
131304,0
131305,1
131306,0
131307,0
131308,0
131309,0
131310,0
131311,0
131312,0
131313,0
131314,0
131315,0
131316,1
131317,0
131318,0
131319,0
131320,0
131321,0
131322,0
131323,0
131324,1
131325,0
131326,0
131327,0
131328,0
131329,0
131330,0
131331,0
131332,0
131333,0
131334,0
131335,0
131336,0
131337,0
131338,0
131339,0
131340,0
131341,0
131342,0
131343,0
131344,0
131345,0
131346,1
131347,0
131348,0
131349,0
131350,0
131351,0
131352,0
131353,0
131354,0
131355,0
131356,0
131357,0
131358,0
131359,0
131360,0
131361,0
131362,0
131363,0
131364,0
131365,0
131366,0
131367,1
131368,0
131369,0
131370,0
131371,0
131372,0
131373,0
131374,0
131375,0
131376,0
131377,0
131378,0
131379,0
131380,0
131381,0
131382,0
131383,1
131384,0
131385,1
131386,0
131387,0
131388,0
131389,0
131390,0
131391,0
131392,0
131393,0
131394,0
131395,0
131396,0
131397,0
131398,1
131399,0
131400,0
131401,0
131402,0
131403,1
131404,0
131405,0
131406,0
131407,0
131408,0
131409,0
131410,1
131411,0
131412,0
131413,0
131414,0
131415,0
131416,1
131417,0
131418,0
131419,0
131420,0
131421,0
131422,0
131423,0
131424,0
131425,0
131426,0
131427,0
131428,0
131429,0
131430,0
131431,0
131432,1
131433,1
131434,1
131435,0
131436,0
131437,0
131438,0
131439,1
131440,1
131441,0
131442,0
131443,0
131444,0
131445,0
131446,0
131447,0
131448,0
131449,0
131450,0
131451,1
131452,0
131453,0
131454,0
131455,0
131456,0
131457,0
131458,0
131459,0
131460,0
131461,0
131462,0
131463,0
131464,0
131465,0
131466,0
131467,0
131468,0
131469,0
131470,0
131471,0
131472,0
131473,0
131474,0
131475,1
131476,0
131477,0
131478,0
131479,0
131480,0
131481,0
131482,0
131483,0
131484,0
131485,0
131486,0
131487,0
131488,1
131489,0
131490,0
131491,1
131492,0
131493,0
131494,0
131495,0
131496,0
131497,1
131498,1
131499,1
131500,0
131501,0
131502,1
131503,0
131504,0
131505,1
131506,0
131507,0
131508,0
131509,1
131510,0
131511,0
131512,0
131513,0
131514,1
131515,0
131516,0
131517,0
131518,0
131519,0
131520,0
131521,0
131522,0
131523,0
131524,0
131525,0
131526,0
131527,0
131528,0
131529,0
131530,0
131531,0
131532,0
131533,1
131534,0
131535,0
131536,0
131537,0
131538,1
131539,0
131540,0
131541,0
131542,0
131543,0
131544,0
131545,0
131546,0
131547,0
131548,0
131549,0
131550,0
131551,0
131552,1
131553,0
131554,1
131555,0
131556,0
131557,0
131558,0
131559,1
131560,0
131561,0
131562,0
131563,0
131564,0
131565,0
131566,1
131567,0
131568,1
131569,0
131570,0
131571,1
131572,0
131573,0
131574,0
131575,1
131576,0
131577,0
131578,0
131579,1
131580,0
131581,0
131582,0
131583,0
131584,0
131585,0
131586,0
131587,1
131588,0
131589,0
131590,1
131591,0
131592,0
131593,0
131594,0
131595,0
131596,0
131597,0
131598,0
131599,0
131600,0
131601,0
131602,0
131603,0
131604,0
131605,0
131606,0
131607,0
131608,0
131609,0
131610,0
131611,0
131612,1
131613,0
131614,0
131615,0
131616,0
131617,0
131618,0
131619,0
131620,0
131621,0
131622,0
131623,1
131624,0
131625,0
131626,0
131627,0
131628,0
131629,0
131630,0
131631,0
131632,0
131633,0
131634,0
131635,0
131636,0
131637,0
131638,0
131639,0
131640,0
131641,0
131642,0
131643,0
131644,0
131645,1
131646,0
131647,0
131648,0
131649,0
131650,0
131651,0
131652,0
131653,0
131654,0
131655,1
131656,0
131657,0
131658,0
131659,1
131660,0
131661,0
131662,0
131663,0
131664,0
131665,0
131666,0
131667,0
131668,0
131669,0
131670,0
131671,1
131672,0
131673,0
131674,0
131675,0
131676,0
131677,0
131678,0
131679,0
131680,0
131681,0
131682,0
131683,0
131684,0
131685,0
131686,0
131687,0
131688,1
131689,0
131690,0
131691,1
131692,0
131693,0
131694,0
131695,0
131696,0
131697,0
131698,0
131699,0
131700,0
131701,0
131702,0
131703,0
131704,0
131705,0
131706,0
131707,0
131708,0
131709,0
131710,0
131711,0
131712,0
131713,0
131714,0
131715,0
131716,0
131717,0
131718,1
131719,0
131720,0
131721,0
131722,0
131723,0
131724,0
131725,0
131726,0
131727,1
131728,0
131729,0
131730,0
131731,0
131732,0
131733,0
131734,0
131735,0
131736,0
131737,0
131738,0
131739,1
131740,0
131741,0
131742,0
131743,0
131744,0
131745,0
131746,0
131747,1
131748,1
131749,0
131750,0
131751,0
131752,0
131753,0
131754,0
131755,0
131756,0
131757,0
131758,0
131759,0
131760,0
131761,0
131762,0
131763,1
131764,0
131765,0
131766,0
131767,1
131768,0
131769,0
131770,0
131771,0
131772,0
131773,0
131774,0
131775,1
131776,0
131777,0
131778,0
131779,0
131780,1
131781,0
131782,0
131783,0
131784,0
131785,0
131786,0
131787,0
131788,0
131789,0
131790,0
131791,0
131792,0
131793,0
131794,1
131795,0
131796,0
131797,0
131798,0
131799,0
131800,1
131801,0
131802,0
131803,0
131804,0
131805,0
131806,0
131807,0
131808,1
131809,0
131810,0
131811,0
131812,0
131813,1
131814,0
131815,0
131816,0
131817,0
131818,0
131819,0
131820,0
131821,0
131822,0
131823,0
131824,1
131825,0
131826,0
131827,0
131828,1
131829,0
131830,0
131831,0
131832,1
131833,0
131834,0
131835,0
131836,0
131837,0
131838,0
131839,0
131840,1
131841,0
131842,1
131843,0
131844,1
131845,0
131846,1
131847,0
131848,0
131849,0
131850,0
131851,0
131852,1
131853,0
131854,0
131855,0
131856,0
131857,0
131858,0
131859,0
131860,0
131861,1
131862,0
131863,0
131864,0
131865,0
131866,0
131867,0
131868,0
131869,0
131870,0
131871,0
131872,1
131873,0
131874,0
131875,0
131876,0
131877,0
131878,0
131879,0
131880,0
131881,0
131882,0
131883,0
131884,0
131885,0
131886,0
131887,0
131888,0
131889,0
131890,0
131891,0
131892,0
131893,0
131894,0
131895,1
131896,1
131897,0
131898,0
131899,0
131900,0
131901,0
131902,1
131903,0
131904,0
131905,0
131906,0
131907,0
131908,0
131909,0
131910,0
131911,0
131912,0
131913,0
131914,0
131915,0
131916,0
131917,0
131918,0
131919,0
131920,0
131921,0
131922,0
131923,0
131924,0
131925,1
131926,0
131927,0
131928,0
131929,0
131930,0
131931,0
131932,1
131933,1
131934,0
131935,0
131936,0
131937,0
131938,0
131939,0
131940,0
131941,0
131942,1
131943,0
131944,0
131945,0
131946,0
131947,0
131948,0
131949,0
131950,0
131951,0
131952,0
131953,0
131954,0
131955,0
131956,0
131957,0
131958,0
131959,0
131960,0
131961,0
131962,0
131963,0
131964,0
131965,0
131966,0
131967,1
131968,0
131969,0
131970,0
131971,0
131972,0
131973,0
131974,0
131975,0
131976,0
131977,0
131978,0
131979,1
131980,0
131981,0
131982,0
131983,0
131984,0
131985,0
131986,0
131987,0
131988,0
131989,0
131990,0
131991,0
131992,0
131993,0
131994,0
131995,0
131996,0
131997,0
131998,0
131999,0
132000,0
132001,0
132002,0
132003,0
132004,0
132005,0
132006,0
132007,0
132008,0
132009,1
132010,0
132011,0
132012,0
132013,0
132014,1
132015,1
132016,0
132017,0
132018,0
132019,0
132020,0
132021,0
132022,0
132023,0
132024,0
132025,0
132026,1
132027,0
132028,0
132029,0
132030,1
132031,0
132032,0
132033,0
132034,1
132035,0
132036,0
132037,1
132038,0
132039,0
132040,0
132041,1
132042,0
132043,0
132044,0
132045,0
132046,0
132047,0
132048,0
132049,0
132050,0
132051,0
132052,1
132053,0
132054,0
132055,0
132056,0
132057,0
132058,0
132059,0
132060,0
132061,0
132062,0
132063,1
132064,0
132065,0
132066,0
132067,1
132068,0
132069,0
132070,0
132071,0
132072,0
132073,0
132074,0
132075,0
132076,0
132077,0
132078,1
132079,0
132080,0
132081,0
132082,1
132083,0
132084,0
132085,0
132086,0
132087,0
132088,1
132089,0
132090,1
132091,0
132092,0
132093,0
132094,0
132095,0
132096,0
132097,0
132098,0
132099,0
132100,1
132101,0
132102,1
132103,1
132104,0
132105,0
132106,0
132107,0
132108,0
132109,0
132110,0
132111,0
132112,0
132113,0
132114,0
132115,0
132116,0
132117,0
132118,0
132119,0
132120,0
132121,0
132122,0
132123,0
132124,0
132125,0
132126,0
132127,0
132128,1
132129,0
132130,0
132131,1
132132,0
132133,0
132134,1
132135,0
132136,0
132137,0
132138,1
132139,0
132140,0
132141,0
132142,0
132143,0
132144,0
132145,0
132146,1
132147,0
132148,0
132149,0
132150,0
132151,1
132152,0
132153,0
132154,0
132155,0
132156,1
132157,1
132158,0
132159,1
132160,1
132161,0
132162,0
132163,0
132164,0
132165,0
132166,0
132167,0
132168,0
132169,1
132170,1
132171,0
132172,0
132173,0
132174,0
132175,0
132176,0
132177,0
132178,0
132179,0
132180,0
132181,0
132182,0
132183,0
132184,0
132185,0
132186,0
132187,0
132188,0
132189,0
132190,0
132191,0
132192,0
132193,0
132194,0
132195,0
132196,0
132197,0
132198,0
132199,0
132200,1
132201,0
132202,0
132203,0
132204,0
132205,0
132206,1
132207,0
132208,0
132209,0
132210,0
132211,0
132212,0
132213,0
132214,1
132215,0
132216,0
132217,0
132218,0
132219,1
132220,0
132221,0
132222,0
132223,0
132224,0
132225,0
132226,0
132227,0
132228,0
132229,1
132230,1
132231,0
132232,0
132233,0
132234,0
132235,0
132236,0
132237,0
132238,0
132239,1
132240,0
132241,0
132242,1
132243,0
132244,0
132245,0
132246,0
132247,0
132248,0
132249,0
132250,0
132251,1
132252,0
132253,0
132254,0
132255,0
132256,0
132257,1
132258,0
132259,0
132260,0
132261,0
132262,0
132263,0
132264,0
132265,0
132266,0
132267,0
132268,0
132269,0
132270,0
132271,0
132272,0
132273,0
132274,1
132275,0
132276,0
132277,0
132278,0
132279,0
132280,0
132281,0
132282,0
132283,1
132284,0
132285,0
132286,0
132287,0
132288,0
132289,0
132290,1
132291,1
132292,0
132293,0
132294,0
132295,0
132296,0
132297,0
132298,0
132299,0
132300,0
132301,0
132302,0
132303,0
132304,0
132305,0
132306,0
132307,0
132308,0
132309,1
132310,0
132311,0
132312,0
132313,0
132314,0
132315,0
132316,0
132317,0
132318,0
132319,1
132320,0
132321,1
132322,0
132323,0
132324,0
132325,0
132326,0
132327,0
132328,0
132329,0
132330,0
132331,1
132332,0
132333,0
132334,0
132335,0
132336,0
132337,0
132338,0
132339,0
132340,0
132341,0
132342,0
132343,0
132344,0
132345,0
132346,0
132347,0
132348,0
132349,0
132350,1
132351,0
132352,0
132353,0
132354,0
132355,0
132356,0
132357,1
132358,0
132359,0
132360,0
132361,0
132362,1
132363,0
132364,0
132365,0
132366,0
132367,0
132368,0
132369,0
132370,0
132371,0
132372,0
132373,0
132374,0
132375,0
132376,0
132377,0
132378,0
132379,0
132380,0
132381,0
132382,0
132383,0
132384,0
132385,0
132386,0
132387,0
132388,0
132389,0
132390,0
132391,0
132392,0
132393,1
132394,0
132395,0
132396,1
132397,0
132398,0
132399,0
132400,0
132401,0
132402,0
132403,0
132404,0
132405,0
132406,0
132407,0
132408,0
132409,0
132410,0
132411,0
132412,0
132413,0
132414,0
132415,0
132416,0
132417,1
132418,0
132419,0
132420,0
132421,0
132422,0
132423,0
132424,0
132425,0
132426,0
132427,0
132428,0
132429,0
132430,1
132431,1
132432,0
132433,0
132434,0
132435,0
132436,0
132437,1
132438,1
132439,0
132440,0
132441,0
132442,0
132443,0
132444,0
132445,0
132446,0
132447,0
132448,0
132449,1
132450,0
132451,0
132452,1
132453,0
132454,0
132455,0
132456,0
132457,0
132458,0
132459,1
132460,0
132461,1
132462,0
132463,0
132464,1
132465,0
132466,0
132467,0
132468,0
132469,0
132470,0
132471,0
132472,0
132473,1
132474,0
132475,0
132476,1
132477,0
132478,0
132479,0
132480,0
132481,0
132482,0
132483,0
132484,0
132485,0
132486,1
132487,0
132488,0
132489,0
132490,0
132491,0
132492,0
132493,1
132494,0
132495,0
132496,0
132497,0
132498,0
132499,0
132500,0
132501,0
132502,0
132503,0
132504,0
132505,0
132506,1
132507,0
132508,0
132509,0
132510,0
132511,0
132512,0
132513,0
132514,0
132515,1
132516,0
132517,0
132518,0
132519,0
132520,0
132521,0
132522,0
132523,0
132524,0
132525,0
132526,0
132527,0
132528,0
132529,1
132530,1
132531,0
132532,0
132533,0
132534,0
132535,0
132536,0
132537,0
132538,0
132539,0
132540,1
132541,0
132542,0
132543,0
132544,0
132545,0
132546,0
132547,0
132548,0
132549,0
132550,0
132551,0
132552,0
132553,0
132554,0
132555,0
132556,1
132557,0
132558,0
132559,0
132560,0
132561,1
132562,0
132563,0
132564,0
132565,0
132566,0
132567,0
132568,0
132569,0
132570,0
132571,0
132572,0
132573,0
132574,0
132575,0
132576,1
132577,0
132578,0
132579,0
132580,0
132581,0
132582,0
132583,1
132584,0
132585,0
132586,0
132587,0
132588,0
132589,0
132590,0
132591,0
132592,0
132593,0
132594,0
132595,1
132596,0
132597,0
132598,0
132599,0
132600,0
132601,0
132602,0
132603,0
132604,0
132605,0
132606,0
132607,0
132608,0
132609,0
132610,0
132611,0
132612,0
132613,1
132614,1
132615,0
132616,0
132617,0
132618,1
132619,0
132620,0
132621,0
132622,0
132623,0
132624,0
132625,0
132626,0
132627,0
132628,0
132629,0
132630,0
132631,0
132632,0
132633,0
132634,1
132635,1
132636,0
132637,0
132638,0
132639,0
132640,0
132641,0
132642,0
132643,0
132644,0
132645,1
132646,0
132647,1
132648,0
132649,0
132650,0
132651,0
132652,0
132653,0
132654,1
132655,0
132656,0
132657,0
132658,0
132659,0
132660,0
132661,0
132662,0
132663,0
132664,0
132665,0
132666,0
132667,0
132668,0
132669,0
132670,0
132671,0
132672,0
132673,0
132674,0
132675,0
132676,1
132677,0
132678,0
132679,0
132680,0
132681,0
132682,0
132683,0
132684,0
132685,1
132686,0
132687,0
132688,0
132689,0
132690,1
132691,1
132692,0
132693,0
132694,0
132695,0
132696,0
132697,0
132698,1
132699,0
132700,0
132701,0
132702,0
132703,0
132704,0
132705,0
132706,0
132707,0
132708,0
132709,0
132710,0
132711,0
132712,0
132713,0
132714,1
132715,0
132716,0
132717,0
132718,0
132719,0
132720,0
132721,0
132722,0
132723,1
132724,0
132725,0
132726,0
132727,0
132728,0
132729,0
132730,1
132731,0
132732,0
132733,0
132734,0
132735,0
132736,0
132737,0
132738,0
132739,0
132740,0
132741,1
132742,1
132743,0
132744,0
132745,0
132746,0
132747,0
132748,1
132749,0
132750,0
132751,0
132752,0
132753,1
132754,0
132755,0
132756,0
132757,0
132758,0
132759,1
132760,0
132761,0
132762,0
132763,0
132764,0
132765,0
132766,0
132767,1
132768,0
132769,0
132770,1
132771,0
132772,0
132773,0
132774,1
132775,0
132776,0
132777,0
132778,0
132779,0
132780,0
132781,0
132782,0
132783,1
132784,0
132785,0
132786,0
132787,0
132788,0
132789,0
132790,0
132791,0
132792,0
132793,0
132794,1
132795,0
132796,0
132797,0
132798,0
132799,0
132800,0
132801,0
132802,1
132803,0
132804,0
132805,0
132806,0
132807,0
132808,0
132809,0
132810,0
132811,0
132812,0
132813,0
132814,0
132815,1
132816,1
132817,0
132818,0
132819,1
132820,1
132821,0
132822,0
132823,0
132824,0
132825,0
132826,1
132827,0
132828,0
132829,0
132830,0
132831,0
132832,0
132833,0
132834,0
132835,0
132836,0
132837,0
132838,0
132839,0
132840,0
132841,0
132842,0
132843,0
132844,0
132845,1
132846,0
132847,0
132848,0
132849,0
132850,0
132851,0
132852,0
132853,0
132854,1
132855,0
132856,0
132857,0
132858,0
132859,0
132860,1
132861,0
132862,0
132863,0
132864,0
132865,0
132866,0
132867,0
132868,0
132869,0
132870,0
132871,0
132872,0
132873,0
132874,0
132875,0
132876,0
132877,1
132878,0
132879,0
132880,0
132881,0
132882,0
132883,1
132884,0
132885,0
132886,0
132887,0
132888,0
132889,0
132890,0
132891,0
132892,0
132893,0
132894,0
132895,0
132896,1
132897,0
132898,1
132899,0
132900,0
132901,0
132902,0
132903,0
132904,0
132905,0
132906,0
132907,0
132908,0
132909,0
132910,1
132911,0
132912,0
132913,0
132914,0
132915,1
132916,0
132917,1
132918,0
132919,0
132920,0
132921,0
132922,1
132923,0
132924,0
132925,0
132926,0
132927,0
132928,0
132929,0
132930,0
132931,1
132932,1
132933,0
132934,0
132935,0
132936,0
132937,0
132938,1
132939,0
132940,0
132941,0
132942,0
132943,0
132944,0
132945,1
132946,0
132947,0
132948,0
132949,0
132950,0
132951,0
132952,0
132953,0
132954,0
132955,0
132956,0
132957,0
132958,0
132959,1
132960,0
132961,0
132962,0
132963,0
132964,0
132965,1
132966,0
132967,0
132968,0
132969,0
132970,0
132971,0
132972,0
132973,0
132974,0
132975,1
132976,0
132977,1
132978,0
132979,0
132980,0
132981,0
132982,0
132983,0
132984,0
132985,0
132986,1
132987,0
132988,0
132989,0
132990,0
132991,0
132992,0
132993,0
132994,0
132995,0
132996,1
132997,0
132998,0
132999,0
133000,1
133001,0
133002,0
133003,0
133004,0
133005,0
133006,1
133007,0
133008,0
133009,0
133010,0
133011,0
133012,0
133013,0
133014,0
133015,0
133016,0
133017,0
133018,0
133019,1
133020,0
133021,0
133022,0
133023,0
133024,0
133025,0
133026,0
133027,0
133028,0
133029,0
133030,0
133031,0
133032,0
133033,0
133034,0
133035,0
133036,0
133037,0
133038,0
133039,0
133040,0
133041,0
133042,0
133043,1
133044,0
133045,0
133046,0
133047,0
133048,0
133049,0
133050,0
133051,0
133052,0
133053,0
133054,1
133055,0
133056,0
133057,0
133058,0
133059,0
133060,0
133061,0
133062,0
133063,0
133064,0
133065,0
133066,0
133067,0
133068,0
133069,1
133070,0
133071,1
133072,0
133073,0
133074,0
133075,1
133076,0
133077,0
133078,0
133079,0
133080,0
133081,0
133082,1
133083,0
133084,0
133085,0
133086,0
133087,0
133088,0
133089,0
133090,0
133091,0
133092,0
133093,0
133094,0
133095,0
133096,1
133097,0
133098,0
133099,0
133100,0
133101,0
133102,0
133103,0
133104,0
133105,0
133106,0
133107,1
133108,0
133109,0
133110,0
133111,0
133112,0
133113,0
133114,0
133115,0
133116,0
133117,0
133118,0
133119,1
133120,0
133121,0
133122,0
133123,0
133124,0
133125,0
133126,0
133127,0
133128,0
133129,0
133130,0
133131,0
133132,1
133133,0
133134,1
133135,0
133136,0
133137,0
133138,0
133139,0
133140,0
133141,0
133142,0
133143,0
133144,0
133145,0
133146,0
133147,0
133148,0
133149,0
133150,0
133151,0
133152,0
133153,1
133154,0
133155,0
133156,0
133157,0
133158,0
133159,0
133160,0
133161,0
133162,0
133163,0
133164,0
133165,0
133166,0
133167,0
133168,0
133169,1
133170,0
133171,0
133172,0
133173,0
133174,0
133175,0
133176,0
133177,0
133178,0
133179,0
133180,0
133181,0
133182,0
133183,0
133184,0
133185,0
133186,0
133187,1
133188,0
133189,0
133190,0
133191,0
133192,0
133193,0
133194,0
133195,0
133196,1
133197,0
133198,0
133199,1
133200,0
133201,0
133202,0
133203,0
133204,0
133205,0
133206,1
133207,0
133208,0
133209,0
133210,0
133211,0
133212,0
133213,0
133214,0
133215,0
133216,0
133217,0
133218,0
133219,1
133220,0
133221,0
133222,0
133223,0
133224,0
133225,0
133226,0
133227,0
133228,0
133229,0
133230,0
133231,0
133232,0
133233,0
133234,0
133235,0
133236,0
133237,0
133238,1
133239,0
133240,0
133241,1
133242,0
133243,0
133244,0
133245,0
133246,0
133247,0
133248,0
133249,0
133250,1
133251,0
133252,0
133253,0
133254,1
133255,0
133256,0
133257,0
133258,0
133259,1
133260,0
133261,0
133262,0
133263,0
133264,0
133265,0
133266,0
133267,0
133268,0
133269,0
133270,0
133271,0
133272,0
133273,0
133274,0
133275,0
133276,1
133277,0
133278,0
133279,0
133280,0
133281,1
133282,0
133283,0
133284,1
133285,0
133286,0
133287,1
133288,0
133289,0
133290,1
133291,0
133292,0
133293,0
133294,0
133295,0
133296,0
133297,0
133298,0
133299,0
133300,0
133301,0
133302,0
133303,0
133304,0
133305,1
133306,0
133307,0
133308,0
133309,0
133310,0
133311,0
133312,0
133313,0
133314,0
133315,1
133316,0
133317,0
133318,0
133319,0
133320,0
133321,0
133322,0
133323,0
133324,1
133325,0
133326,0
133327,0
133328,0
133329,0
133330,0
133331,0
133332,0
133333,0
133334,0
133335,1
133336,1
133337,0
133338,0
133339,0
133340,0
133341,1
133342,0
133343,0
133344,0
133345,0
133346,0
133347,0
133348,0
133349,0
133350,1
133351,0
133352,1
133353,0
133354,0
133355,1
133356,0
133357,1
133358,0
133359,0
133360,0
133361,1
133362,0
133363,0
133364,1
133365,0
133366,1
133367,1
133368,0
133369,0
133370,0
133371,0
133372,0
133373,0
133374,0
133375,0
133376,0
133377,0
133378,0
133379,0
133380,0
133381,0
133382,0
133383,0
133384,0
133385,0
133386,0
133387,0
133388,0
133389,0
133390,0
133391,0
133392,0
133393,0
133394,0
133395,0
133396,1
133397,0
133398,0
133399,1
133400,0
133401,0
133402,0
133403,0
133404,0
133405,0
133406,0
133407,0
133408,0
133409,0
133410,0
133411,0
133412,0
133413,1
133414,1
133415,0
133416,0
133417,0
133418,0
133419,0
133420,1
133421,0
133422,0
133423,1
133424,0
133425,0
133426,0
133427,1
133428,0
133429,0
133430,1
133431,0
133432,0
133433,0
133434,0
133435,0
133436,0
133437,0
133438,0
133439,0
133440,0
133441,0
133442,0
133443,0
133444,1
133445,0
133446,0
133447,0
133448,0
133449,0
133450,0
133451,0
133452,0
133453,0
133454,0
133455,0
133456,0
133457,0
133458,0
133459,0
133460,0
133461,0
133462,1
133463,0
133464,1
133465,0
133466,0
133467,0
133468,0
133469,0
133470,0
133471,0
133472,0
133473,0
133474,0
133475,1
133476,0
133477,0
133478,0
133479,0
133480,0
133481,0
133482,0
133483,1
133484,1
133485,1
133486,0
133487,0
133488,0
133489,0
133490,0
133491,0
133492,0
133493,0
133494,0
133495,0
133496,0
133497,0
133498,0
133499,1
133500,1
133501,0
133502,0
133503,0
133504,0
133505,0
133506,0
133507,1
133508,0
133509,0
133510,0
133511,0
133512,1
133513,0
133514,1
133515,0
133516,0
133517,1
133518,0
133519,0
133520,0
133521,0
133522,0
133523,0
133524,0
133525,0
133526,0
133527,0
133528,0
133529,0
133530,0
133531,0
133532,1
133533,0
133534,0
133535,0
133536,0
133537,0
133538,0
133539,0
133540,0
133541,0
133542,0
133543,0
133544,0
133545,0
133546,0
133547,0
133548,0
133549,0
133550,0
133551,0
133552,1
133553,0
133554,0
133555,1
133556,0
133557,0
133558,0
133559,0
133560,0
133561,0
133562,0
133563,0
133564,1
133565,0
133566,0
133567,1
133568,0
133569,0
133570,0
133571,0
133572,1
133573,1
133574,0
133575,0
133576,1
133577,0
133578,0
133579,0
133580,0
133581,0
133582,0
133583,0
133584,0
133585,0
133586,0
133587,0
133588,0
133589,0
133590,0
133591,0
133592,0
133593,0
133594,0
133595,0
133596,0
133597,0
133598,0
133599,0
133600,0
133601,0
133602,1
133603,0
133604,0
133605,0
133606,1
133607,0
133608,1
133609,0
133610,0
133611,0
133612,0
133613,0
133614,0
133615,0
133616,0
133617,0
133618,0
133619,0
133620,0
133621,0
133622,0
133623,0
133624,0
133625,0
133626,0
133627,0
133628,0
133629,0
133630,0
133631,0
133632,0
133633,1
133634,0
133635,0
133636,0
133637,0
133638,0
133639,0
133640,0
133641,1
133642,0
133643,0
133644,0
133645,0
133646,0
133647,0
133648,0
133649,0
133650,0
133651,0
133652,0
133653,0
133654,0
133655,0
133656,0
133657,0
133658,0
133659,0
133660,0
133661,0
133662,0
133663,0
133664,0
133665,0
133666,0
133667,0
133668,0
133669,0
133670,0
133671,1
133672,0
133673,0
133674,0
133675,0
133676,0
133677,0
133678,0
133679,0
133680,0
133681,0
133682,0
133683,0
133684,0
133685,0
133686,1
133687,0
133688,0
133689,0
133690,0
133691,0
133692,0
133693,0
133694,0
133695,0
133696,0
133697,1
133698,0
133699,0
133700,1
133701,0
133702,0
133703,0
133704,0
133705,0
133706,0
133707,0
133708,0
133709,0
133710,0
133711,0
133712,0
133713,0
133714,0
133715,1
133716,0
133717,0
133718,0
133719,0
133720,0
133721,0
133722,0
133723,0
133724,0
133725,1
133726,1
133727,0
133728,0
133729,0
133730,0
133731,0
133732,0
133733,0
133734,0
133735,0
133736,0
133737,0
133738,0
133739,1
133740,0
133741,0
133742,0
133743,0
133744,0
133745,0
133746,0
133747,0
133748,0
133749,0
133750,0
133751,0
133752,0
133753,0
133754,0
133755,0
133756,1
133757,0
133758,0
133759,0
133760,0
133761,0
133762,0
133763,0
133764,1
133765,0
133766,0
133767,0
133768,0
133769,0
133770,0
133771,0
133772,0
133773,0
133774,0
133775,0
133776,0
133777,0
133778,0
133779,0
133780,0
133781,0
133782,0
133783,0
133784,1
133785,0
133786,0
133787,0
133788,0
133789,0
133790,0
133791,0
133792,0
133793,0
133794,0
133795,0
133796,0
133797,0
133798,0
133799,0
133800,1
133801,0
133802,0
133803,0
133804,0
133805,0
133806,1
133807,0
133808,0
133809,1
133810,0
133811,1
133812,0
133813,1
133814,1
133815,0
133816,0
133817,0
133818,0
133819,0
133820,0
133821,0
133822,0
133823,0
133824,0
133825,0
133826,1
133827,0
133828,0
133829,0
133830,0
133831,0
133832,0
133833,0
133834,0
133835,0
133836,0
133837,0
133838,0
133839,0
133840,1
133841,0
133842,0
133843,0
133844,0
133845,0
133846,0
133847,0
133848,0
133849,0
133850,0
133851,0
133852,0
133853,0
133854,0
133855,1
133856,0
133857,0
133858,0
133859,0
133860,0
133861,1
133862,0
133863,0
133864,0
133865,0
133866,0
133867,0
133868,0
133869,0
133870,0
133871,0
133872,0
133873,0
133874,0
133875,0
133876,0
133877,1
133878,1
133879,0
133880,0
133881,0
133882,0
133883,0
133884,1
133885,0
133886,0
133887,0
133888,0
133889,0
133890,0
133891,1
133892,0
133893,0
133894,0
133895,0
133896,0
133897,0
133898,0
133899,0
133900,0
133901,0
133902,0
133903,0
133904,0
133905,0
133906,0
133907,1
133908,0
133909,0
133910,0
133911,0
133912,0
133913,0
133914,0
133915,0
133916,0
133917,0
133918,0
133919,0
133920,0
133921,0
133922,0
133923,0
133924,0
133925,0
133926,0
133927,0
133928,0
133929,0
133930,1
133931,0
133932,0
133933,0
133934,0
133935,0
133936,0
133937,0
133938,0
133939,0
133940,0
133941,1
133942,0
133943,0
133944,0
133945,0
133946,1
133947,0
133948,0
133949,0
133950,0
133951,0
133952,0
133953,0
133954,0
133955,0
133956,0
133957,1
133958,1
133959,0
133960,0
133961,0
133962,0
133963,0
133964,0
133965,0
133966,0
133967,0
133968,0
133969,0
133970,0
133971,0
133972,0
133973,0
133974,0
133975,0
133976,0
133977,0
133978,0
133979,0
133980,0
133981,0
133982,0
133983,0
133984,0
133985,1
133986,0
133987,0
133988,0
133989,0
133990,0
133991,0
133992,1
133993,1
133994,0
133995,0
133996,0
133997,0
133998,0
133999,1
134000,0
134001,0
134002,0
134003,0
134004,0
134005,0
134006,0
134007,0
134008,0
134009,0
134010,0
134011,0
134012,0
134013,0
134014,0
134015,0
134016,0
134017,0
134018,0
134019,0
134020,0
134021,0
134022,0
134023,0
134024,0
134025,0
134026,1
134027,0
134028,0
134029,0
134030,1
134031,0
134032,0
134033,0
134034,0
134035,1
134036,0
134037,0
134038,0
134039,0
134040,1
134041,0
134042,0
134043,0
134044,0
134045,0
134046,0
134047,0
134048,0
134049,1
134050,0
134051,0
134052,0
134053,0
134054,0
134055,0
134056,0
134057,0
134058,0
134059,0
134060,0
134061,0
134062,0
134063,0
134064,0
134065,1
134066,0
134067,0
134068,0
134069,0
134070,0
134071,0
134072,0
134073,0
134074,1
134075,0
134076,0
134077,1
134078,0
134079,1
134080,0
134081,0
134082,0
134083,0
134084,0
134085,1
134086,0
134087,0
134088,0
134089,0
134090,0
134091,0
134092,0
134093,1
134094,0
134095,0
134096,1
134097,0
134098,0
134099,0
134100,1
134101,0
134102,0
134103,1
134104,1
134105,0
134106,0
134107,0
134108,0
134109,0
134110,0
134111,0
134112,0
134113,0
134114,0
134115,0
134116,0
134117,0
134118,0
134119,0
134120,0
134121,1
134122,0
134123,0
134124,0
134125,0
134126,0
134127,0
134128,0
134129,0
134130,0
134131,0
134132,0
134133,1
134134,0
134135,1
134136,0
134137,0
134138,0
134139,0
134140,1
134141,0
134142,0
134143,1
134144,0
134145,0
134146,0
134147,0
134148,0
134149,0
134150,0
134151,0
134152,0
134153,0
134154,0
134155,0
134156,0
134157,0
134158,0
134159,0
134160,0
134161,0
134162,0
134163,0
134164,0
134165,0
134166,0
134167,0
134168,0
134169,0
134170,0
134171,0
134172,0
134173,0
134174,0
134175,0
134176,0
134177,0
134178,0
134179,0
134180,0
134181,0
134182,0
134183,0
134184,0
134185,0
134186,0
134187,0
134188,0
134189,0
134190,0
134191,0
134192,0
134193,0
134194,0
134195,0
134196,1
134197,0
134198,0
134199,0
134200,0
134201,0
134202,0
134203,0
134204,0
134205,0
134206,1
134207,0
134208,0
134209,0
134210,0
134211,0
134212,0
134213,0
134214,0
134215,1
134216,1
134217,0
134218,0
134219,0
134220,0
134221,0
134222,0
134223,0
134224,1
134225,0
134226,0
134227,0
134228,0
134229,0
134230,1
134231,0
134232,0
134233,0
134234,0
134235,1
134236,0
134237,0
134238,0
134239,1
134240,0
134241,0
134242,0
134243,1
134244,1
134245,0
134246,0
134247,0
134248,1
134249,0
134250,0
134251,0
134252,0
134253,0
134254,0
134255,0
134256,0
134257,1
134258,0
134259,0
134260,0
134261,0
134262,0
134263,0
134264,0
134265,0
134266,0
134267,1
134268,0
134269,0
134270,0
134271,0
134272,1
134273,0
134274,0
134275,0
134276,0
134277,0
134278,0
134279,0
134280,0
134281,0
134282,0
134283,1
134284,0
134285,0
134286,0
134287,0
134288,0
134289,0
134290,1
134291,0
134292,0
134293,0
134294,0
134295,0
134296,0
134297,0
134298,0
134299,0
134300,0
134301,0
134302,0
134303,1
134304,0
134305,0
134306,0
134307,0
134308,0
134309,1
134310,0
134311,0
134312,0
134313,0
134314,0
134315,0
134316,1
134317,1
134318,0
134319,0
134320,0
134321,0
134322,0
134323,0
134324,1
134325,0
134326,0
134327,0
134328,0
134329,0
134330,1
134331,0
134332,0
134333,0
134334,0
134335,0
134336,0
134337,0
134338,0
134339,1
134340,0
134341,0
134342,0
134343,0
134344,0
134345,0
134346,0
134347,0
134348,0
134349,0
134350,0
134351,0
134352,0
134353,0
134354,0
134355,1
134356,0
134357,0
134358,0
134359,1
134360,0
134361,0
134362,0
134363,1
134364,0
134365,0
134366,0
134367,0
134368,0
134369,0
134370,0
134371,0
134372,0
134373,0
134374,0
134375,1
134376,1
134377,0
134378,0
134379,0
134380,0
134381,0
134382,1
134383,0
134384,0
134385,0
134386,0
134387,0
134388,0
134389,0
134390,0
134391,0
134392,0
134393,0
134394,1
134395,1
134396,1
134397,1
134398,1
134399,0
134400,0
134401,0
134402,1
134403,1
134404,0
134405,0
134406,0
134407,0
134408,0
134409,0
134410,0
134411,0
134412,0
134413,0
134414,0
134415,0
134416,0
134417,0
134418,0
134419,0
134420,0
134421,0
134422,0
134423,0
134424,0
134425,0
134426,0
134427,0
134428,0
134429,0
134430,0
134431,0
134432,0
134433,1
134434,0
134435,0
134436,0
134437,0
134438,0
134439,0
134440,0
134441,0
134442,0
134443,1
134444,0
134445,0
134446,0
134447,0
134448,0
134449,1
134450,0
134451,0
134452,0
134453,0
134454,0
134455,0
134456,0
134457,0
134458,0
134459,0
134460,0
134461,0
134462,0
134463,1
134464,0
134465,0
134466,0
134467,0
134468,0
134469,0
134470,1
134471,0
134472,0
134473,0
134474,0
134475,1
134476,0
134477,0
134478,0
134479,1
134480,0
134481,0
134482,0
134483,0
134484,0
134485,0
134486,0
134487,0
134488,1
134489,1
134490,0
134491,0
134492,0
134493,0
134494,1
134495,0
134496,0
134497,0
134498,0
134499,0
134500,0
134501,0
134502,0
134503,0
134504,0
134505,0
134506,0
134507,0
134508,0
134509,1
134510,0
134511,0
134512,0
134513,1
134514,0
134515,0
134516,0
134517,0
134518,0
134519,0
134520,0
134521,0
134522,0
134523,0
134524,0
134525,0
134526,0
134527,0
134528,1
134529,1
134530,0
134531,1
134532,0
134533,0
134534,1
134535,0
134536,0
134537,0
134538,0
134539,0
134540,0
134541,0
134542,0
134543,1
134544,0
134545,0
134546,0
134547,0
134548,0
134549,0
134550,0
134551,0
134552,0
134553,1
134554,0
134555,0
134556,0
134557,0
134558,0
134559,0
134560,0
134561,0
134562,0
134563,0
134564,0
134565,0
134566,0
134567,0
134568,0
134569,0
134570,1
134571,0
134572,0
134573,0
134574,0
134575,0
134576,0
134577,0
134578,0
134579,0
134580,0
134581,0
134582,0
134583,0
134584,0
134585,0
134586,0
134587,0
134588,1
134589,0
134590,0
134591,0
134592,0
134593,0
134594,0
134595,0
134596,0
134597,1
134598,0
134599,0
134600,0
134601,0
134602,0
134603,0
134604,0
134605,0
134606,0
134607,0
134608,0
134609,0
134610,0
134611,0
134612,0
134613,0
134614,0
134615,0
134616,0
134617,0
134618,0
134619,1
134620,0
134621,0
134622,0
134623,0
134624,0
134625,0
134626,0
134627,1
134628,0
134629,0
134630,0
134631,1
134632,0
134633,1
134634,1
134635,0
134636,0
134637,0
134638,0
134639,0
134640,0
134641,0
134642,0
134643,1
134644,0
134645,1
134646,0
134647,0
134648,0
134649,0
134650,0
134651,0
134652,0
134653,0
134654,0
134655,0
134656,0
134657,0
134658,0
134659,0
134660,0
134661,0
134662,0
134663,0
134664,0
134665,0
134666,0
134667,0
134668,0
134669,0
134670,0
134671,1
134672,1
134673,0
134674,0
134675,0
134676,0
134677,0
134678,0
134679,0
134680,0
134681,0
134682,1
134683,0
134684,0
134685,0
134686,0
134687,0
134688,0
134689,0
134690,0
134691,0
134692,0
134693,0
134694,0
134695,1
134696,0
134697,0
134698,0
134699,0
134700,0
134701,0
134702,0
134703,0
134704,0
134705,0
134706,0
134707,0
134708,0
134709,0
134710,0
134711,0
134712,0
134713,0
134714,0
134715,0
134716,0
134717,0
134718,1
134719,0
134720,0
134721,0
134722,0
134723,0
134724,0
134725,0
134726,0
134727,0
134728,0
134729,1
134730,0
134731,1
134732,0
134733,0
134734,0
134735,0
134736,0
134737,0
134738,0
134739,0
134740,0
134741,0
134742,0
134743,0
134744,0
134745,0
134746,0
134747,0
134748,0
134749,0
134750,0
134751,1
134752,0
134753,0
134754,0
134755,1
134756,0
134757,0
134758,1
134759,0
134760,0
134761,0
134762,0
134763,0
134764,1
134765,0
134766,0
134767,0
134768,0
134769,0
134770,0
134771,0
134772,0
134773,0
134774,0
134775,0
134776,0
134777,0
134778,0
134779,0
134780,0
134781,0
134782,0
134783,0
134784,0
134785,0
134786,0
134787,0
134788,0
134789,0
134790,0
134791,0
134792,0
134793,0
134794,0
134795,0
134796,0
134797,0
134798,0
134799,1
134800,0
134801,0
134802,0
134803,1
134804,1
134805,0
134806,1
134807,0
134808,0
134809,0
134810,0
134811,0
134812,0
134813,0
134814,0
134815,0
134816,0
134817,0
134818,1
134819,0
134820,1
134821,0
134822,0
134823,0
134824,0
134825,0
134826,0
134827,0
134828,0
134829,0
134830,1
134831,0
134832,0
134833,0
134834,0
134835,0
134836,0
134837,0
134838,0
134839,0
134840,0
134841,0
134842,0
134843,0
134844,0
134845,0
134846,1
134847,0
134848,0
134849,0
134850,0
134851,0
134852,0
134853,1
134854,0
134855,0
134856,0
134857,0
134858,0
134859,0
134860,0
134861,0
134862,0
134863,0
134864,0
134865,0
134866,1
134867,0
134868,0
134869,0
134870,0
134871,0
134872,0
134873,0
134874,0
134875,0
134876,0
134877,0
134878,0
134879,1
134880,0
134881,0
134882,0
134883,0
134884,0
134885,0
134886,0
134887,0
134888,0
134889,0
134890,0
134891,0
134892,0
134893,1
134894,0
134895,0
134896,0
134897,0
134898,0
134899,0
134900,0
134901,0
134902,0
134903,0
134904,0
134905,0
134906,0
134907,0
134908,0
134909,0
134910,0
134911,0
134912,0
134913,0
134914,0
134915,0
134916,0
134917,0
134918,0
134919,0
134920,0
134921,0
134922,1
134923,0
134924,0
134925,0
134926,0
134927,0
134928,1
134929,0
134930,0
134931,0
134932,0
134933,0
134934,0
134935,0
134936,0
134937,0
134938,0
134939,0
134940,1
134941,0
134942,0
134943,0
134944,0
134945,0
134946,0
134947,0
134948,0
134949,0
134950,0
134951,1
134952,0
134953,0
134954,0
134955,0
134956,0
134957,0
134958,0
134959,0
134960,1
134961,0
134962,0
134963,0
134964,0
134965,1
134966,0
134967,0
134968,0
134969,0
134970,0
134971,0
134972,0
134973,0
134974,0
134975,0
134976,0
134977,0
134978,0
134979,0
134980,0
134981,0
134982,0
134983,0
134984,0
134985,0
134986,0
134987,0
134988,0
134989,0
134990,0
134991,0
134992,0
134993,0
134994,1
134995,0
134996,0
134997,0
134998,0
134999,0
135000,0
135001,0
135002,1
135003,0
135004,0
135005,0
135006,0
135007,0
135008,0
135009,0
135010,0
135011,0
135012,1
135013,0
135014,0
135015,0
135016,1
135017,0
135018,0
135019,0
135020,0
135021,0
135022,0
135023,0
135024,0
135025,0
135026,0
135027,0
135028,0
135029,0
135030,0
135031,0
135032,0
135033,0
135034,0
135035,0
135036,1
135037,0
135038,0
135039,0
135040,0
135041,0
135042,0
135043,0
135044,0
135045,0
135046,1
135047,0
135048,0
135049,0
135050,0
135051,0
135052,0
135053,0
135054,0
135055,1
135056,0
135057,1
135058,0
135059,0
135060,0
135061,0
135062,0
135063,0
135064,0
135065,0
135066,0
135067,0
135068,0
135069,0
135070,0
135071,0
135072,0
135073,0
135074,0
135075,0
135076,0
135077,1
135078,0
135079,0
135080,0
135081,0
135082,0
135083,0
135084,0
135085,0
135086,0
135087,0
135088,0
135089,1
135090,0
135091,0
135092,0
135093,0
135094,0
135095,0
135096,0
135097,0
135098,0
135099,0
135100,0
135101,0
135102,0
135103,0
135104,0
135105,0
135106,1
135107,0
135108,0
135109,0
135110,0
135111,0
135112,0
135113,0
135114,0
135115,0
135116,0
135117,0
135118,0
135119,0
135120,0
135121,0
135122,0
135123,0
135124,0
135125,1
135126,0
135127,0
135128,1
135129,0
135130,0
135131,0
135132,0
135133,0
135134,0
135135,0
135136,0
135137,0
135138,0
135139,0
135140,0
135141,0
135142,0
135143,0
135144,0
135145,0
135146,0
135147,0
135148,0
135149,0
135150,0
135151,0
135152,0
135153,0
135154,0
135155,0
135156,0
135157,1
135158,1
135159,0
135160,0
135161,0
135162,0
135163,0
135164,0
135165,0
135166,0
135167,0
135168,0
135169,1
135170,1
135171,0
135172,0
135173,0
135174,0
135175,0
135176,0
135177,0
135178,0
135179,0
135180,0
135181,0
135182,0
135183,0
135184,0
135185,0
135186,0
135187,0
135188,1
135189,0
135190,0
135191,0
135192,0
135193,1
135194,0
135195,0
135196,0
135197,1
135198,0
135199,0
135200,0
135201,0
135202,1
135203,0
135204,0
135205,0
135206,0
135207,0
135208,0
135209,0
135210,0
135211,0
135212,0
135213,0
135214,0
135215,0
135216,0
135217,0
135218,0
135219,0
135220,0
135221,0
135222,1
135223,0
135224,0
135225,0
135226,0
135227,0
135228,0
135229,0
135230,0
135231,0
135232,0
135233,0
135234,0
135235,0
135236,0
135237,0
135238,0
135239,1
135240,0
135241,0
135242,0
135243,1
135244,0
135245,0
135246,0
135247,0
135248,0
135249,0
135250,0
135251,0
135252,0
135253,0
135254,0
135255,0
135256,1
135257,0
135258,1
135259,0
135260,0
135261,0
135262,0
135263,0
135264,1
135265,0
135266,1
135267,0
135268,0
135269,0
135270,0
135271,0
135272,0
135273,0
135274,0
135275,0
135276,0
135277,0
135278,0
135279,0
135280,0
135281,1
135282,0
135283,0
135284,0
135285,0
135286,0
135287,0
135288,0
135289,0
135290,0
135291,0
135292,0
135293,0
135294,1
135295,0
135296,0
135297,0
135298,0
135299,0
135300,0
135301,0
135302,0
135303,0
135304,0
135305,0
135306,0
135307,0
135308,0
135309,0
135310,0
135311,0
135312,0
135313,0
135314,0
135315,0
135316,0
135317,1
135318,0
135319,0
135320,0
135321,0
135322,0
135323,1
135324,1
135325,0
135326,0
135327,0
135328,0
135329,0
135330,1
135331,0
135332,0
135333,0
135334,0
135335,0
135336,0
135337,0
135338,0
135339,0
135340,0
135341,0
135342,0
135343,1
135344,0
135345,0
135346,1
135347,0
135348,0
135349,0
135350,0
135351,0
135352,0
135353,1
135354,0
135355,0
135356,0
135357,0
135358,0
135359,1
135360,1
135361,0
135362,0
135363,0
135364,0
135365,1
135366,0
135367,0
135368,0
135369,0
135370,0
135371,0
135372,0
135373,0
135374,0
135375,0
135376,0
135377,0
135378,0
135379,1
135380,0
135381,0
135382,0
135383,0
135384,0
135385,0
135386,0
135387,0
135388,0
135389,0
135390,0
135391,0
135392,0
135393,0
135394,0
135395,0
135396,0
135397,0
135398,0
135399,0
135400,0
135401,0
135402,0
135403,0
135404,0
135405,0
135406,0
135407,0
135408,0
135409,0
135410,0
135411,1
135412,0
135413,0
135414,0
135415,0
135416,0
135417,0
135418,0
135419,0
135420,0
135421,0
135422,0
135423,0
135424,0
135425,0
135426,0
135427,0
135428,0
135429,0
135430,0
135431,0
135432,0
135433,0
135434,0
135435,0
135436,0
135437,0
135438,0
135439,0
135440,0
135441,0
135442,0
135443,1
135444,0
135445,0
135446,0
135447,0
135448,0
135449,0
135450,0
135451,0
135452,0
135453,0
135454,0
135455,0
135456,0
135457,1
135458,0
135459,0
135460,0
135461,0
135462,0
135463,0
135464,0
135465,0
135466,0
135467,0
135468,0
135469,0
135470,0
135471,0
135472,0
135473,0
135474,0
135475,0
135476,0
135477,0
135478,0
135479,0
135480,0
135481,0
135482,0
135483,0
135484,0
135485,0
135486,0
135487,0
135488,0
135489,0
135490,1
135491,0
135492,0
135493,0
135494,0
135495,0
135496,0
135497,0
135498,0
135499,0
135500,0
135501,0
135502,0
135503,0
135504,0
135505,0
135506,0
135507,0
135508,0
135509,1
135510,0
135511,0
135512,1
135513,0
135514,0
135515,0
135516,0
135517,0
135518,0
135519,0
135520,0
135521,0
135522,0
135523,0
135524,0
135525,1
135526,0
135527,0
135528,1
135529,0
135530,0
135531,0
135532,1
135533,0
135534,0
135535,0
135536,0
135537,0
135538,0
135539,1
135540,0
135541,0
135542,1
135543,0
135544,0
135545,0
135546,1
135547,0
135548,0
135549,0
135550,0
135551,0
135552,0
135553,0
135554,0
135555,1
135556,0
135557,1
135558,0
135559,0
135560,0
135561,0
135562,0
135563,0
135564,0
135565,1
135566,0
135567,0
135568,0
135569,1
135570,0
135571,0
135572,0
135573,0
135574,0
135575,0
135576,0
135577,0
135578,1
135579,0
135580,0
135581,0
135582,0
135583,0
135584,0
135585,0
135586,0
135587,0
135588,0
135589,0
135590,0
135591,1
135592,0
135593,0
135594,0
135595,0
135596,0
135597,0
135598,0
135599,0
135600,1
135601,1
135602,0
135603,0
135604,0
135605,1
135606,0
135607,0
135608,0
135609,0
135610,0
135611,1
135612,0
135613,0
135614,0
135615,0
135616,0
135617,0
135618,0
135619,0
135620,0
135621,0
135622,0
135623,0
135624,0
135625,0
135626,0
135627,0
135628,0
135629,0
135630,0
135631,0
135632,0
135633,0
135634,0
135635,1
135636,0
135637,0
135638,0
135639,1
135640,0
135641,0
135642,0
135643,0
135644,0
135645,0
135646,1
135647,0
135648,1
135649,0
135650,0
135651,0
135652,0
135653,0
135654,0
135655,0
135656,0
135657,0
135658,0
135659,0
135660,0
135661,0
135662,0
135663,0
135664,1
135665,0
135666,0
135667,0
135668,0
135669,0
135670,0
135671,0
135672,1
135673,0
135674,0
135675,1
135676,1
135677,0
135678,0
135679,0
135680,1
135681,1
135682,0
135683,0
135684,0
135685,0
135686,0
135687,0
135688,0
135689,0
135690,0
135691,0
135692,0
135693,1
135694,0
135695,0
135696,0
135697,0
135698,0
135699,0
135700,1
135701,0
135702,0
135703,0
135704,0
135705,0
135706,0
135707,0
135708,0
135709,0
135710,0
135711,0
135712,1
135713,0
135714,0
135715,1
135716,0
135717,0
135718,0
135719,0
135720,0
135721,0
135722,1
135723,0
135724,0
135725,0
135726,0
135727,0
135728,0
135729,0
135730,0
135731,0
135732,0
135733,0
135734,0
135735,0
135736,0
135737,0
135738,0
135739,0
135740,0
135741,0
135742,0
135743,0
135744,0
135745,0
135746,0
135747,0
135748,0
135749,0
135750,0
135751,1
135752,0
135753,0
135754,0
135755,0
135756,0
135757,1
135758,0
135759,0
135760,0
135761,0
135762,0
135763,0
135764,1
135765,0
135766,0
135767,0
135768,1
135769,0
135770,0
135771,0
135772,0
135773,1
135774,0
135775,0
135776,0
135777,0
135778,0
135779,0
135780,0
135781,0
135782,0
135783,1
135784,1
135785,0
135786,0
135787,1
135788,0
135789,0
135790,1
135791,0
135792,1
135793,0
135794,0
135795,0
135796,0
135797,0
135798,0
135799,0
135800,0
135801,0
135802,1
135803,0
135804,0
135805,0
135806,0
135807,0
135808,0
135809,0
135810,1
135811,0
135812,0
135813,0
135814,0
135815,0
135816,0
135817,0
135818,0
135819,0
135820,0
135821,0
135822,0
135823,0
135824,0
135825,0
135826,0
135827,0
135828,0
135829,0
135830,0
135831,0
135832,0
135833,0
135834,1
135835,0
135836,0
135837,0
135838,0
135839,0
135840,0
135841,1
135842,0
135843,0
135844,0
135845,0
135846,0
135847,0
135848,0
135849,0
135850,1
135851,0
135852,0
135853,1
135854,0
135855,0
135856,0
135857,0
135858,0
135859,1
135860,0
135861,0
135862,0
135863,0
135864,0
135865,1
135866,0
135867,0
135868,0
135869,0
135870,0
135871,0
135872,0
135873,0
135874,0
135875,0
135876,0
135877,0
135878,0
135879,0
135880,0
135881,0
135882,0
135883,0
135884,1
135885,0
135886,0
135887,0
135888,0
135889,0
135890,0
135891,0
135892,0
135893,0
135894,0
135895,0
135896,0
135897,0
135898,0
135899,0
135900,1
135901,0
135902,0
135903,0
135904,0
135905,0
135906,0
135907,0
135908,0
135909,1
135910,0
135911,0
135912,0
135913,0
135914,0
135915,0
135916,0
135917,0
135918,1
135919,0
135920,0
135921,0
135922,0
135923,0
135924,0
135925,0
135926,0
135927,0
135928,0
135929,0
135930,0
135931,0
135932,0
135933,1
135934,0
135935,0
135936,0
135937,0
135938,1
135939,1
135940,0
135941,0
135942,0
135943,0
135944,0
135945,0
135946,0
135947,0
135948,0
135949,0
135950,0
135951,0
135952,0
135953,0
135954,0
135955,0
135956,0
135957,0
135958,0
135959,0
135960,0
135961,0
135962,0
135963,0
135964,0
135965,0
135966,0
135967,0
135968,0
135969,1
135970,1
135971,0
135972,0
135973,0
135974,0
135975,0
135976,0
135977,0
135978,0
135979,0
135980,0
135981,1
135982,1
135983,0
135984,0
135985,0
135986,0
135987,0
135988,0
135989,0
135990,0
135991,1
135992,0
135993,0
135994,0
135995,0
135996,0
135997,0
135998,1
135999,0
136000,0
136001,0
136002,0
136003,0
136004,0
136005,0
136006,1
136007,0
136008,0
136009,0
136010,0
136011,1
136012,0
136013,1
136014,0
136015,0
136016,0
136017,0
136018,0
136019,0
136020,0
136021,0
136022,0
136023,0
136024,0
136025,0
136026,0
136027,0
136028,0
136029,0
136030,0
136031,0
136032,0
136033,0
136034,0
136035,0
136036,0
136037,0
136038,0
136039,1
136040,0
136041,1
136042,1
136043,0
136044,0
136045,0
136046,0
136047,0
136048,0
136049,0
136050,0
136051,0
136052,0
136053,0
136054,0
136055,0
136056,0
136057,0
136058,0
136059,0
136060,0
136061,0
136062,0
136063,0
136064,1
136065,0
136066,0
136067,0
136068,0
136069,0
136070,0
136071,1
136072,0
136073,0
136074,0
136075,0
136076,0
136077,0
136078,0
136079,0
136080,0
136081,0
136082,0
136083,1
136084,0
136085,0
136086,0
136087,0
136088,1
136089,0
136090,0
136091,0
136092,0
136093,0
136094,0
136095,0
136096,1
136097,0
136098,0
136099,0
136100,0
136101,1
136102,0
136103,1
136104,0
136105,0
136106,0
136107,0
136108,0
136109,0
136110,0
136111,0
136112,0
136113,0
136114,0
136115,0
136116,0
136117,0
136118,0
136119,0
136120,1
136121,0
136122,0
136123,0
136124,0
136125,0
136126,0
136127,0
136128,0
136129,0
136130,0
136131,0
136132,0
136133,0
136134,0
136135,0
136136,1
136137,0
136138,0
136139,0
136140,0
136141,0
136142,0
136143,0
136144,0
136145,0
136146,0
136147,0
136148,0
136149,0
136150,0
136151,1
136152,0
136153,0
136154,0
136155,0
136156,0
136157,0
136158,0
136159,0
136160,0
136161,0
136162,0
136163,0
136164,0
136165,1
136166,0
136167,1
136168,0
136169,0
136170,0
136171,0
136172,0
136173,0
136174,1
136175,0
136176,0
136177,0
136178,0
136179,0
136180,1
136181,0
136182,0
136183,0
136184,0
136185,0
136186,0
136187,0
136188,0
136189,0
136190,1
136191,0
136192,0
136193,0
136194,0
136195,0
136196,0
136197,0
136198,0
136199,0
136200,0
136201,0
136202,0
136203,0
136204,0
136205,0
136206,0
136207,1
136208,0
136209,0
136210,0
136211,1
136212,0
136213,0
136214,0
136215,0
136216,1
136217,0
136218,0
136219,0
136220,0
136221,0
136222,0
136223,1
136224,0
136225,0
136226,0
136227,1
136228,0
136229,0
136230,0
136231,0
136232,0
136233,0
136234,0
136235,0
136236,0
136237,0
136238,0
136239,0
136240,0
136241,0
136242,0
136243,0
136244,0
136245,0
136246,0
136247,0
136248,0
136249,0
136250,0
136251,1
136252,0
136253,0
136254,0
136255,1
136256,1
136257,0
136258,0
136259,0
136260,0
136261,0
136262,0
136263,0
136264,0
136265,0
136266,0
136267,0
136268,0
136269,0
136270,0
136271,0
136272,0
136273,0
136274,0
136275,0
136276,0
136277,0
136278,0
136279,0
136280,0
136281,0
136282,0
136283,1
136284,0
136285,0
136286,0
136287,0
136288,0
136289,0
136290,0
136291,0
136292,0
136293,0
136294,0
136295,1
136296,0
136297,0
136298,0
136299,0
136300,1
136301,0
136302,0
136303,0
136304,0
136305,0
136306,0
136307,1
136308,0
136309,0
136310,0
136311,0
136312,0
136313,0
136314,0
136315,0
136316,0
136317,0
136318,1
136319,0
136320,0
136321,0
136322,0
136323,0
136324,0
136325,0
136326,0
136327,1
136328,0
136329,0
136330,0
136331,1
136332,0
136333,0
136334,0
136335,1
136336,0
136337,0
136338,1
136339,0
136340,0
136341,0
136342,0
136343,0
136344,0
136345,0
136346,0
136347,0
136348,0
136349,0
136350,0
136351,1
136352,0
136353,0
136354,0
136355,0
136356,0
136357,0
136358,1
136359,0
136360,0
136361,0
136362,0
136363,1
136364,0
136365,0
136366,0
136367,0
136368,0
136369,0
136370,0
136371,0
136372,0
136373,0
136374,0
136375,0
136376,0
136377,0
136378,0
136379,0
136380,0
136381,0
136382,1
136383,0
136384,0
136385,0
136386,0
136387,0
136388,1
136389,0
136390,0
136391,1
136392,0
136393,0
136394,1
136395,0
136396,0
136397,0
136398,0
136399,0
136400,0
136401,1
136402,0
136403,0
136404,0
136405,0
136406,0
136407,1
136408,0
136409,0
136410,0
136411,0
136412,0
136413,0
136414,0
136415,0
136416,1
136417,0
136418,0
136419,0
136420,0
136421,0
136422,0
136423,0
136424,0
136425,0
136426,0
136427,0
136428,1
136429,0
136430,1
136431,1
136432,0
136433,0
136434,0
136435,1
136436,0
136437,0
136438,0
136439,0
136440,1
136441,0
136442,0
136443,0
136444,0
136445,0
136446,0
136447,0
136448,0
136449,0
136450,0
136451,0
136452,0
136453,0
136454,0
136455,0
136456,0
136457,1
136458,0
136459,0
136460,0
136461,0
136462,0
136463,0
136464,0
136465,0
136466,0
136467,0
136468,0
136469,0
136470,0
136471,0
136472,0
136473,0
136474,0
136475,0
136476,1
136477,0
136478,0
136479,1
136480,0
136481,0
136482,0
136483,0
136484,1
136485,0
136486,0
136487,0
136488,0
136489,0
136490,0
136491,0
136492,0
136493,0
136494,0
136495,0
136496,0
136497,0
136498,0
136499,1
136500,0
136501,0
136502,0
136503,0
136504,0
136505,0
136506,0
136507,0
136508,0
136509,0
136510,0
136511,0
136512,0
136513,0
136514,0
136515,0
136516,0
136517,1
136518,0
136519,0
136520,0
136521,0
136522,0
136523,0
136524,1
136525,0
136526,0
136527,0
136528,0
136529,0
136530,0
136531,0
136532,0
136533,0
136534,1
136535,0
136536,0
136537,0
136538,1
136539,0
136540,0
136541,0
136542,0
136543,1
136544,0
136545,1
136546,1
136547,0
136548,1
136549,0
136550,0
136551,1
136552,1
136553,1
136554,0
136555,0
136556,0
136557,0
136558,0
136559,0
136560,0
136561,0
136562,0
136563,1
136564,0
136565,0
136566,0
136567,0
136568,0
136569,0
136570,0
136571,0
136572,0
136573,0
136574,0
136575,0
136576,0
136577,0
136578,0
136579,0
136580,0
136581,0
136582,0
136583,0
136584,0
136585,0
136586,0
136587,0
136588,0
136589,0
136590,0
136591,0
136592,0
136593,0
136594,0
136595,0
136596,1
136597,0
136598,0
136599,0
136600,0
136601,0
136602,0
136603,0
136604,0
136605,0
136606,1
136607,0
136608,0
136609,0
136610,0
136611,0
136612,0
136613,0
136614,0
136615,0
136616,0
136617,0
136618,0
136619,0
136620,0
136621,0
136622,0
136623,0
136624,0
136625,0
136626,0
136627,0
136628,0
136629,0
136630,0
136631,0
136632,0
136633,0
136634,0
136635,0
136636,0
136637,0
136638,0
136639,0
136640,0
136641,0
136642,0
136643,0
136644,0
136645,0
136646,1
136647,0
136648,1
136649,0
136650,0
136651,0
136652,0
136653,0
136654,0
136655,0
136656,0
136657,0
136658,0
136659,0
136660,0
136661,0
136662,1
136663,0
136664,1
136665,0
136666,0
136667,0
136668,0
136669,0
136670,0
136671,0
136672,1
136673,1
136674,1
136675,0
136676,0
136677,0
136678,1
136679,0
136680,0
136681,0
136682,0
136683,0
136684,0
136685,1
136686,1
136687,0
136688,0
136689,1
136690,0
136691,1
136692,0
136693,0
136694,0
136695,0
136696,0
136697,0
136698,0
136699,0
136700,0
136701,0
136702,0
136703,0
136704,1
136705,0
136706,0
136707,0
136708,0
136709,0
136710,0
136711,0
136712,0
136713,0
136714,0
136715,0
136716,0
136717,0
136718,0
136719,0
136720,0
136721,0
136722,0
136723,0
136724,0
136725,0
136726,0
136727,0
136728,0
136729,0
136730,0
136731,0
136732,0
136733,0
136734,0
136735,0
136736,0
136737,0
136738,0
136739,0
136740,1
136741,0
136742,0
136743,0
136744,1
136745,0
136746,0
136747,0
136748,0
136749,0
136750,0
136751,0
136752,0
136753,0
136754,0
136755,0
136756,0
136757,0
136758,0
136759,0
136760,0
136761,0
136762,0
136763,0
136764,0
136765,0
136766,0
136767,0
136768,0
136769,0
136770,0
136771,0
136772,0
136773,0
136774,0
136775,0
136776,0
136777,0
136778,0
136779,0
136780,0
136781,1
136782,0
136783,0
136784,0
136785,0
136786,0
136787,0
136788,1
136789,0
136790,0
136791,0
136792,0
136793,0
136794,0
136795,0
136796,0
136797,1
136798,0
136799,0
136800,0
136801,0
136802,1
136803,0
136804,0
136805,1
136806,0
136807,0
136808,0
136809,0
136810,0
136811,0
136812,0
136813,0
136814,1
136815,0
136816,0
136817,0
136818,0
136819,0
136820,0
136821,0
136822,0
136823,0
136824,0
136825,0
136826,0
136827,0
136828,0
136829,0
136830,1
136831,0
136832,0
136833,0
136834,0
136835,1
136836,1
136837,0
136838,0
136839,0
136840,0
136841,0
136842,0
136843,0
136844,0
136845,1
136846,0
136847,0
136848,0
136849,0
136850,0
136851,0
136852,0
136853,0
136854,0
136855,1
136856,0
136857,0
136858,1
136859,0
136860,0
136861,0
136862,0
136863,0
136864,0
136865,0
136866,0
136867,0
136868,0
136869,0
136870,0
136871,1
136872,0
136873,0
136874,0
136875,0
136876,1
136877,0
136878,0
136879,0
136880,0
136881,0
136882,0
136883,0
136884,0
136885,0
136886,1
136887,0
136888,0
136889,1
136890,0
136891,0
136892,0
136893,0
136894,0
136895,0
136896,1
136897,0
136898,0
136899,0
136900,0
136901,0
136902,1
136903,0
136904,0
136905,0
136906,0
136907,0
136908,0
136909,0
136910,0
136911,0
136912,0
136913,0
136914,0
136915,0
136916,0
136917,0
136918,0
136919,1
136920,1
136921,0
136922,0
136923,1
136924,0
136925,0
136926,0
136927,0
136928,0
136929,1
136930,0
136931,0
136932,0
136933,0
136934,0
136935,0
136936,0
136937,0
136938,0
136939,0
136940,0
136941,0
136942,0
136943,0
136944,0
136945,0
136946,1
136947,0
136948,0
136949,0
136950,0
136951,0
136952,0
136953,0
136954,1
136955,0
136956,0
136957,1
136958,1
136959,0
136960,0
136961,0
136962,0
136963,0
136964,0
136965,0
136966,0
136967,0
136968,1
136969,0
136970,0
136971,0
136972,0
136973,0
136974,0
136975,0
136976,1
136977,0
136978,0
136979,0
136980,0
136981,0
136982,0
136983,0
136984,1
136985,0
136986,0
136987,0
136988,0
136989,0
136990,0
136991,0
136992,0
136993,0
136994,1
136995,0
136996,1
136997,0
136998,0
136999,0
137000,0
137001,1
137002,0
137003,0
137004,0
137005,0
137006,0
137007,0
137008,0
137009,0
137010,0
137011,0
137012,1
137013,0
137014,0
137015,0
137016,1
137017,0
137018,1
137019,0
137020,0
137021,0
137022,0
137023,0
137024,0
137025,0
137026,0
137027,0
137028,0
137029,0
137030,0
137031,0
137032,0
137033,0
137034,0
137035,0
137036,1
137037,0
137038,0
137039,0
137040,0
137041,0
137042,0
137043,0
137044,1
137045,0
137046,0
137047,0
137048,0
137049,0
137050,0
137051,1
137052,0
137053,1
137054,0
137055,1
137056,0
137057,0
137058,0
137059,0
137060,0
137061,0
137062,0
137063,0
137064,0
137065,0
137066,0
137067,0
137068,0
137069,0
137070,0
137071,0
137072,0
137073,0
137074,0
137075,0
137076,0
137077,0
137078,0
137079,1
137080,1
137081,0
137082,1
137083,0
137084,0
137085,0
137086,0
137087,0
137088,0
137089,0
137090,0
137091,0
137092,1
137093,0
137094,0
137095,0
137096,0
137097,0
137098,0
137099,0
137100,0
137101,0
137102,0
137103,0
137104,0
137105,0
137106,0
137107,0
137108,0
137109,0
137110,0
137111,0
137112,1
137113,1
137114,0
137115,0
137116,0
137117,0
137118,0
137119,0
137120,1
137121,0
137122,0
137123,0
137124,0
137125,0
137126,0
137127,0
137128,0
137129,0
137130,0
137131,0
137132,0
137133,0
137134,0
137135,0
137136,0
137137,0
137138,0
137139,0
137140,0
137141,0
137142,0
137143,0
137144,0
137145,0
137146,1
137147,0
137148,0
137149,1
137150,0
137151,0
137152,0
137153,0
137154,0
137155,0
137156,0
137157,1
137158,0
137159,0
137160,0
137161,0
137162,1
137163,0
137164,0
137165,0
137166,0
137167,0
137168,0
137169,0
137170,0
137171,0
137172,1
137173,0
137174,0
137175,0
137176,0
137177,0
137178,0
137179,0
137180,0
137181,0
137182,0
137183,0
137184,1
137185,1
137186,0
137187,0
137188,0
137189,1
137190,0
137191,1
137192,0
137193,0
137194,0
137195,0
137196,0
137197,0
137198,0
137199,0
137200,0
137201,0
137202,0
137203,0
137204,0
137205,0
137206,0
137207,0
137208,0
137209,0
137210,0
137211,0
137212,1
137213,0
137214,0
137215,0
137216,0
137217,0
137218,0
137219,0
137220,0
137221,0
137222,0
137223,0
137224,0
137225,1
137226,0
137227,0
137228,0
137229,0
137230,0
137231,1
137232,1
137233,0
137234,0
137235,0
137236,0
137237,0
137238,0
137239,1
137240,0
137241,0
137242,1
137243,0
137244,0
137245,0
137246,0
137247,0
137248,0
137249,0
137250,0
137251,0
137252,0
137253,0
137254,0
137255,0
137256,0
137257,0
137258,0
137259,0
137260,1
137261,0
137262,0
137263,0
137264,0
137265,1
137266,0
137267,0
137268,1
137269,0
137270,0
137271,0
137272,1
137273,0
137274,0
137275,1
137276,0
137277,0
137278,0
137279,0
137280,0
137281,1
137282,0
137283,0
137284,0
137285,0
137286,0
137287,0
137288,0
137289,0
137290,0
137291,0
137292,0
137293,0
137294,0
137295,0
137296,0
137297,0
137298,0
137299,1
137300,0
137301,0
137302,1
137303,0
137304,0
137305,0
137306,0
137307,0
137308,0
137309,0
137310,0
137311,0
137312,0
137313,1
137314,0
137315,0
137316,0
137317,0
137318,0
137319,0
137320,0
137321,0
137322,0
137323,0
137324,0
137325,1
137326,0
137327,0
137328,0
137329,0
137330,0
137331,0
137332,1
137333,0
137334,0
137335,0
137336,0
137337,1
137338,0
137339,0
137340,0
137341,0
137342,0
137343,0
137344,0
137345,0
137346,0
137347,0
137348,1
137349,0
137350,0
137351,0
137352,0
137353,0
137354,0
137355,0
137356,0
137357,0
137358,1
137359,0
137360,0
137361,0
137362,0
137363,0
137364,0
137365,1
137366,0
137367,0
137368,0
137369,0
137370,0
137371,0
137372,0
137373,0
137374,0
137375,0
137376,0
137377,0
137378,0
137379,0
137380,0
137381,0
137382,0
137383,0
137384,0
137385,1
137386,0
137387,0
137388,0
137389,0
137390,0
137391,0
137392,0
137393,0
137394,0
137395,0
137396,1
137397,0
137398,0
137399,0
137400,0
137401,0
137402,0
137403,0
137404,0
137405,1
137406,0
137407,0
137408,0
137409,0
137410,0
137411,0
137412,0
137413,1
137414,0
137415,1
137416,0
137417,0
137418,0
137419,0
137420,0
137421,0
137422,0
137423,0
137424,0
137425,0
137426,0
137427,0
137428,0
137429,0
137430,0
137431,0
137432,0
137433,0
137434,0
137435,0
137436,0
137437,0
137438,0
137439,0
137440,0
137441,0
137442,0
137443,0
137444,0
137445,0
137446,1
137447,0
137448,0
137449,0
137450,0
137451,0
137452,0
137453,1
137454,0
137455,0
137456,0
137457,0
137458,0
137459,0
137460,0
137461,0
137462,0
137463,0
137464,0
137465,0
137466,0
137467,0
137468,0
137469,0
137470,0
137471,0
137472,0
137473,1
137474,0
137475,0
137476,0
137477,0
137478,0
137479,0
137480,1
137481,1
137482,0
137483,0
137484,0
137485,0
137486,0
137487,1
137488,1
137489,0
137490,0
137491,0
137492,0
137493,0
137494,0
137495,0
137496,0
137497,0
137498,0
137499,0
137500,1
137501,0
137502,0
137503,0
137504,0
137505,0
137506,0
137507,0
137508,0
137509,0
137510,1
137511,0
137512,0
137513,1
137514,0
137515,1
137516,0
137517,0
137518,0
137519,0
137520,0
137521,0
137522,0
137523,0
137524,0
137525,0
137526,0
137527,0
137528,0
137529,0
137530,0
137531,0
137532,0
137533,0
137534,0
137535,1
137536,0
137537,1
137538,1
137539,0
137540,1
137541,0
137542,0
137543,0
137544,0
137545,0
137546,0
137547,0
137548,0
137549,0
137550,0
137551,0
137552,1
137553,0
137554,1
137555,0
137556,0
137557,0
137558,1
137559,0
137560,0
137561,0
137562,0
137563,0
137564,0
137565,0
137566,0
137567,0
137568,0
137569,1
137570,0
137571,0
137572,0
137573,0
137574,0
137575,0
137576,0
137577,1
137578,0
137579,0
137580,0
137581,0
137582,0
137583,0
137584,0
137585,0
137586,0
137587,0
137588,0
137589,0
137590,0
137591,0
137592,1
137593,0
137594,0
137595,0
137596,0
137597,0
137598,0
137599,0
137600,0
137601,0
137602,0
137603,0
137604,0
137605,0
137606,0
137607,1
137608,0
137609,0
137610,0
137611,0
137612,0
137613,0
137614,0
137615,0
137616,0
137617,0
137618,0
137619,0
137620,0
137621,0
137622,0
137623,0
137624,0
137625,0
137626,1
137627,0
137628,0
137629,0
137630,0
137631,0
137632,0
137633,0
137634,0
137635,0
137636,1
137637,0
137638,0
137639,0
137640,0
137641,0
137642,0
137643,0
137644,0
137645,0
137646,0
137647,0
137648,0
137649,0
137650,0
137651,0
137652,0
137653,0
137654,0
137655,1
137656,0
137657,0
137658,0
137659,0
137660,0
137661,0
137662,0
137663,0
137664,0
137665,0
137666,0
137667,0
137668,0
137669,0
137670,0
137671,0
137672,1
137673,0
137674,0
137675,0
137676,0
137677,1
137678,0
137679,1
137680,0
137681,0
137682,0
137683,0
137684,0
137685,0
137686,0
137687,0
137688,0
137689,0
137690,0
137691,0
137692,0
137693,0
137694,0
137695,0
137696,0
137697,0
137698,0
137699,0
137700,0
137701,0
137702,0
137703,0
137704,0
137705,0
137706,1
137707,0
137708,0
137709,0
137710,0
137711,0
137712,0
137713,0
137714,0
137715,0
137716,0
137717,0
137718,0
137719,0
137720,0
137721,0
137722,0
137723,0
137724,0
137725,0
137726,0
137727,1
137728,0
137729,0
137730,0
137731,0
137732,0
137733,0
137734,0
137735,0
137736,0
137737,0
137738,0
137739,0
137740,1
137741,0
137742,1
137743,0
137744,0
137745,0
137746,0
137747,0
137748,0
137749,0
137750,0
137751,0
137752,1
137753,0
137754,0
137755,0
137756,0
137757,0
137758,1
137759,0
137760,0
137761,0
137762,0
137763,0
137764,0
137765,0
137766,0
137767,0
137768,0
137769,0
137770,0
137771,0
137772,0
137773,0
137774,0
137775,1
137776,0
137777,0
137778,0
137779,0
137780,0
137781,0
137782,1
137783,0
137784,0
137785,1
137786,0
137787,1
137788,1
137789,1
137790,0
137791,0
137792,0
137793,0
137794,0
137795,0
137796,0
137797,0
137798,0
137799,1
137800,0
137801,0
137802,0
137803,0
137804,0
137805,0
137806,0
137807,0
137808,0
137809,0
137810,1
137811,0
137812,0
137813,0
137814,1
137815,0
137816,0
137817,0
137818,1
137819,0
137820,0
137821,0
137822,0
137823,0
137824,0
137825,0
137826,0
137827,0
137828,0
137829,0
137830,0
137831,0
137832,0
137833,0
137834,1
137835,0
137836,0
137837,0
137838,0
137839,1
137840,0
137841,1
137842,0
137843,0
137844,0
137845,0
137846,0
137847,0
137848,1
137849,0
137850,0
137851,0
137852,0
137853,0
137854,1
137855,0
137856,0
137857,0
137858,0
137859,1
137860,0
137861,0
137862,0
137863,0
137864,0
137865,1
137866,0
137867,0
137868,0
137869,0
137870,0
137871,0
137872,1
137873,1
137874,0
137875,0
137876,0
137877,0
137878,0
137879,0
137880,0
137881,0
137882,1
137883,0
137884,1
137885,0
137886,0
137887,0
137888,1
137889,0
137890,0
137891,0
137892,0
137893,0
137894,0
137895,1
137896,0
137897,0
137898,0
137899,0
137900,0
137901,0
137902,0
137903,0
137904,0
137905,1
137906,0
137907,0
137908,0
137909,0
137910,0
137911,0
137912,0
137913,0
137914,0
137915,0
137916,0
137917,0
137918,0
137919,0
137920,1
137921,0
137922,0
137923,0
137924,0
137925,0
137926,0
137927,1
137928,0
137929,0
137930,0
137931,0
137932,0
137933,0
137934,0
137935,0
137936,0
137937,0
137938,0
137939,0
137940,0
137941,0
137942,0
137943,0
137944,0
137945,0
137946,0
137947,0
137948,0
137949,0
137950,0
137951,0
137952,0
137953,0
137954,0
137955,0
137956,0
137957,0
137958,0
137959,0
137960,0
137961,1
137962,0
137963,0
137964,0
137965,0
137966,0
137967,0
137968,0
137969,0
137970,0
137971,0
137972,0
137973,0
137974,1
137975,0
137976,0
137977,1
137978,0
137979,1
137980,0
137981,0
137982,0
137983,0
137984,0
137985,0
137986,0
137987,0
137988,0
137989,0
137990,0
137991,0
137992,0
137993,0
137994,0
137995,0
137996,1
137997,0
137998,0
137999,0
138000,0
138001,0
138002,0
138003,0
138004,0
138005,0
138006,0
138007,0
138008,0
138009,0
138010,1
138011,0
138012,0
138013,0
138014,0
138015,0
138016,0
138017,0
138018,0
138019,0
138020,0
138021,0
138022,1
138023,0
138024,1
138025,0
138026,0
138027,0
138028,0
138029,0
138030,0
138031,0
138032,1
138033,0
138034,0
138035,0
138036,1
138037,0
138038,0
138039,1
138040,0
138041,0
138042,0
138043,0
138044,0
138045,1
138046,0
138047,0
138048,0
138049,0
138050,0
138051,1
138052,0
138053,0
138054,0
138055,0
138056,0
138057,0
138058,0
138059,1
138060,0
138061,0
138062,0
138063,0
138064,0
138065,0
138066,0
138067,0
138068,0
138069,1
138070,0
138071,1
138072,0
138073,0
138074,0
138075,0
138076,0
138077,0
138078,0
138079,0
138080,0
138081,0
138082,0
138083,0
138084,0
138085,0
138086,0
138087,0
138088,0
138089,0
138090,0
138091,0
138092,0
138093,0
138094,0
138095,1
138096,0
138097,0
138098,0
138099,0
138100,0
138101,0
138102,0
138103,0
138104,0
138105,0
138106,0
138107,0
138108,0
138109,0
138110,0
138111,0
138112,0
138113,1
138114,0
138115,0
138116,0
138117,0
138118,0
138119,0
138120,0
138121,0
138122,0
138123,0
138124,0
138125,0
138126,0
138127,0
138128,0
138129,0
138130,0
138131,1
138132,0
138133,0
138134,0
138135,0
138136,0
138137,0
138138,1
138139,0
138140,0
138141,0
138142,0
138143,0
138144,0
138145,0
138146,0
138147,1
138148,0
138149,0
138150,0
138151,0
138152,1
138153,0
138154,0
138155,0
138156,0
138157,0
138158,0
138159,0
138160,1
138161,1
138162,0
138163,0
138164,0
138165,0
138166,0
138167,0
138168,0
138169,0
138170,0
138171,0
138172,0
138173,0
138174,0
138175,0
138176,0
138177,0
138178,0
138179,0
138180,0
138181,1
138182,0
138183,0
138184,0
138185,0
138186,0
138187,0
138188,1
138189,0
138190,0
138191,0
138192,0
138193,0
138194,0
138195,0
138196,0
138197,0
138198,0
138199,1
138200,0
138201,0
138202,1
138203,0
138204,0
138205,0
138206,0
138207,0
138208,0
138209,0
138210,1
138211,0
138212,0
138213,0
138214,0
138215,0
138216,0
138217,0
138218,0
138219,0
138220,0
138221,1
138222,0
138223,0
138224,1
138225,0
138226,0
138227,0
138228,0
138229,0
138230,0
138231,0
138232,0
138233,0
138234,0
138235,0
138236,0
138237,0
138238,0
138239,0
138240,0
138241,0
138242,0
138243,0
138244,0
138245,0
138246,0
138247,0
138248,0
138249,0
138250,0
138251,0
138252,0
138253,0
138254,0
138255,0
138256,0
138257,1
138258,0
138259,0
138260,1
138261,0
138262,0
138263,0
138264,0
138265,0
138266,0
138267,0
138268,0
138269,0
138270,0
138271,0
138272,1
138273,0
138274,0
138275,0
138276,0
138277,0
138278,0
138279,0
138280,0
138281,0
138282,1
138283,0
138284,0
138285,0
138286,0
138287,1
138288,0
138289,0
138290,0
138291,0
138292,0
138293,0
138294,0
138295,0
138296,0
138297,0
138298,1
138299,0
138300,0
138301,0
138302,0
138303,0
138304,0
138305,0
138306,0
138307,1
138308,0
138309,0
138310,0
138311,0
138312,0
138313,0
138314,1
138315,0
138316,0
138317,1
138318,0
138319,0
138320,0
138321,0
138322,0
138323,0
138324,1
138325,1
138326,0
138327,0
138328,1
138329,0
138330,0
138331,0
138332,0
138333,0
138334,0
138335,0
138336,0
138337,1
138338,0
138339,0
138340,0
138341,0
138342,0
138343,0
138344,0
138345,0
138346,0
138347,0
138348,1
138349,0
138350,0
138351,1
138352,1
138353,0
138354,0
138355,0
138356,0
138357,0
138358,0
138359,0
138360,1
138361,0
138362,0
138363,0
138364,0
138365,0
138366,0
138367,0
138368,0
138369,0
138370,0
138371,0
138372,0
138373,0
138374,0
138375,0
138376,0
138377,0
138378,0
138379,0
138380,0
138381,0
138382,0
138383,0
138384,0
138385,0
138386,0
138387,0
138388,0
138389,0
138390,0
138391,0
138392,0
138393,0
138394,0
138395,0
138396,0
138397,0
138398,0
138399,0
138400,0
138401,0
138402,0
138403,0
138404,0
138405,0
138406,0
138407,0
138408,0
138409,0
138410,0
138411,0
138412,0
138413,0
138414,0
138415,0
138416,0
138417,0
138418,0
138419,0
138420,0
138421,0
138422,0
138423,0
138424,1
138425,0
138426,0
138427,0
138428,0
138429,1
138430,1
138431,0
138432,0
138433,0
138434,0
138435,0
138436,0
138437,0
138438,1
138439,0
138440,0
138441,0
138442,0
138443,1
138444,0
138445,0
138446,1
138447,0
138448,0
138449,0
138450,1
138451,0
138452,1
138453,1
138454,0
138455,0
138456,0
138457,0
138458,1
138459,0
138460,0
138461,0
138462,0
138463,0
138464,1
138465,0
138466,0
138467,0
138468,0
138469,0
138470,1
138471,0
138472,0
138473,0
138474,0
138475,0
138476,0
138477,0
138478,0
138479,0
138480,0
138481,0
138482,0
138483,0
138484,0
138485,1
138486,1
138487,0
138488,0
138489,0
138490,0
138491,0
138492,0
138493,0
138494,0
138495,0
138496,0
138497,0
138498,0
138499,0
138500,0
138501,0
138502,0
138503,0
138504,0
138505,0
138506,0
138507,0
138508,0
138509,1
138510,0
138511,0
138512,0
138513,0
138514,0
138515,1
138516,0
138517,0
138518,0
138519,0
138520,0
138521,1
138522,0
138523,1
138524,0
138525,0
138526,0
138527,0
138528,1
138529,0
138530,0
138531,0
138532,0
138533,0
138534,0
138535,0
138536,0
138537,0
138538,0
138539,0
138540,0
138541,0
138542,0
138543,0
138544,0
138545,0
138546,0
138547,0
138548,1
138549,0
138550,0
138551,0
138552,0
138553,0
138554,1
138555,0
138556,0
138557,0
138558,0
138559,1
138560,1
138561,1
138562,0
138563,0
138564,0
138565,0
138566,0
138567,0
138568,0
138569,0
138570,0
138571,0
138572,0
138573,0
138574,1
138575,0
138576,0
138577,0
138578,1
138579,0
138580,1
138581,0
138582,0
138583,0
138584,1
138585,0
138586,1
138587,0
138588,0
138589,0
138590,0
138591,0
138592,0
138593,0
138594,0
138595,0
138596,0
138597,0
138598,0
138599,0
138600,0
138601,0
138602,0
138603,0
138604,0
138605,0
138606,0
138607,1
138608,0
138609,0
138610,0
138611,0
138612,0
138613,1
138614,1
138615,0
138616,0
138617,0
138618,0
138619,0
138620,0
138621,0
138622,0
138623,0
138624,0
138625,1
138626,1
138627,0
138628,0
138629,0
138630,1
138631,0
138632,0
138633,0
138634,0
138635,0
138636,1
138637,0
138638,0
138639,0
138640,0
138641,0
138642,0
138643,0
138644,0
138645,0
138646,0
138647,0
138648,0
138649,0
138650,0
138651,0
138652,0
138653,0
138654,0
138655,0
138656,0
138657,1
138658,0
138659,0
138660,1
138661,0
138662,0
138663,0
138664,0
138665,0
138666,0
138667,1
138668,0
138669,0
138670,0
138671,0
138672,0
138673,0
138674,0
138675,0
138676,0
138677,0
138678,0
138679,0
138680,0
138681,0
138682,1
138683,0
138684,0
138685,0
138686,1
138687,0
138688,0
138689,0
138690,0
138691,0
138692,1
138693,0
138694,0
138695,1
138696,1
138697,0
138698,0
138699,0
138700,1
138701,0
138702,0
138703,0
138704,0
138705,0
138706,0
138707,0
138708,0
138709,1
138710,0
138711,0
138712,0
138713,0
138714,0
138715,0
138716,0
138717,0
138718,0
138719,1
138720,0
138721,1
138722,0
138723,0
138724,0
138725,0
138726,0
138727,0
138728,0
138729,0
138730,0
138731,0
138732,0
138733,0
138734,0
138735,1
138736,0
138737,0
138738,0
138739,0
138740,0
138741,0
138742,0
138743,0
138744,0
138745,0
138746,0
138747,0
138748,0
138749,0
138750,0
138751,1
138752,0
138753,0
138754,0
138755,0
138756,1
138757,0
138758,0
138759,0
138760,1
138761,0
138762,0
138763,0
138764,0
138765,0
138766,0
138767,0
138768,0
138769,0
138770,0
138771,1
138772,1
138773,0
138774,0
138775,0
138776,0
138777,0
138778,1
138779,1
138780,0
138781,0
138782,0
138783,0
138784,0
138785,0
138786,1
138787,0
138788,0
138789,0
138790,1
138791,1
138792,1
138793,0
138794,0
138795,0
138796,1
138797,0
138798,0
138799,0
138800,0
138801,0
138802,0
138803,0
138804,0
138805,0
138806,0
138807,0
138808,0
138809,0
138810,0
138811,0
138812,0
138813,0
138814,0
138815,1
138816,0
138817,0
138818,0
138819,0
138820,0
138821,0
138822,1
138823,0
138824,0
138825,0
138826,0
138827,1
138828,0
138829,0
138830,0
138831,0
138832,0
138833,0
138834,0
138835,0
138836,0
138837,0
138838,0
138839,0
138840,0
138841,0
138842,0
138843,0
138844,0
138845,0
138846,0
138847,0
138848,0
138849,0
138850,0
138851,0
138852,0
138853,0
138854,0
138855,1
138856,0
138857,0
138858,0
138859,0
138860,0
138861,1
138862,0
138863,0
138864,0
138865,0
138866,1
138867,0
138868,1
138869,0
138870,0
138871,0
138872,0
138873,0
138874,0
138875,1
138876,0
138877,0
138878,0
138879,0
138880,0
138881,0
138882,0
138883,1
138884,0
138885,0
138886,0
138887,0
138888,0
138889,0
138890,0
138891,0
138892,1
138893,0
138894,0
138895,0
138896,0
138897,0
138898,0
138899,0
138900,0
138901,0
138902,0
138903,0
138904,0
138905,0
138906,0
138907,0
138908,0
138909,0
138910,0
138911,0
138912,0
138913,0
138914,0
138915,0
138916,0
138917,0
138918,1
138919,0
138920,0
138921,0
138922,0
138923,0
138924,0
138925,0
138926,0
138927,0
138928,0
138929,0
138930,1
138931,1
138932,0
138933,0
138934,0
138935,0
138936,0
138937,0
138938,0
138939,0
138940,0
138941,0
138942,0
138943,0
138944,0
138945,0
138946,0
138947,1
138948,0
138949,0
138950,1
138951,0
138952,0
138953,0
138954,1
138955,0
138956,0
138957,1
138958,0
138959,0
138960,0
138961,0
138962,0
138963,0
138964,1
138965,0
138966,0
138967,0
138968,0
138969,0
138970,0
138971,0
138972,0
138973,0
138974,0
138975,0
138976,0
138977,0
138978,0
138979,0
138980,0
138981,0
138982,0
138983,0
138984,0
138985,0
138986,0
138987,0
138988,0
138989,0
138990,0
138991,0
138992,0
138993,0
138994,0
138995,0
138996,0
138997,0
138998,0
138999,0
139000,1
139001,0
139002,0
139003,1
139004,0
139005,0
139006,0
139007,0
139008,0
139009,0
139010,0
139011,0
139012,0
139013,0
139014,0
139015,0
139016,1
139017,0
139018,0
139019,0
139020,0
139021,0
139022,1
139023,0
139024,0
139025,0
139026,0
139027,0
139028,0
139029,0
139030,0
139031,0
139032,0
139033,0
139034,0
139035,0
139036,0
139037,0
139038,0
139039,0
139040,0
139041,0
139042,1
139043,0
139044,0
139045,0
139046,1
139047,0
139048,0
139049,0
139050,0
139051,0
139052,1
139053,0
139054,0
139055,0
139056,0
139057,0
139058,0
139059,0
139060,0
139061,0
139062,1
139063,0
139064,0
139065,0
139066,0
139067,0
139068,1
139069,0
139070,0
139071,0
139072,0
139073,0
139074,0
139075,0
139076,0
139077,0
139078,0
139079,0
139080,0
139081,0
139082,0
139083,0
139084,0
139085,1
139086,0
139087,0
139088,0
139089,0
139090,0
139091,0
139092,0
139093,1
139094,0
139095,0
139096,0
139097,1
139098,0
139099,0
139100,0
139101,0
139102,0
139103,0
139104,0
139105,0
139106,0
139107,1
139108,0
139109,0
139110,0
139111,0
139112,0
139113,0
139114,0
139115,1
139116,0
139117,0
139118,0
139119,0
139120,0
139121,0
139122,0
139123,0
139124,0
139125,0
139126,0
139127,0
139128,0
139129,1
139130,0
139131,0
139132,0
139133,0
139134,0
139135,0
139136,0
139137,0
139138,0
139139,1
139140,0
139141,1
139142,0
139143,0
139144,1
139145,0
139146,0
139147,0
139148,0
139149,1
139150,1
139151,0
139152,0
139153,0
139154,0
139155,0
139156,0
139157,1
139158,1
139159,0
139160,0
139161,0
139162,0
139163,0
139164,0
139165,0
139166,0
139167,0
139168,0
139169,0
139170,0
139171,1
139172,0
139173,0
139174,0
139175,0
139176,0
139177,0
139178,1
139179,0
139180,0
139181,0
139182,0
139183,0
139184,0
139185,0
139186,1
139187,0
139188,0
139189,0
139190,0
139191,0
139192,0
139193,0
139194,0
139195,0
139196,0
139197,0
139198,0
139199,0
139200,0
139201,0
139202,0
139203,0
139204,0
139205,0
139206,0
139207,1
139208,0
139209,0
139210,0
139211,0
139212,0
139213,0
139214,0
139215,0
139216,1
139217,1
139218,0
139219,0
139220,0
139221,0
139222,0
139223,0
139224,1
139225,1
139226,0
139227,0
139228,1
139229,0
139230,0
139231,0
139232,0
139233,0
139234,0
139235,0
139236,0
139237,0
139238,1
139239,0
139240,0
139241,0
139242,0
139243,0
139244,0
139245,0
139246,0
139247,0
139248,0
139249,0
139250,0
139251,1
139252,0
139253,0
139254,0
139255,0
139256,0
139257,0
139258,0
139259,1
139260,0
139261,1
139262,1
139263,0
139264,0
139265,0
139266,0
139267,0
139268,0
139269,0
139270,0
139271,0
139272,0
139273,0
139274,0
139275,1
139276,0
139277,0
139278,0
139279,0
139280,0
139281,1
139282,0
139283,0
139284,1
139285,0
139286,0
139287,1
139288,0
139289,0
139290,0
139291,0
139292,1
139293,0
139294,0
139295,0
139296,0
139297,0
139298,0
139299,0
139300,0
139301,0
139302,0
139303,0
139304,0
139305,0
139306,0
139307,0
139308,0
139309,0
139310,0
139311,1
139312,0
139313,0
139314,0
139315,0
139316,0
139317,0
139318,0
139319,0
139320,0
139321,0
139322,0
139323,0
139324,0
139325,0
139326,1
139327,0
139328,0
139329,0
139330,0
139331,0
139332,0
139333,0
139334,0
139335,0
139336,0
139337,0
139338,0
139339,0
139340,0
139341,0
139342,0
139343,0
139344,1
139345,0
139346,0
139347,0
139348,0
139349,0
139350,0
139351,0
139352,0
139353,0
139354,0
139355,1
139356,0
139357,0
139358,1
139359,0
139360,0
139361,1
139362,0
139363,1
139364,0
139365,0
139366,0
139367,0
139368,0
139369,0
139370,0
139371,0
139372,0
139373,0
139374,1
139375,1
139376,1
139377,0
139378,0
139379,0
139380,0
139381,1
139382,1
139383,0
139384,0
139385,0
139386,0
139387,1
139388,0
139389,0
139390,1
139391,0
139392,0
139393,0
139394,0
139395,0
139396,0
139397,0
139398,0
139399,0
139400,0
139401,1
139402,0
139403,0
139404,1
139405,0
139406,0
139407,0
139408,0
139409,0
139410,0
139411,0
139412,0
139413,0
139414,0
139415,0
139416,0
139417,0
139418,1
139419,0
139420,0
139421,0
139422,1
139423,1
139424,0
139425,0
139426,0
139427,0
139428,0
139429,1
139430,0
139431,0
139432,0
139433,0
139434,0
139435,0
139436,0
139437,0
139438,0
139439,0
139440,0
139441,0
139442,0
139443,0
139444,0
139445,0
139446,0
139447,0
139448,0
139449,0
139450,0
139451,0
139452,1
139453,0
139454,0
139455,0
139456,0
139457,0
139458,0
139459,0
139460,0
139461,0
139462,0
139463,0
139464,0
139465,0
139466,0
139467,0
139468,0
139469,0
139470,0
139471,0
139472,0
139473,0
139474,0
139475,0
139476,0
139477,0
139478,0
139479,0
139480,0
139481,0
139482,0
139483,0
139484,0
139485,0
139486,0
139487,0
139488,0
139489,0
139490,1
139491,0
139492,0
139493,0
139494,0
139495,1
139496,0
139497,0
139498,1
139499,0
139500,0
139501,0
139502,1
139503,0
139504,0
139505,0
139506,0
139507,0
139508,0
139509,0
139510,0
139511,0
139512,0
139513,0
139514,0
139515,1
139516,0
139517,0
139518,0
139519,0
139520,0
139521,0
139522,0
139523,0
139524,0
139525,0
139526,0
139527,0
139528,0
139529,0
139530,0
139531,0
139532,0
139533,0
139534,0
139535,0
139536,0
139537,0
139538,1
139539,0
139540,0
139541,0
139542,0
139543,0
139544,0
139545,0
139546,0
139547,0
139548,0
139549,0
139550,0
139551,0
139552,0
139553,0
139554,0
139555,0
139556,0
139557,0
139558,0
139559,0
139560,0
139561,0
139562,1
139563,0
139564,0
139565,0
139566,0
139567,0
139568,0
139569,0
139570,1
139571,0
139572,0
139573,0
139574,1
139575,0
139576,0
139577,0
139578,0
139579,0
139580,0
139581,0
139582,0
139583,0
139584,0
139585,0
139586,0
139587,0
139588,0
139589,0
139590,1
139591,0
139592,0
139593,0
139594,0
139595,0
139596,0
139597,0
139598,0
139599,0
139600,0
139601,0
139602,0
139603,0
139604,1
139605,0
139606,0
139607,1
139608,0
139609,0
139610,0
139611,0
139612,0
139613,0
139614,0
139615,0
139616,0
139617,0
139618,0
139619,0
139620,1
139621,0
139622,1
139623,0
139624,0
139625,0
139626,0
139627,1
139628,0
139629,0
139630,0
139631,0
139632,0
139633,1
139634,0
139635,0
139636,0
139637,1
139638,0
139639,0
139640,0
139641,0
139642,0
139643,0
139644,0
139645,0
139646,1
139647,0
139648,0
139649,0
139650,0
139651,0
139652,0
139653,0
139654,0
139655,0
139656,0
139657,0
139658,0
139659,0
139660,1
139661,0
139662,0
139663,0
139664,0
139665,0
139666,0
139667,0
139668,0
139669,0
139670,0
139671,0
139672,0
139673,0
139674,0
139675,0
139676,0
139677,1
139678,0
139679,0
139680,0
139681,0
139682,0
139683,0
139684,1
139685,0
139686,0
139687,1
139688,0
139689,0
139690,0
139691,0
139692,1
139693,0
139694,0
139695,0
139696,0
139697,0
139698,0
139699,0
139700,0
139701,1
139702,0
139703,0
139704,0
139705,0
139706,0
139707,0
139708,0
139709,0
139710,0
139711,1
139712,0
139713,0
139714,1
139715,0
139716,0
139717,0
139718,1
139719,0
139720,0
139721,0
139722,0
139723,0
139724,0
139725,0
139726,1
139727,0
139728,0
139729,0
139730,1
139731,1
139732,0
139733,0
139734,0
139735,0
139736,0
139737,1
139738,0
139739,0
139740,0
139741,0
139742,0
139743,0
139744,0
139745,0
139746,0
139747,0
139748,0
139749,0
139750,1
139751,1
139752,0
139753,0
139754,0
139755,0
139756,0
139757,0
139758,0
139759,0
139760,0
139761,0
139762,0
139763,0
139764,0
139765,0
139766,0
139767,0
139768,1
139769,0
139770,0
139771,0
139772,0
139773,0
139774,0
139775,0
139776,0
139777,0
139778,0
139779,0
139780,0
139781,0
139782,0
139783,0
139784,0
139785,0
139786,0
139787,0
139788,0
139789,1
139790,0
139791,0
139792,0
139793,0
139794,0
139795,0
139796,0
139797,0
139798,0
139799,0
139800,0
139801,0
139802,0
139803,0
139804,0
139805,0
139806,1
139807,0
139808,0
139809,1
139810,0
139811,0
139812,0
139813,0
139814,0
139815,1
139816,0
139817,0
139818,0
139819,1
139820,1
139821,1
139822,0
139823,0
139824,0
139825,0
139826,0
139827,0
139828,0
139829,0
139830,0
139831,0
139832,0
139833,1
139834,0
139835,0
139836,0
139837,0
139838,0
139839,0
139840,0
139841,0
139842,0
139843,0
139844,0
139845,1
139846,1
139847,0
139848,0
139849,0
139850,1
139851,0
139852,0
139853,0
139854,1
139855,0
139856,0
139857,0
139858,0
139859,0
139860,0
139861,0
139862,0
139863,0
139864,0
139865,0
139866,0
139867,0
139868,0
139869,0
139870,0
139871,0
139872,1
139873,0
139874,0
139875,0
139876,0
139877,0
139878,0
139879,0
139880,1
139881,0
139882,1
139883,1
139884,0
139885,0
139886,0
139887,0
139888,0
139889,0
139890,0
139891,0
139892,0
139893,0
139894,0
139895,0
139896,0
139897,0
139898,0
139899,0
139900,1
139901,0
139902,0
139903,0
139904,0
139905,0
139906,0
139907,0
139908,0
139909,0
139910,0
139911,0
139912,0
139913,0
139914,0
139915,0
139916,0
139917,0
139918,0
139919,0
139920,0
139921,0
139922,0
139923,0
139924,0
139925,0
139926,0
139927,0
139928,0
139929,0
139930,0
139931,0
139932,0
139933,0
139934,0
139935,0
139936,0
139937,0
139938,0
139939,0
139940,0
139941,0
139942,0
139943,1
139944,0
139945,0
139946,1
139947,0
139948,0
139949,0
139950,0
139951,0
139952,0
139953,0
139954,0
139955,1
139956,0
139957,0
139958,0
139959,0
139960,0
139961,1
139962,0
139963,1
139964,0
139965,1
139966,0
139967,0
139968,0
139969,0
139970,0
139971,0
139972,0
139973,1
139974,0
139975,0
139976,0
139977,0
139978,0
139979,0
139980,0
139981,0
139982,1
139983,0
139984,0
139985,0
139986,0
139987,1
139988,0
139989,1
139990,0
139991,0
139992,0
139993,0
139994,0
139995,0
139996,0
139997,0
139998,0
139999,0
140000,0
140001,0
140002,0
140003,0
140004,1
140005,0
140006,0
140007,0
140008,0
140009,0
140010,0
140011,0
140012,0
140013,0
140014,0
140015,0
140016,0
140017,0
140018,0
140019,0
140020,0
140021,0
140022,0
140023,0
140024,0
140025,1
140026,0
140027,0
140028,0
140029,0
140030,0
140031,0
140032,0
140033,0
140034,0
140035,0
140036,0
140037,0
140038,0
140039,0
140040,0
140041,1
140042,0
140043,0
140044,1
140045,0
140046,0
140047,1
140048,1
140049,0
140050,0
140051,0
140052,0
140053,0
140054,0
140055,1
140056,0
140057,0
140058,0
140059,0
140060,0
140061,0
140062,1
140063,0
140064,0
140065,0
140066,0
140067,0
140068,0
140069,0
140070,0
140071,0
140072,0
140073,0
140074,0
140075,1
140076,0
140077,0
140078,0
140079,0
140080,0
140081,0
140082,0
140083,1
140084,0
140085,0
140086,0
140087,0
140088,0
140089,0
140090,0
140091,0
140092,0
140093,0
140094,0
140095,0
140096,0
140097,0
140098,0
140099,0
140100,0
140101,0
140102,1
140103,0
140104,0
140105,0
140106,0
140107,0
140108,0
140109,0
140110,0
140111,0
140112,0
140113,0
140114,0
140115,0
140116,0
140117,0
140118,0
140119,1
140120,0
140121,0
140122,0
140123,0
140124,0
140125,0
140126,0
140127,0
140128,0
140129,0
140130,0
140131,1
140132,0
140133,0
140134,0
140135,0
140136,0
140137,1
140138,0
140139,0
140140,0
140141,0
140142,0
140143,0
140144,0
140145,0
140146,0
140147,0
140148,0
140149,0
140150,0
140151,0
140152,0
140153,0
140154,0
140155,0
140156,0
140157,0
140158,0
140159,0
140160,0
140161,0
140162,0
140163,0
140164,0
140165,0
140166,0
140167,0
140168,0
140169,1
140170,0
140171,0
140172,0
140173,0
140174,0
140175,0
140176,0
140177,0
140178,0
140179,0
140180,0
140181,0
140182,0
140183,1
140184,1
140185,0
140186,0
140187,1
140188,0
140189,0
140190,0
140191,0
140192,0
140193,1
140194,0
140195,0
140196,0
140197,0
140198,0
140199,0
140200,0
140201,0
140202,1
140203,0
140204,0
140205,0
140206,0
140207,0
140208,0
140209,0
140210,0
140211,0
140212,0
140213,0
140214,1
140215,0
140216,0
140217,0
140218,0
140219,0
140220,0
140221,0
140222,0
140223,0
140224,0
140225,1
140226,0
140227,0
140228,0
140229,0
140230,0
140231,0
140232,0
140233,0
140234,0
140235,0
140236,0
140237,0
140238,1
140239,0
140240,0
140241,0
140242,0
140243,1
140244,0
140245,0
140246,1
140247,0
140248,0
140249,0
140250,0
140251,0
140252,0
140253,1
140254,0
140255,0
140256,0
140257,1
140258,0
140259,0
140260,0
140261,0
140262,1
140263,0
140264,0
140265,0
140266,1
140267,0
140268,0
140269,0
140270,0
140271,0
140272,1
140273,0
140274,0
140275,0
140276,0
140277,0
140278,0
140279,0
140280,0
140281,0
140282,0
140283,0
140284,0
140285,0
140286,0
140287,0
140288,0
140289,0
140290,0
140291,0
140292,0
140293,0
140294,0
140295,0
140296,1
140297,0
140298,0
140299,1
140300,0
140301,0
140302,0
140303,0
140304,0
140305,0
140306,0
140307,0
140308,0
140309,0
140310,0
140311,0
140312,0
140313,0
140314,1
140315,0
140316,0
140317,0
140318,0
140319,0
140320,0
140321,0
140322,0
140323,0
140324,1
140325,0
140326,0
140327,0
140328,0
140329,0
140330,0
140331,0
140332,0
140333,0
140334,0
140335,0
140336,1
140337,0
140338,0
140339,0
140340,0
140341,0
140342,0
140343,0
140344,0
140345,1
140346,0
140347,1
140348,0
140349,0
140350,0
140351,0
140352,0
140353,0
140354,1
140355,1
140356,0
140357,0
140358,0
140359,0
140360,1
140361,1
140362,0
140363,0
140364,0
140365,0
140366,0
140367,1
140368,0
140369,0
140370,0
140371,0
140372,0
140373,0
140374,0
140375,0
140376,0
140377,0
140378,0
140379,0
140380,0
140381,0
140382,0
140383,0
140384,0
140385,0
140386,0
140387,1
140388,0
140389,0
140390,0
140391,0
140392,0
140393,0
140394,0
140395,0
140396,0
140397,0
140398,0
140399,0
140400,0
140401,0
140402,0
140403,1
140404,0
140405,0
140406,0
140407,1
140408,0
140409,1
140410,0
140411,0
140412,1
140413,0
140414,1
140415,0
140416,0
140417,0
140418,1
140419,0
140420,0
140421,0
140422,0
140423,0
140424,0
140425,1
140426,0
140427,0
140428,0
140429,1
140430,1
140431,1
140432,0
140433,0
140434,0
140435,0
140436,0
140437,0
140438,1
140439,0
140440,0
140441,0
140442,0
140443,0
140444,0
140445,0
140446,0
140447,0
140448,0
140449,0
140450,0
140451,1
140452,0
140453,0
140454,0
140455,0
140456,0
140457,0
140458,0
140459,0
140460,0
140461,0
140462,0
140463,0
140464,0
140465,0
140466,0
140467,0
140468,0
140469,0
140470,0
140471,0
140472,0
140473,0
140474,0
140475,0
140476,0
140477,0
140478,0
140479,0
140480,0
140481,0
140482,0
140483,0
140484,0
140485,0
140486,0
140487,0
140488,0
140489,0
140490,0
140491,0
140492,0
140493,1
140494,0
140495,0
140496,0
140497,0
140498,0
140499,0
140500,1
140501,0
140502,0
140503,0
140504,0
140505,0
140506,0
140507,0
140508,0
140509,0
140510,0
140511,0
140512,1
140513,0
140514,1
140515,0
140516,0
140517,0
140518,0
140519,0
140520,0
140521,0
140522,0
140523,0
140524,1
140525,1
140526,0
140527,0
140528,1
140529,0
140530,0
140531,0
140532,0
140533,0
140534,0
140535,0
140536,1
140537,0
140538,0
140539,1
140540,0
140541,0
140542,1
140543,0
140544,0
140545,0
140546,0
140547,0
140548,0
140549,0
140550,0
140551,0
140552,0
140553,0
140554,0
140555,0
140556,0
140557,0
140558,0
140559,0
140560,0
140561,0
140562,0
140563,0
140564,0
140565,0
140566,0
140567,0
140568,1
140569,0
140570,0
140571,0
140572,0
140573,0
140574,0
140575,0
140576,0
140577,0
140578,0
140579,0
140580,0
140581,0
140582,0
140583,0
140584,0
140585,0
140586,0
140587,0
140588,0
140589,0
140590,0
140591,0
140592,0
140593,0
140594,0
140595,0
140596,1
140597,0
140598,0
140599,0
140600,0
140601,0
140602,0
140603,1
140604,0
140605,0
140606,1
140607,0
140608,1
140609,0
140610,0
140611,0
140612,0
140613,0
140614,1
140615,0
140616,0
140617,0
140618,0
140619,0
140620,0
140621,0
140622,1
140623,0
140624,1
140625,0
140626,1
140627,0
140628,0
140629,0
140630,0
140631,0
140632,0
140633,0
140634,1
140635,0
140636,0
140637,0
140638,0
140639,0
140640,0
140641,0
140642,0
140643,0
140644,0
140645,0
140646,0
140647,0
140648,0
140649,0
140650,0
140651,0
140652,0
140653,1
140654,1
140655,0
140656,0
140657,1
140658,0
140659,0
140660,0
140661,1
140662,0
140663,0
140664,1
140665,0
140666,0
140667,1
140668,0
140669,0
140670,0
140671,0
140672,1
140673,0
140674,0
140675,0
140676,0
140677,0
140678,0
140679,0
140680,0
140681,0
140682,0
140683,0
140684,0
140685,1
140686,1
140687,0
140688,0
140689,1
140690,1
140691,0
140692,0
140693,0
140694,1
140695,0
140696,0
140697,0
140698,0
140699,0
140700,0
140701,0
140702,0
140703,0
140704,0
140705,0
140706,0
140707,0
140708,0
140709,0
140710,0
140711,1
140712,0
140713,0
140714,0
140715,1
140716,0
140717,0
140718,0
140719,0
140720,0
140721,0
140722,0
140723,0
140724,1
140725,0
140726,0
140727,1
140728,0
140729,1
140730,1
140731,0
140732,0
140733,0
140734,0
140735,0
140736,1
140737,0
140738,0
140739,0
140740,0
140741,0
140742,0
140743,0
140744,0
140745,0
140746,0
140747,0
140748,0
140749,1
140750,0
140751,0
140752,0
140753,1
140754,0
140755,1
140756,0
140757,0
140758,0
140759,0
140760,0
140761,0
140762,1
140763,0
140764,0
140765,0
140766,0
140767,1
140768,1
140769,0
140770,0
140771,1
140772,0
140773,1
140774,0
140775,0
140776,0
140777,0
140778,0
140779,0
140780,0
140781,0
140782,0
140783,0
140784,0
140785,0
140786,0
140787,0
140788,0
140789,0
140790,0
140791,0
140792,0
140793,0
140794,0
140795,0
140796,0
140797,0
140798,0
140799,0
140800,0
140801,0
140802,0
140803,0
140804,0
140805,0
140806,0
140807,0
140808,0
140809,0
140810,0
140811,0
140812,0
140813,0
140814,0
140815,0
140816,0
140817,0
140818,0
140819,0
140820,0
140821,0
140822,0
140823,1
140824,1
140825,0
140826,0
140827,0
140828,0
140829,0
140830,0
140831,0
140832,0
140833,0
140834,0
140835,0
140836,0
140837,0
140838,1
140839,0
140840,0
140841,0
140842,0
140843,1
140844,1
140845,0
140846,0
140847,0
140848,0
140849,0
140850,0
140851,0
140852,0
140853,1
140854,0
140855,0
140856,0
140857,0
140858,0
140859,0
140860,0
140861,0
140862,0
140863,0
140864,0
140865,0
140866,0
140867,0
140868,0
140869,0
140870,0
140871,0
140872,0
140873,0
140874,0
140875,0
140876,0
140877,1
140878,0
140879,1
140880,0
140881,0
140882,0
140883,0
140884,0
140885,0
140886,0
140887,0
140888,0
140889,0
140890,0
140891,0
140892,1
140893,0
140894,0
140895,0
140896,0
140897,0
140898,0
140899,0
140900,0
140901,0
140902,0
140903,0
140904,0
140905,0
140906,0
140907,0
140908,0
140909,0
140910,0
140911,0
140912,0
140913,0
140914,0
140915,0
140916,0
140917,0
140918,0
140919,0
140920,0
140921,1
140922,0
140923,0
140924,0
140925,0
140926,0
140927,0
140928,0
140929,0
140930,0
140931,0
140932,0
140933,0
140934,0
140935,0
140936,0
140937,0
140938,0
140939,0
140940,1
140941,0
140942,0
140943,0
140944,0
140945,0
140946,0
140947,0
140948,0
140949,0
140950,0
140951,0
140952,0
140953,0
140954,1
140955,0
140956,0
140957,0
140958,0
140959,0
140960,0
140961,0
140962,0
140963,0
140964,0
140965,1
140966,0
140967,0
140968,0
140969,0
140970,0
140971,0
140972,0
140973,1
140974,0
140975,0
140976,1
140977,0
140978,0
140979,0
140980,0
140981,0
140982,0
140983,0
140984,0
140985,0
140986,0
140987,0
140988,0
140989,1
140990,0
140991,0
140992,0
140993,0
140994,0
140995,0
140996,0
140997,0
140998,0
140999,0
141000,0
141001,0
141002,1
141003,0
141004,0
141005,0
141006,0
141007,0
141008,0
141009,0
141010,0
141011,0
141012,0
141013,0
141014,0
141015,0
141016,0
141017,0
141018,0
141019,0
141020,0
141021,0
141022,0
141023,0
141024,0
141025,1
141026,0
141027,0
141028,0
141029,0
141030,0
141031,0
141032,0
141033,0
141034,0
141035,0
141036,0
141037,0
141038,0
141039,0
141040,0
141041,0
141042,0
141043,0
141044,0
141045,0
141046,0
141047,0
141048,0
141049,0
141050,0
141051,0
141052,0
141053,0
141054,1
141055,0
141056,0
141057,0
141058,0
141059,0
141060,0
141061,0
141062,1
141063,0
141064,1
141065,1
141066,0
141067,0
141068,1
141069,0
141070,0
141071,1
141072,0
141073,0
141074,0
141075,0
141076,0
141077,0
141078,0
141079,0
141080,0
141081,0
141082,0
141083,0
141084,1
141085,0
141086,0
141087,0
141088,0
141089,0
141090,0
141091,0
141092,0
141093,0
141094,0
141095,1
141096,0
141097,0
141098,0
141099,1
141100,0
141101,0
141102,0
141103,0
141104,0
141105,0
141106,0
141107,1
141108,0
141109,0
141110,0
141111,0
141112,0
141113,1
141114,0
141115,0
141116,0
141117,0
141118,0
141119,0
141120,0
141121,0
141122,0
141123,1
141124,0
141125,0
141126,0
141127,0
141128,0
141129,0
141130,0
141131,0
141132,0
141133,0
141134,0
141135,0
141136,0
141137,0
141138,0
141139,0
141140,0
141141,0
141142,1
141143,0
141144,0
141145,0
141146,0
141147,0
141148,0
141149,1
141150,0
141151,0
141152,0
141153,0
141154,0
141155,1
141156,0
141157,0
141158,0
141159,0
141160,1
141161,0
141162,0
141163,0
141164,0
141165,0
141166,0
141167,0
141168,0
141169,0
141170,0
141171,1
141172,0
141173,0
141174,0
141175,0
141176,0
141177,0
141178,0
141179,0
141180,0
141181,0
141182,0
141183,0
141184,0
141185,0
141186,0
141187,1
141188,0
141189,0
141190,0
141191,0
141192,1
141193,0
141194,0
141195,0
141196,0
141197,1
141198,0
141199,0
141200,0
141201,0
141202,0
141203,1
141204,0
141205,0
141206,0
141207,0
141208,0
141209,0
141210,1
141211,0
141212,0
141213,0
141214,1
141215,0
141216,0
141217,0
141218,0
141219,1
141220,0
141221,0
141222,1
141223,1
141224,0
141225,1
141226,0
141227,0
141228,0
141229,1
141230,0
141231,0
141232,0
141233,0
141234,0
141235,0
141236,0
141237,0
141238,1
141239,0
141240,0
141241,0
141242,0
141243,0
141244,0
141245,1
141246,0
141247,0
141248,0
141249,0
141250,0
141251,0
141252,0
141253,0
141254,0
141255,0
141256,0
141257,0
141258,0
141259,0
141260,0
141261,0
141262,0
141263,0
141264,0
141265,0
141266,0
141267,0
141268,0
141269,0
141270,0
141271,0
141272,0
141273,0
141274,0
141275,1
141276,1
141277,0
141278,1
141279,0
141280,0
141281,0
141282,0
141283,0
141284,0
141285,0
141286,0
141287,0
141288,0
141289,0
141290,0
141291,0
141292,0
141293,0
141294,0
141295,0
141296,0
141297,0
141298,0
141299,0
141300,0
141301,1
141302,0
141303,0
141304,0
141305,0
141306,0
141307,0
141308,0
141309,0
141310,1
141311,0
141312,0
141313,0
141314,1
141315,0
141316,0
141317,0
141318,0
141319,0
141320,0
141321,0
141322,0
141323,0
141324,0
141325,0
141326,1
141327,0
141328,1
141329,0
141330,0
141331,1
141332,0
141333,0
141334,0
141335,0
141336,0
141337,0
141338,0
141339,0
141340,0
141341,0
141342,1
141343,0
141344,0
141345,0
141346,0
141347,0
141348,1
141349,0
141350,0
141351,0
141352,0
141353,0
141354,0
141355,0
141356,0
141357,0
141358,1
141359,0
141360,0
141361,0
141362,1
141363,0
141364,1
141365,0
141366,0
141367,0
141368,0
141369,1
141370,0
141371,0
141372,1
141373,0
141374,0
141375,1
141376,0
141377,0
141378,0
141379,0
141380,0
141381,0
141382,0
141383,1
141384,0
141385,0
141386,0
141387,0
141388,0
141389,0
141390,0
141391,0
141392,0
141393,0
141394,0
141395,0
141396,0
141397,0
141398,0
141399,0
141400,0
141401,1
141402,0
141403,0
141404,1
141405,0
141406,0
141407,0
141408,0
141409,0
141410,0
141411,1
141412,0
141413,0
141414,0
141415,0
141416,0
141417,0
141418,0
141419,0
141420,1
141421,0
141422,0
141423,0
141424,0
141425,0
141426,0
141427,0
141428,0
141429,0
141430,0
141431,0
141432,1
141433,0
141434,1
141435,0
141436,0
141437,0
141438,1
141439,0
141440,0
141441,0
141442,0
141443,0
141444,0
141445,0
141446,1
141447,0
141448,0
141449,0
141450,0
141451,0
141452,0
141453,0
141454,0
141455,0
141456,0
141457,0
141458,0
141459,0
141460,1
141461,0
141462,0
141463,0
141464,0
141465,0
141466,0
141467,0
141468,0
141469,0
141470,0
141471,0
141472,1
141473,0
141474,1
141475,0
141476,0
141477,0
141478,0
141479,0
141480,0
141481,0
141482,0
141483,0
141484,1
141485,0
141486,1
141487,0
141488,1
141489,0
141490,0
141491,0
141492,0
141493,0
141494,0
141495,0
141496,0
141497,0
141498,0
141499,0
141500,0
141501,0
141502,0
141503,0
141504,0
141505,0
141506,0
141507,0
141508,0
141509,0
141510,0
141511,0
141512,0
141513,1
141514,0
141515,0
141516,0
141517,1
141518,0
141519,0
141520,0
141521,1
141522,0
141523,1
141524,0
141525,0
141526,0
141527,1
141528,0
141529,0
141530,0
141531,0
141532,0
141533,0
141534,1
141535,0
141536,0
141537,1
141538,0
141539,0
141540,0
141541,0
141542,0
141543,0
141544,1
141545,0
141546,0
141547,0
141548,0
141549,0
141550,0
141551,0
141552,0
141553,0
141554,1
141555,1
141556,0
141557,0
141558,0
141559,0
141560,0
141561,1
141562,0
141563,0
141564,0
141565,0
141566,0
141567,0
141568,0
141569,1
141570,0
141571,1
141572,0
141573,0
141574,1
141575,0
141576,1
141577,0
141578,0
141579,0
141580,1
141581,1
141582,0
141583,0
141584,1
141585,1
141586,0
141587,1
141588,0
141589,1
141590,0
141591,0
141592,0
141593,0
141594,0
141595,0
141596,1
141597,0
141598,0
141599,0
141600,0
141601,0
141602,0
141603,0
141604,0
141605,1
141606,0
141607,0
141608,0
141609,0
141610,0
141611,1
141612,0
141613,0
141614,0
141615,0
141616,0
141617,0
141618,0
141619,1
141620,0
141621,0
141622,0
141623,1
141624,1
141625,0
141626,0
141627,0
141628,0
141629,0
141630,0
141631,0
141632,0
141633,0
141634,0
141635,0
141636,0
141637,0
141638,1
141639,0
141640,1
141641,0
141642,0
141643,0
141644,1
141645,0
141646,0
141647,0
141648,0
141649,0
141650,0
141651,0
141652,0
141653,0
141654,1
141655,0
141656,1
141657,0
141658,0
141659,0
141660,1
141661,0
141662,0
141663,0
141664,0
141665,0
141666,0
141667,0
141668,0
141669,0
141670,0
141671,0
141672,1
141673,0
141674,0
141675,0
141676,0
141677,0
141678,0
141679,0
141680,0
141681,0
141682,0
141683,0
141684,0
141685,0
141686,0
141687,0
141688,0
141689,0
141690,0
141691,0
141692,0
141693,0
141694,0
141695,0
141696,0
141697,0
141698,1
141699,0
141700,0
141701,0
141702,0
141703,0
141704,0
141705,0
141706,0
141707,0
141708,0
141709,0
141710,0
141711,0
141712,0
141713,0
141714,1
141715,0
141716,0
141717,0
141718,0
141719,0
141720,0
141721,1
141722,0
141723,0
141724,0
141725,0
141726,0
141727,0
141728,0
141729,0
141730,0
141731,1
141732,0
141733,0
141734,0
141735,0
141736,0
141737,0
141738,0
141739,0
141740,0
141741,0
141742,0
141743,0
141744,0
141745,0
141746,0
141747,1
141748,0
141749,0
141750,0
141751,0
141752,1
141753,0
141754,1
141755,0
141756,0
141757,0
141758,0
141759,0
141760,0
141761,0
141762,0
141763,0
141764,0
141765,0
141766,0
141767,0
141768,0
141769,0
141770,0
141771,0
141772,0
141773,0
141774,0
141775,1
141776,0
141777,1
141778,0
141779,0
141780,0
141781,0
141782,0
141783,0
141784,0
141785,0
141786,1
141787,0
141788,0
141789,1
141790,0
141791,0
141792,0
141793,0
141794,0
141795,0
141796,0
141797,0
141798,0
141799,0
141800,0
141801,0
141802,0
141803,0
141804,0
141805,0
141806,0
141807,0
141808,0
141809,0
141810,0
141811,0
141812,1
141813,0
141814,0
141815,0
141816,0
141817,0
141818,0
141819,0
141820,0
141821,0
141822,0
141823,1
141824,0
141825,0
141826,1
141827,0
141828,0
141829,0
141830,1
141831,0
141832,1
141833,0
141834,0
141835,0
141836,1
141837,1
141838,0
141839,0
141840,0
141841,0
141842,0
141843,0
141844,0
141845,0
141846,0
141847,0
141848,0
141849,0
141850,0
141851,1
141852,0
141853,0
141854,0
141855,0
141856,0
141857,0
141858,0
141859,1
141860,0
141861,0
141862,0
141863,0
141864,0
141865,0
141866,0
141867,0
141868,0
141869,1
141870,1
141871,0
141872,0
141873,0
141874,0
141875,0
141876,0
141877,0
141878,0
141879,0
141880,0
141881,0
141882,0
141883,0
141884,0
141885,1
141886,0
141887,0
141888,1
141889,0
141890,0
141891,0
141892,0
141893,0
141894,0
141895,0
141896,0
141897,0
141898,0
141899,0
141900,0
141901,0
141902,0
141903,1
141904,0
141905,0
141906,0
141907,0
141908,0
141909,0
141910,0
141911,0
141912,1
141913,0
141914,0
141915,0
141916,0
141917,0
141918,0
141919,1
141920,0
141921,1
141922,0
141923,0
141924,0
141925,0
141926,0
141927,0
141928,0
141929,0
141930,0
141931,0
141932,0
141933,0
141934,0
141935,1
141936,0
141937,0
141938,0
141939,0
141940,0
141941,0
141942,0
141943,0
141944,0
141945,0
141946,0
141947,0
141948,0
141949,0
141950,0
141951,0
141952,0
141953,0
141954,0
141955,0
141956,0
141957,0
141958,0
141959,1
141960,0
141961,1
141962,0
141963,0
141964,1
141965,0
141966,0
141967,0
141968,0
141969,0
141970,0
141971,0
141972,0
141973,0
141974,0
141975,0
141976,0
141977,0
141978,0
141979,1
141980,0
141981,0
141982,0
141983,0
141984,1
141985,0
141986,0
141987,0
141988,0
141989,0
141990,0
141991,0
141992,0
141993,0
141994,0
141995,0
141996,0
141997,0
141998,0
141999,0
142000,0
142001,0
142002,0
142003,0
142004,0
142005,0
142006,0
142007,1
142008,0
142009,0
142010,0
142011,0
142012,1
142013,0
142014,0
142015,0
142016,0
142017,1
142018,0
142019,0
142020,0
142021,0
142022,0
142023,0
142024,0
142025,0
142026,0
142027,0
142028,0
142029,0
142030,1
142031,0
142032,0
142033,0
142034,0
142035,0
142036,0
142037,0
142038,0
142039,0
142040,0
142041,0
142042,0
142043,0
142044,0
142045,0
142046,0
142047,0
142048,0
142049,0
142050,0
142051,1
142052,0
142053,1
142054,1
142055,0
142056,0
142057,0
142058,0
142059,0
142060,0
142061,0
142062,0
142063,0
142064,0
142065,0
142066,0
142067,0
142068,0
142069,0
142070,0
142071,0
142072,0
142073,0
142074,0
142075,1
142076,0
142077,0
142078,0
142079,0
142080,0
142081,1
142082,0
142083,1
142084,0
142085,0
142086,0
142087,0
142088,0
142089,1
142090,0
142091,0
142092,1
142093,1
142094,0
142095,0
142096,0
142097,0
142098,0
142099,0
142100,0
142101,0
142102,0
142103,0
142104,0
142105,0
142106,0
142107,0
142108,1
142109,0
142110,0
142111,0
142112,0
142113,0
142114,0
142115,0
142116,0
142117,0
142118,0
142119,0
142120,0
142121,0
142122,0
142123,0
142124,0
142125,1
142126,0
142127,0
142128,0
142129,0
142130,0
142131,0
142132,0
142133,0
142134,0
142135,0
142136,0
142137,1
142138,0
142139,0
142140,0
142141,0
142142,0
142143,0
142144,0
142145,0
142146,0
142147,0
142148,0
142149,0
142150,0
142151,0
142152,0
142153,0
142154,0
142155,0
142156,0
142157,1
142158,1
142159,0
142160,0
142161,0
142162,0
142163,0
142164,0
142165,0
142166,1
142167,1
142168,0
142169,1
142170,0
142171,0
142172,0
142173,0
142174,0
142175,0
142176,0
142177,0
142178,0
142179,0
142180,0
142181,0
142182,0
142183,0
142184,0
142185,0
142186,0
142187,0
142188,0
142189,0
142190,0
142191,0
142192,0
142193,0
142194,0
142195,0
142196,0
142197,0
142198,0
142199,0
142200,0
142201,0
142202,0
142203,0
142204,0
142205,0
142206,0
142207,1
142208,0
142209,0
142210,0
142211,0
142212,0
142213,0
142214,1
142215,0
142216,0
142217,0
142218,0
142219,1
142220,1
142221,1
142222,0
142223,0
142224,0
142225,0
142226,0
142227,0
142228,0
142229,0
142230,0
142231,0
142232,0
142233,0
142234,0
142235,0
142236,0
142237,1
142238,0
142239,0
142240,0
142241,0
142242,0
142243,0
142244,1
142245,0
142246,0
142247,0
142248,0
142249,0
142250,0
142251,0
142252,0
142253,1
142254,0
142255,0
142256,0
142257,0
142258,0
142259,0
142260,0
142261,0
142262,0
142263,0
142264,1
142265,0
142266,0
142267,0
142268,1
142269,0
142270,0
142271,0
142272,0
142273,0
142274,0
142275,0
142276,0
142277,0
142278,0
142279,0
142280,0
142281,1
142282,0
142283,0
142284,0
142285,0
142286,0
142287,0
142288,0
142289,0
142290,1
142291,0
142292,0
142293,0
142294,0
142295,0
142296,0
142297,0
142298,0
142299,0
142300,0
142301,0
142302,0
142303,0
142304,1
142305,0
142306,0
142307,0
142308,0
142309,0
142310,0
142311,0
142312,0
142313,0
142314,1
142315,0
142316,1
142317,0
142318,0
142319,0
142320,1
142321,0
142322,1
142323,0
142324,0
142325,0
142326,0
142327,0
142328,0
142329,0
142330,0
142331,0
142332,1
142333,0
142334,0
142335,0
142336,1
142337,0
142338,0
142339,0
142340,0
142341,0
142342,0
142343,0
142344,0
142345,1
142346,0
142347,0
142348,0
142349,0
142350,0
142351,0
142352,0
142353,0
142354,0
142355,0
142356,1
142357,0
142358,0
142359,0
142360,0
142361,0
142362,0
142363,0
142364,0
142365,0
142366,1
142367,0
142368,0
142369,0
142370,0
142371,0
142372,0
142373,0
142374,0
142375,0
142376,0
142377,0
142378,0
142379,0
142380,1
142381,0
142382,1
142383,0
142384,0
142385,0
142386,1
142387,0
142388,1
142389,0
142390,0
142391,0
142392,0
142393,0
142394,0
142395,0
142396,0
142397,0
142398,0
142399,0
142400,0
142401,0
142402,0
142403,0
142404,0
142405,0
142406,0
142407,0
142408,1
142409,0
142410,0
142411,0
142412,0
142413,0
142414,0
142415,0
142416,0
142417,0
142418,0
142419,0
142420,0
142421,0
142422,0
142423,0
142424,0
142425,0
142426,0
142427,0
142428,0
142429,0
142430,0
142431,0
142432,0
142433,1
142434,0
142435,0
142436,0
142437,0
142438,0
142439,0
142440,0
142441,0
142442,0
142443,0
142444,0
142445,0
142446,0
142447,0
142448,0
142449,0
142450,0
142451,0
142452,0
142453,1
142454,0
142455,0
142456,0
142457,1
142458,0
142459,0
142460,0
142461,0
142462,0
142463,1
142464,0
142465,0
142466,0
142467,0
142468,0
142469,0
142470,1
142471,0
142472,0
142473,0
142474,0
142475,0
142476,0
142477,1
142478,0
142479,1
142480,0
142481,0
142482,0
142483,0
142484,0
142485,0
142486,0
142487,0
142488,0
142489,0
142490,1
142491,0
142492,0
142493,0
142494,1
142495,0
142496,1
142497,0
142498,0
142499,1
142500,0
142501,0
142502,1
142503,0
142504,0
142505,0
142506,0
142507,0
142508,0
142509,0
142510,0
142511,0
142512,0
142513,0
142514,0
142515,0
142516,1
142517,1
142518,0
142519,0
142520,0
142521,1
142522,0
142523,0
142524,0
142525,0
142526,0
142527,0
142528,0
142529,0
142530,0
142531,0
142532,1
142533,0
142534,0
142535,0
142536,0
142537,0
142538,0
142539,0
142540,0
142541,0
142542,1
142543,1
142544,0
142545,0
142546,0
142547,0
142548,0
142549,0
142550,1
142551,0
142552,0
142553,0
142554,1
142555,0
142556,0
142557,0
142558,0
142559,0
142560,0
142561,0
142562,1
142563,0
142564,0
142565,0
142566,0
142567,0
142568,0
142569,1
142570,0
142571,0
142572,0
142573,0
142574,0
142575,1
142576,0
142577,0
142578,1
142579,0
142580,0
142581,0
142582,1
142583,0
142584,0
142585,0
142586,0
142587,0
142588,0
142589,0
142590,0
142591,0
142592,1
142593,0
142594,0
142595,0
142596,0
142597,0
142598,0
142599,0
142600,0
142601,0
142602,0
142603,0
142604,0
142605,0
142606,0
142607,0
142608,0
142609,0
142610,0
142611,0
142612,0
142613,0
142614,0
142615,0
142616,0
142617,0
142618,1
142619,0
142620,0
142621,0
142622,0
142623,0
142624,0
142625,0
142626,1
142627,0
142628,0
142629,1
142630,1
142631,1
142632,0
142633,0
142634,0
142635,0
142636,0
142637,0
142638,0
142639,0
142640,0
142641,0
142642,0
142643,0
142644,0
142645,0
142646,1
142647,0
142648,0
142649,0
142650,0
142651,1
142652,1
142653,0
142654,0
142655,0
142656,0
142657,0
142658,0
142659,0
142660,1
142661,0
142662,0
142663,0
142664,0
142665,0
142666,0
142667,0
142668,1
142669,0
142670,1
142671,0
142672,0
142673,0
142674,0
142675,0
142676,0
142677,1
142678,0
142679,0
142680,0
142681,0
142682,0
142683,0
142684,0
142685,0
142686,0
142687,0
142688,0
142689,0
142690,0
142691,0
142692,0
142693,0
142694,0
142695,0
142696,0
142697,0
142698,1
142699,0
142700,0
142701,0
142702,0
142703,0
142704,0
142705,1
142706,0
142707,0
142708,0
142709,0
142710,0
142711,0
142712,0
142713,0
142714,1
142715,0
142716,0
142717,0
142718,1
142719,0
142720,0
142721,0
142722,1
142723,0
142724,1
142725,0
142726,0
142727,0
142728,0
142729,0
142730,0
142731,0
142732,0
142733,1
142734,0
142735,0
142736,0
142737,0
142738,0
142739,1
142740,0
142741,0
142742,0
142743,0
142744,0
142745,0
142746,0
142747,0
142748,0
142749,0
142750,1
142751,0
142752,0
142753,0
142754,0
142755,0
142756,0
142757,0
142758,1
142759,0
142760,0
142761,0
142762,0
142763,0
142764,0
142765,0
142766,0
142767,0
142768,0
142769,0
142770,0
142771,1
142772,0
142773,1
142774,0
142775,0
142776,0
142777,0
142778,0
142779,0
142780,1
142781,0
142782,1
142783,0
142784,0
142785,0
142786,1
142787,0
142788,0
142789,0
142790,0
142791,0
142792,1
142793,1
142794,0
142795,0
142796,0
142797,0
142798,0
142799,0
142800,1
142801,0
142802,0
142803,0
142804,0
142805,1
142806,0
142807,0
142808,0
142809,0
142810,0
142811,0
142812,0
142813,1
142814,0
142815,0
142816,0
142817,0
142818,0
142819,0
142820,0
142821,0
142822,0
142823,0
142824,1
142825,0
142826,0
142827,0
142828,0
142829,0
142830,0
142831,0
142832,0
142833,1
142834,0
142835,0
142836,0
142837,0
142838,0
142839,1
142840,0
142841,0
142842,0
142843,0
142844,0
142845,0
142846,0
142847,0
142848,0
142849,0
142850,0
142851,0
142852,0
142853,1
142854,0
142855,1
142856,0
142857,0
142858,0
142859,0
142860,0
142861,0
142862,0
142863,1
142864,1
142865,0
142866,0
142867,0
142868,0
142869,0
142870,0
142871,0
142872,0
142873,0
142874,0
142875,1
142876,1
142877,0
142878,0
142879,1
142880,0
142881,0
142882,0
142883,0
142884,0
142885,0
142886,0
142887,0
142888,0
142889,0
142890,0
142891,0
142892,0
142893,0
142894,0
142895,0
142896,0
142897,0
142898,0
142899,0
142900,0
142901,0
142902,0
142903,1
142904,0
142905,0
142906,0
142907,0
142908,0
142909,0
142910,0
142911,0
142912,0
142913,1
142914,0
142915,0
142916,0
142917,0
142918,0
142919,0
142920,0
142921,0
142922,0
142923,0
142924,0
142925,0
142926,0
142927,0
142928,0
142929,0
142930,0
142931,1
142932,0
142933,0
142934,0
142935,0
142936,0
142937,0
142938,0
142939,0
142940,1
142941,1
142942,1
142943,0
142944,0
142945,0
142946,0
142947,0
142948,0
142949,0
142950,0
142951,0
142952,0
142953,0
142954,0
142955,0
142956,0
142957,0
142958,0
142959,0
142960,0
142961,0
142962,0
142963,0
142964,1
142965,0
142966,1
142967,0
142968,0
142969,0
142970,0
142971,0
142972,0
142973,0
142974,0
142975,0
142976,0
142977,0
142978,1
142979,0
142980,0
142981,0
142982,0
142983,0
142984,0
142985,0
142986,0
142987,1
142988,0
142989,0
142990,0
142991,0
142992,0
142993,0
142994,0
142995,0
142996,0
142997,0
142998,0
142999,0
143000,0
143001,1
143002,0
143003,0
143004,0
143005,0
143006,0
143007,1
143008,1
143009,0
143010,0
143011,1
143012,0
143013,0
143014,0
143015,0
143016,1
143017,0
143018,0
143019,0
143020,0
143021,0
143022,1
143023,0
143024,0
143025,0
143026,0
143027,0
143028,0
143029,0
143030,0
143031,0
143032,0
143033,0
143034,0
143035,0
143036,0
143037,1
143038,0
143039,0
143040,0
143041,0
143042,0
143043,1
143044,0
143045,0
143046,0
143047,0
143048,0
143049,0
143050,0
143051,0
143052,0
143053,0
143054,1
143055,0
143056,0
143057,1
143058,0
143059,0
143060,0
143061,0
143062,0
143063,0
143064,1
143065,0
143066,0
143067,0
143068,1
143069,0
143070,0
143071,0
143072,0
143073,0
143074,0
143075,0
143076,0
143077,0
143078,0
143079,0
143080,0
143081,0
143082,0
143083,0
143084,0
143085,0
143086,0
143087,0
143088,0
143089,0
143090,0
143091,0
143092,0
143093,0
143094,0
143095,0
143096,0
143097,0
143098,0
143099,0
143100,0
143101,0
143102,0
143103,0
143104,0
143105,0
143106,0
143107,0
143108,0
143109,1
143110,0
143111,0
143112,0
143113,0
143114,0
143115,0
143116,0
143117,1
143118,0
143119,0
143120,0
143121,0
143122,0
143123,0
143124,0
143125,0
143126,0
143127,0
143128,0
143129,0
143130,0
143131,0
143132,0
143133,1
143134,0
143135,0
143136,0
143137,0
143138,0
143139,0
143140,0
143141,0
143142,0
143143,0
143144,0
143145,0
143146,0
143147,0
143148,1
143149,0
143150,0
143151,1
143152,0
143153,0
143154,0
143155,0
143156,0
143157,1
143158,0
143159,0
143160,0
143161,1
143162,0
143163,0
143164,0
143165,0
143166,0
143167,0
143168,0
143169,0
143170,0
143171,0
143172,0
143173,0
143174,0
143175,0
143176,1
143177,0
143178,0
143179,0
143180,0
143181,0
143182,0
143183,0
143184,1
143185,0
143186,0
143187,0
143188,0
143189,0
143190,0
143191,0
143192,0
143193,0
143194,0
143195,0
143196,0
143197,0
143198,0
143199,0
143200,0
143201,0
143202,1
143203,1
143204,0
143205,0
143206,0
143207,0
143208,0
143209,0
143210,0
143211,0
143212,0
143213,1
143214,0
143215,0
143216,0
143217,0
143218,0
143219,0
143220,0
143221,0
143222,0
143223,0
143224,0
143225,0
143226,1
143227,0
143228,1
143229,0
143230,0
143231,0
143232,0
143233,0
143234,0
143235,1
143236,0
143237,0
143238,0
143239,0
143240,0
143241,0
143242,0
143243,0
143244,0
143245,1
143246,1
143247,0
143248,0
143249,0
143250,0
143251,1
143252,0
143253,0
143254,0
143255,0
143256,0
143257,0
143258,0
143259,0
143260,0
143261,0
143262,0
143263,0
143264,0
143265,0
143266,0
143267,0
143268,0
143269,0
143270,0
143271,0
143272,0
143273,0
143274,0
143275,0
143276,0
143277,0
143278,1
143279,0
143280,0
143281,0
143282,0
143283,0
143284,0
143285,0
143286,0
143287,0
143288,0
143289,0
143290,1
143291,0
143292,0
143293,0
143294,0
143295,0
143296,0
143297,0
143298,0
143299,0
143300,0
143301,1
143302,0
143303,0
143304,0
143305,0
143306,0
143307,0
143308,0
143309,0
143310,0
143311,0
143312,0
143313,0
143314,0
143315,0
143316,0
143317,1
143318,0
143319,1
143320,0
143321,0
143322,0
143323,0
143324,0
143325,0
143326,1
143327,0
143328,1
143329,0
143330,1
143331,0
143332,0
143333,0
143334,0
143335,0
143336,0
143337,0
143338,0
143339,0
143340,0
143341,0
143342,0
143343,0
143344,1
143345,0
143346,1
143347,0
143348,1
143349,0
143350,0
143351,0
143352,0
143353,1
143354,0
143355,0
143356,0
143357,0
143358,0
143359,0
143360,0
143361,0
143362,0
143363,0
143364,0
143365,0
143366,0
143367,0
143368,0
143369,0
143370,0
143371,0
143372,1
143373,1
143374,0
143375,0
143376,0
143377,0
143378,0
143379,0
143380,0
143381,0
143382,0
143383,0
143384,0
143385,0
143386,0
143387,0
143388,0
143389,0
143390,0
143391,1
143392,0
143393,0
143394,0
143395,0
143396,1
143397,0
143398,0
143399,0
143400,0
143401,0
143402,0
143403,0
143404,0
143405,0
143406,0
143407,0
143408,0
143409,0
143410,1
143411,1
143412,0
143413,0
143414,0
143415,0
143416,0
143417,0
143418,0
143419,0
143420,0
143421,0
143422,1
143423,0
143424,1
143425,0
143426,0
143427,0
143428,0
143429,0
143430,0
143431,0
143432,0
143433,0
143434,0
143435,0
143436,1
143437,0
143438,0
143439,0
143440,0
143441,1
143442,0
143443,1
143444,1
143445,0
143446,0
143447,0
143448,0
143449,0
143450,0
143451,0
143452,0
143453,0
143454,1
143455,0
143456,1
143457,0
143458,0
143459,0
143460,1
143461,0
143462,0
143463,0
143464,0
143465,0
143466,0
143467,0
143468,0
143469,0
143470,0
143471,0
143472,0
143473,0
143474,0
143475,0
143476,0
143477,0
143478,0
143479,0
143480,0
143481,0
143482,0
143483,0
143484,0
143485,0
143486,0
143487,0
143488,0
143489,0
143490,0
143491,1
143492,0
143493,0
143494,0
143495,0
143496,0
143497,0
143498,0
143499,0
143500,0
143501,0
143502,1
143503,0
143504,0
143505,0
143506,0
143507,0
143508,0
143509,0
143510,1
143511,0
143512,0
143513,0
143514,1
143515,0
143516,0
143517,0
143518,0
143519,0
143520,1
143521,0
143522,0
143523,0
143524,0
143525,0
143526,0
143527,0
143528,0
143529,0
143530,0
143531,0
143532,0
143533,0
143534,0
143535,0
143536,0
143537,0
143538,0
143539,0
143540,0
143541,0
143542,0
143543,0
143544,0
143545,0
143546,0
143547,1
143548,0
143549,0
143550,0
143551,0
143552,0
143553,0
143554,0
143555,0
143556,0
143557,0
143558,0
143559,0
143560,0
143561,0
143562,0
143563,0
143564,0
143565,0
143566,0
143567,0
143568,0
143569,0
143570,0
143571,0
143572,0
143573,0
143574,0
143575,0
143576,0
143577,0
143578,0
143579,0
143580,0
143581,0
143582,0
143583,0
143584,0
143585,0
143586,1
143587,0
143588,0
143589,0
143590,0
143591,0
143592,0
143593,0
143594,1
143595,1
143596,0
143597,0
143598,1
143599,0
143600,1
143601,0
143602,0
143603,0
143604,0
143605,0
143606,0
143607,0
143608,1
143609,0
143610,1
143611,0
143612,0
143613,0
143614,0
143615,0
143616,0
143617,0
143618,0
143619,0
143620,1
143621,0
143622,0
143623,0
143624,1
143625,0
143626,0
143627,0
143628,0
143629,0
143630,0
143631,0
143632,1
143633,0
143634,0
143635,0
143636,0
143637,1
143638,0
143639,0
143640,1
143641,0
143642,0
143643,0
143644,1
143645,0
143646,0
143647,1
143648,0
143649,0
143650,0
143651,0
143652,0
143653,0
143654,0
143655,0
143656,1
143657,1
143658,0
143659,0
143660,0
143661,0
143662,0
143663,0
143664,0
143665,0
143666,0
143667,1
143668,0
143669,0
143670,0
143671,0
143672,0
143673,0
143674,0
143675,0
143676,0
143677,1
143678,0
143679,0
143680,0
143681,0
143682,0
143683,0
143684,0
143685,0
143686,0
143687,0
143688,0
143689,0
143690,0
143691,0
143692,0
143693,0
143694,0
143695,0
143696,0
143697,0
143698,0
143699,0
143700,0
143701,1
143702,0
143703,0
143704,0
143705,0
143706,0
143707,0
143708,1
143709,0
143710,0
143711,0
143712,0
143713,0
143714,0
143715,0
143716,0
143717,0
143718,0
143719,0
143720,0
143721,0
143722,0
143723,0
143724,0
143725,0
143726,0
143727,0
143728,0
143729,0
143730,0
143731,1
143732,0
143733,0
143734,0
143735,0
143736,0
143737,0
143738,0
143739,0
143740,0
143741,0
143742,0
143743,0
143744,0
143745,0
143746,0
143747,0
143748,0
143749,0
143750,0
143751,0
143752,1
143753,0
143754,0
143755,0
143756,1
143757,0
143758,0
143759,0
143760,0
143761,0
143762,0
143763,0
143764,0
143765,0
143766,1
143767,0
143768,0
143769,0
143770,0
143771,0
143772,0
143773,1
143774,0
143775,0
143776,0
143777,0
143778,0
143779,0
143780,0
143781,0
143782,0
143783,0
143784,0
143785,0
143786,0
143787,0
143788,0
143789,0
143790,0
143791,0
143792,0
143793,0
143794,0
143795,0
143796,0
143797,0
143798,0
143799,0
143800,0
143801,0
143802,1
143803,0
143804,0
143805,0
143806,0
143807,1
143808,0
143809,0
143810,0
143811,0
143812,0
143813,0
143814,0
143815,0
143816,0
143817,1
143818,0
143819,0
143820,0
143821,0
143822,0
143823,0
143824,0
143825,0
143826,1
143827,0
143828,0
143829,0
143830,0
143831,0
143832,0
143833,0
143834,0
143835,0
143836,0
143837,0
143838,0
143839,0
143840,0
143841,0
143842,0
143843,0
143844,0
143845,0
143846,1
143847,1
143848,0
143849,0
143850,0
143851,0
143852,0
143853,0
143854,1
143855,1
143856,0
143857,0
143858,0
143859,0
143860,0
143861,0
143862,0
143863,0
143864,0
143865,1
143866,0
143867,1
143868,0
143869,0
143870,0
143871,0
143872,0
143873,0
143874,0
143875,0
143876,0
143877,1
143878,0
143879,0
143880,0
143881,0
143882,0
143883,0
143884,1
143885,0
143886,0
143887,0
143888,0
143889,0
143890,0
143891,0
143892,0
143893,1
143894,0
143895,0
143896,0
143897,0
143898,0
143899,0
143900,0
143901,0
143902,0
143903,0
143904,0
143905,0
143906,1
143907,0
143908,0
143909,0
143910,0
143911,0
143912,1
143913,0
143914,0
143915,1
143916,0
143917,0
143918,0
143919,0
143920,0
143921,1
143922,0
143923,0
143924,0
143925,0
143926,0
143927,0
143928,0
143929,0
143930,0
143931,0
143932,0
143933,0
143934,0
143935,0
143936,0
143937,0
143938,0
143939,0
143940,0
143941,0
143942,0
143943,0
143944,0
143945,0
143946,0
143947,0
143948,0
143949,0
143950,0
143951,0
143952,0
143953,0
143954,1
143955,0
143956,0
143957,0
143958,0
143959,0
143960,0
143961,0
143962,0
143963,0
143964,0
143965,0
143966,0
143967,1
143968,0
143969,0
143970,0
143971,0
143972,1
143973,1
143974,0
143975,0
143976,0
143977,0
143978,0
143979,0
143980,0
143981,0
143982,0
143983,0
143984,0
143985,0
143986,0
143987,0
143988,1
143989,0
143990,0
143991,0
143992,0
143993,0
143994,0
143995,0
143996,0
143997,0
143998,0
143999,0
144000,1
144001,1
144002,0
144003,0
144004,0
144005,0
144006,0
144007,1
144008,0
144009,0
144010,1
144011,0
144012,0
144013,0
144014,1
144015,0
144016,0
144017,0
144018,0
144019,0
144020,0
144021,0
144022,0
144023,0
144024,0
144025,0
144026,0
144027,0
144028,0
144029,0
144030,0
144031,0
144032,0
144033,0
144034,0
144035,0
144036,0
144037,1
144038,0
144039,0
144040,0
144041,0
144042,0
144043,0
144044,0
144045,0
144046,0
144047,0
144048,0
144049,0
144050,0
144051,0
144052,0
144053,0
144054,0
144055,0
144056,0
144057,0
144058,0
144059,0
144060,1
144061,0
144062,0
144063,1
144064,0
144065,0
144066,0
144067,0
144068,0
144069,0
144070,0
144071,0
144072,0
144073,0
144074,0
144075,0
144076,0
144077,0
144078,0
144079,0
144080,0
144081,0
144082,1
144083,0
144084,0
144085,0
144086,0
144087,0
144088,0
144089,0
144090,0
144091,1
144092,0
144093,0
144094,0
144095,1
144096,1
144097,0
144098,0
144099,0
144100,0
144101,0
144102,0
144103,0
144104,0
144105,1
144106,0
144107,1
144108,0
144109,0
144110,0
144111,0
144112,1
144113,0
144114,0
144115,0
144116,0
144117,0
144118,0
144119,0
144120,0
144121,0
144122,0
144123,0
144124,0
144125,0
144126,0
144127,0
144128,0
144129,0
144130,0
144131,0
144132,1
144133,0
144134,0
144135,1
144136,0
144137,0
144138,0
144139,0
144140,0
144141,0
144142,0
144143,0
144144,0
144145,0
144146,0
144147,0
144148,0
144149,0
144150,0
144151,0
144152,0
144153,0
144154,0
144155,0
144156,0
144157,0
144158,0
144159,0
144160,1
144161,0
144162,0
144163,0
144164,0
144165,1
144166,1
144167,0
144168,0
144169,0
144170,0
144171,1
144172,0
144173,1
144174,0
144175,1
144176,0
144177,0
144178,0
144179,0
144180,1
144181,0
144182,0
144183,1
144184,0
144185,0
144186,1
144187,0
144188,0
144189,1
144190,0
144191,0
144192,0
144193,0
144194,0
144195,1
144196,0
144197,0
144198,0
144199,0
144200,0
144201,0
144202,0
144203,0
144204,0
144205,1
144206,1
144207,1
144208,1
144209,1
144210,0
144211,0
144212,0
144213,0
144214,0
144215,0
144216,0
144217,0
144218,1
144219,0
144220,0
144221,0
144222,0
144223,0
144224,0
144225,0
144226,0
144227,0
144228,0
144229,0
144230,0
144231,0
144232,0
144233,0
144234,0
144235,0
144236,0
144237,0
144238,0
144239,0
144240,0
144241,0
144242,0
144243,0
144244,1
144245,0
144246,0
144247,0
144248,0
144249,0
144250,0
144251,0
144252,1
144253,0
144254,0
144255,0
144256,1
144257,1
144258,0
144259,0
144260,0
144261,0
144262,0
144263,0
144264,0
144265,0
144266,0
144267,0
144268,0
144269,1
144270,0
144271,0
144272,0
144273,0
144274,0
144275,0
144276,0
144277,0
144278,0
144279,0
144280,0
144281,0
144282,0
144283,0
144284,0
144285,0
144286,0
144287,1
144288,0
144289,0
144290,0
144291,0
144292,1
144293,0
144294,1
144295,0
144296,0
144297,0
144298,1
144299,0
144300,0
144301,0
144302,0
144303,0
144304,0
144305,1
144306,1
144307,0
144308,0
144309,0
144310,0
144311,0
144312,0
144313,0
144314,0
144315,0
144316,0
144317,0
144318,1
144319,1
144320,0
144321,0
144322,0
144323,0
144324,0
144325,0
144326,0
144327,0
144328,0
144329,1
144330,0
144331,0
144332,0
144333,0
144334,0
144335,1
144336,0
144337,0
144338,0
144339,0
144340,0
144341,0
144342,0
144343,0
144344,0
144345,0
144346,0
144347,0
144348,0
144349,0
144350,1
144351,0
144352,0
144353,0
144354,0
144355,0
144356,0
144357,0
144358,0
144359,0
144360,0
144361,0
144362,0
144363,1
144364,0
144365,0
144366,0
144367,0
144368,1
144369,0
144370,0
144371,0
144372,0
144373,0
144374,0
144375,0
144376,0
144377,0
144378,0
144379,0
144380,0
144381,1
144382,0
144383,0
144384,0
144385,0
144386,1
144387,0
144388,0
144389,0
144390,0
144391,0
144392,0
144393,0
144394,0
144395,0
144396,0
144397,0
144398,0
144399,0
144400,0
144401,1
144402,0
144403,0
144404,0
144405,0
144406,0
144407,0
144408,0
144409,1
144410,0
144411,0
144412,0
144413,0
144414,0
144415,0
144416,1
144417,0
144418,0
144419,0
144420,0
144421,1
144422,0
144423,0
144424,0
144425,0
144426,1
144427,0
144428,0
144429,0
144430,0
144431,0
144432,0
144433,0
144434,0
144435,0
144436,0
144437,0
144438,0
144439,0
144440,0
144441,0
144442,0
144443,0
144444,1
144445,0
144446,0
144447,0
144448,0
144449,0
144450,0
144451,0
144452,0
144453,1
144454,1
144455,0
144456,0
144457,0
144458,0
144459,0
144460,0
144461,0
144462,0
144463,0
144464,0
144465,0
144466,0
144467,0
144468,0
144469,0
144470,0
144471,0
144472,0
144473,0
144474,0
144475,0
144476,1
144477,0
144478,0
144479,0
144480,0
144481,0
144482,1
144483,1
144484,0
144485,0
144486,1
144487,0
144488,0
144489,0
144490,0
144491,0
144492,0
144493,0
144494,0
144495,0
144496,0
144497,0
144498,0
144499,0
144500,0
144501,0
144502,0
144503,0
144504,0
144505,0
144506,1
144507,0
144508,0
144509,0
144510,0
144511,0
144512,0
144513,0
144514,0
144515,0
144516,0
144517,0
144518,0
144519,1
144520,0
144521,0
144522,1
144523,1
144524,0
144525,1
144526,0
144527,0
144528,0
144529,0
144530,1
144531,0
144532,0
144533,0
144534,0
144535,1
144536,0
144537,0
144538,0
144539,0
144540,0
144541,0
144542,0
144543,0
144544,0
144545,0
144546,0
144547,0
144548,0
144549,0
144550,0
144551,0
144552,0
144553,0
144554,0
144555,0
144556,1
144557,0
144558,0
144559,0
144560,0
144561,0
144562,0
144563,1
144564,0
144565,0
144566,0
144567,0
144568,0
144569,0
144570,0
144571,0
144572,0
144573,0
144574,0
144575,0
144576,0
144577,0
144578,0
144579,0
144580,0
144581,0
144582,0
144583,1
144584,0
144585,1
144586,1
144587,0
144588,0
144589,0
144590,0
144591,0
144592,1
144593,0
144594,1
144595,1
144596,0
144597,0
144598,0
144599,0
144600,0
144601,0
144602,0
144603,0
144604,0
144605,0
144606,0
144607,0
144608,1
144609,1
144610,0
144611,0
144612,0
144613,0
144614,0
144615,0
144616,0
144617,0
144618,0
144619,0
144620,0
144621,0
144622,0
144623,0
144624,0
144625,0
144626,0
144627,1
144628,0
144629,0
144630,0
144631,0
144632,0
144633,0
144634,0
144635,0
144636,0
144637,0
144638,0
144639,0
144640,0
144641,0
144642,0
144643,0
144644,0
144645,0
144646,0
144647,0
144648,0
144649,0
144650,0
144651,0
144652,0
144653,0
144654,0
144655,0
144656,0
144657,0
144658,0
144659,0
144660,0
144661,0
144662,0
144663,0
144664,0
144665,0
144666,0
144667,0
144668,0
144669,0
144670,0
144671,0
144672,0
144673,1
144674,0
144675,0
144676,1
144677,0
144678,1
144679,0
144680,1
144681,0
144682,1
144683,0
144684,0
144685,0
144686,0
144687,1
144688,0
144689,0
144690,0
144691,1
144692,0
144693,0
144694,0
144695,1
144696,0
144697,0
144698,0
144699,0
144700,0
144701,0
144702,0
144703,0
144704,0
144705,0
144706,0
144707,0
144708,0
144709,0
144710,0
144711,0
144712,0
144713,0
144714,0
144715,0
144716,1
144717,0
144718,0
144719,0
144720,1
144721,0
144722,0
144723,0
144724,0
144725,0
144726,0
144727,0
144728,0
144729,0
144730,0
144731,0
144732,0
144733,0
144734,0
144735,0
144736,0
144737,0
144738,1
144739,0
144740,1
144741,0
144742,0
144743,0
144744,0
144745,0
144746,0
144747,0
144748,0
144749,1
144750,0
144751,0
144752,0
144753,0
144754,0
144755,0
144756,0
144757,0
144758,0
144759,0
144760,0
144761,0
144762,0
144763,0
144764,0
144765,0
144766,0
144767,0
144768,1
144769,0
144770,0
144771,0
144772,0
144773,0
144774,0
144775,0
144776,0
144777,1
144778,0
144779,0
144780,0
144781,0
144782,1
144783,0
144784,0
144785,0
144786,0
144787,0
144788,0
144789,0
144790,0
144791,0
144792,0
144793,0
144794,0
144795,0
144796,0
144797,0
144798,1
144799,0
144800,0
144801,0
144802,0
144803,0
144804,0
144805,0
144806,0
144807,0
144808,0
144809,0
144810,0
144811,0
144812,0
144813,0
144814,0
144815,0
144816,0
144817,0
144818,0
144819,0
144820,1
144821,1
144822,0
144823,0
144824,0
144825,0
144826,0
144827,1
144828,0
144829,0
144830,0
144831,0
144832,0
144833,1
144834,0
144835,0
144836,0
144837,0
144838,0
144839,0
144840,0
144841,0
144842,0
144843,0
144844,0
144845,0
144846,0
144847,0
144848,1
144849,0
144850,0
144851,1
144852,0
144853,1
144854,0
144855,1
144856,0
144857,0
144858,1
144859,0
144860,0
144861,0
144862,0
144863,0
144864,0
144865,0
144866,0
144867,0
144868,1
144869,0
144870,1
144871,0
144872,0
144873,0
144874,0
144875,0
144876,0
144877,0
144878,1
144879,0
144880,0
144881,0
144882,0
144883,0
144884,0
144885,0
144886,0
144887,0
144888,0
144889,0
144890,0
144891,0
144892,1
144893,0
144894,0
144895,0
144896,0
144897,1
144898,0
144899,0
144900,0
144901,0
144902,0
144903,0
144904,0
144905,0
144906,0
144907,0
144908,0
144909,0
144910,0
144911,0
144912,0
144913,0
144914,0
144915,0
144916,0
144917,0
144918,1
144919,1
144920,1
144921,1
144922,0
144923,0
144924,1
144925,0
144926,0
144927,0
144928,0
144929,0
144930,0
144931,0
144932,0
144933,0
144934,0
144935,0
144936,0
144937,0
144938,1
144939,0
144940,0
144941,0
144942,0
144943,0
144944,1
144945,0
144946,0
144947,0
144948,0
144949,0
144950,0
144951,1
144952,0
144953,0
144954,0
144955,0
144956,0
144957,0
144958,0
144959,0
144960,0
144961,0
144962,0
144963,0
144964,0
144965,0
144966,0
144967,0
144968,0
144969,0
144970,1
144971,0
144972,0
144973,1
144974,1
144975,0
144976,0
144977,0
144978,0
144979,0
144980,1
144981,0
144982,1
144983,0
144984,0
144985,1
144986,0
144987,0
144988,0
144989,0
144990,0
144991,0
144992,1
144993,1
144994,0
144995,0
144996,1
144997,0
144998,0
144999,0
145000,0
145001,0
145002,0
145003,0
145004,0
145005,0
145006,0
145007,0
145008,0
145009,0
145010,0
145011,0
145012,1
145013,0
145014,0
145015,0
145016,0
145017,0
145018,0
145019,0
145020,0
145021,0
145022,0
145023,0
145024,1
145025,0
145026,0
145027,0
145028,0
145029,0
145030,0
145031,0
145032,0
145033,0
145034,0
145035,0
145036,0
145037,0
145038,0
145039,1
145040,0
145041,0
145042,0
145043,0
145044,0
145045,0
145046,0
145047,0
145048,0
145049,0
145050,0
145051,0
145052,0
145053,0
145054,0
145055,0
145056,0
145057,0
145058,0
145059,0
145060,0
145061,0
145062,1
145063,0
145064,0
145065,0
145066,0
145067,0
145068,0
145069,0
145070,0
145071,0
145072,0
145073,0
145074,1
145075,0
145076,0
145077,0
145078,0
145079,0
145080,0
145081,0
145082,1
145083,0
145084,0
145085,0
145086,0
145087,1
145088,1
145089,1
145090,1
145091,1
145092,0
145093,0
145094,0
145095,0
145096,0
145097,0
145098,0
145099,0
145100,0
145101,0
145102,0
145103,0
145104,0
145105,1
145106,0
145107,0
145108,0
145109,0
145110,1
145111,0
145112,0
145113,0
145114,0
145115,0
145116,0
145117,0
145118,1
145119,0
145120,0
145121,0
145122,0
145123,0
145124,0
145125,0
145126,1
145127,0
145128,1
145129,0
145130,0
145131,0
145132,0
145133,1
145134,0
145135,0
145136,0
145137,0
145138,0
145139,0
145140,0
145141,0
145142,0
145143,0
145144,1
145145,0
145146,0
145147,0
145148,0
145149,0
145150,1
145151,0
145152,0
145153,0
145154,0
145155,0
145156,0
145157,0
145158,0
145159,0
145160,0
145161,0
145162,1
145163,1
145164,1
145165,0
145166,0
145167,0
145168,0
145169,0
145170,0
145171,0
145172,0
145173,0
145174,0
145175,0
145176,0
145177,0
145178,0
145179,0
145180,0
145181,0
145182,0
145183,0
145184,0
145185,0
145186,0
145187,0
145188,0
145189,0
145190,1
145191,0
145192,0
145193,0
145194,1
145195,0
145196,1
145197,0
145198,0
145199,0
145200,1
145201,0
145202,0
145203,0
145204,0
145205,0
145206,0
145207,0
145208,1
145209,1
145210,0
145211,1
145212,0
145213,0
145214,0
145215,0
145216,0
145217,0
145218,0
145219,0
145220,0
145221,0
145222,1
145223,0
145224,0
145225,0
145226,0
145227,0
145228,0
145229,0
145230,0
145231,0
145232,0
145233,0
145234,0
145235,1
145236,1
145237,0
145238,0
145239,0
145240,1
145241,0
145242,0
145243,0
145244,0
145245,0
145246,0
145247,0
145248,1
145249,0
145250,0
145251,0
145252,1
145253,0
145254,0
145255,0
145256,0
145257,0
145258,1
145259,0
145260,1
145261,0
145262,0
145263,0
145264,0
145265,0
145266,0
145267,0
145268,0
145269,0
145270,1
145271,1
145272,0
145273,0
145274,0
145275,0
145276,0
145277,0
145278,0
145279,0
145280,0
145281,1
145282,0
145283,0
145284,0
145285,0
145286,0
145287,0
145288,1
145289,0
145290,0
145291,1
145292,0
145293,0
145294,0
145295,1
145296,0
145297,0
145298,0
145299,0
145300,0
145301,0
145302,1
145303,0
145304,0
145305,0
145306,0
145307,0
145308,0
145309,0
145310,0
145311,0
145312,0
145313,0
145314,0
145315,1
145316,0
145317,0
145318,0
145319,0
145320,0
145321,0
145322,0
145323,0
145324,0
145325,0
145326,0
145327,0
145328,0
145329,0
145330,0
145331,0
145332,0
145333,0
145334,0
145335,0
145336,0
145337,0
145338,0
145339,0
145340,0
145341,0
145342,0
145343,0
145344,1
145345,0
145346,0
145347,0
145348,0
145349,0
145350,1
145351,1
145352,0
145353,0
145354,0
145355,0
145356,0
145357,0
145358,0
145359,0
145360,0
145361,0
145362,1
145363,0
145364,0
145365,0
145366,0
145367,0
145368,0
145369,0
145370,0
145371,0
145372,0
145373,0
145374,0
145375,0
145376,1
145377,0
145378,0
145379,1
145380,0
145381,0
145382,0
145383,0
145384,0
145385,0
145386,0
145387,0
145388,0
145389,0
145390,0
145391,0
145392,0
145393,0
145394,0
145395,0
145396,0
145397,0
145398,1
145399,0
145400,0
145401,0
145402,0
145403,0
145404,0
145405,0
145406,1
145407,0
145408,0
145409,0
145410,0
145411,1
145412,0
145413,0
145414,0
145415,0
145416,0
145417,0
145418,1
145419,0
145420,0
145421,0
145422,0
145423,1
145424,0
145425,0
145426,0
145427,0
145428,0
145429,0
145430,0
145431,0
145432,0
145433,0
145434,0
145435,0
145436,0
145437,0
145438,0
145439,0
145440,0
145441,0
145442,0
145443,0
145444,0
145445,0
145446,0
145447,0
145448,0
145449,1
145450,0
145451,0
145452,0
145453,0
145454,0
145455,0
145456,0
145457,0
145458,1
145459,0
145460,0
145461,1
145462,0
145463,0
145464,0
145465,0
145466,0
145467,0
145468,0
145469,1
145470,0
145471,0
145472,1
145473,0
145474,0
145475,0
145476,1
145477,0
145478,0
145479,0
145480,0
145481,0
145482,0
145483,0
145484,0
145485,0
145486,0
145487,0
145488,0
145489,0
145490,0
145491,0
145492,1
145493,0
145494,0
145495,0
145496,0
145497,0
145498,0
145499,0
145500,0
145501,0
145502,0
145503,0
145504,0
145505,0
145506,1
145507,0
145508,0
145509,0
145510,0
145511,1
145512,1
145513,0
145514,0
145515,0
145516,0
145517,0
145518,0
145519,0
145520,0
145521,0
145522,0
145523,1
145524,0
145525,0
145526,0
145527,0
145528,0
145529,0
145530,0
145531,0
145532,0
145533,0
145534,0
145535,1
145536,0
145537,0
145538,0
145539,0
145540,0
145541,0
145542,1
145543,0
145544,0
145545,1
145546,0
145547,0
145548,0
145549,1
145550,1
145551,0
145552,0
145553,0
145554,0
145555,0
145556,0
145557,0
145558,0
145559,0
145560,1
145561,0
145562,0
145563,0
145564,0
145565,0
145566,0
145567,0
145568,0
145569,0
145570,0
145571,0
145572,0
145573,0
145574,0
145575,1
145576,0
145577,1
145578,1
145579,0
145580,0
145581,0
145582,0
145583,0
145584,0
145585,0
145586,0
145587,0
145588,0
145589,0
145590,1
145591,0
145592,1
145593,0
145594,0
145595,0
145596,0
145597,0
145598,0
145599,1
145600,0
145601,1
145602,0
145603,0
145604,0
145605,0
145606,0
145607,0
145608,0
145609,1
145610,0
145611,0
145612,0
145613,0
145614,0
145615,0
145616,0
145617,0
145618,0
145619,0
145620,0
145621,0
145622,0
145623,0
145624,0
145625,0
145626,0
145627,0
145628,0
145629,0
145630,0
145631,1
145632,0
145633,0
145634,0
145635,0
145636,1
145637,0
145638,0
145639,0
145640,0
145641,0
145642,0
145643,0
145644,0
145645,0
145646,0
145647,0
145648,0
145649,0
145650,0
145651,0
145652,1
145653,0
145654,0
145655,0
145656,0
145657,0
145658,0
145659,0
145660,0
145661,0
145662,0
145663,0
145664,0
145665,1
145666,0
145667,0
145668,0
145669,0
145670,0
145671,1
145672,0
145673,0
145674,1
145675,0
145676,0
145677,1
145678,0
145679,0
145680,1
145681,0
145682,0
145683,0
145684,1
145685,0
145686,0
145687,0
145688,0
145689,0
145690,0
145691,0
145692,0
145693,0
145694,0
145695,1
145696,0
145697,0
145698,0
145699,0
145700,0
145701,0
145702,0
145703,0
145704,0
145705,0
145706,1
145707,0
145708,0
145709,0
145710,0
145711,0
145712,1
145713,0
145714,0
145715,0
145716,1
145717,1
145718,1
145719,0
145720,0
145721,0
145722,0
145723,0
145724,0
145725,0
145726,0
145727,0
145728,0
145729,0
145730,0
145731,0
145732,1
145733,0
145734,0
145735,0
145736,0
145737,0
145738,0
145739,0
145740,0
145741,0
145742,0
145743,1
145744,0
145745,0
145746,0
145747,0
145748,0
145749,0
145750,0
145751,0
145752,1
145753,1
145754,1
145755,1
145756,0
145757,0
145758,0
145759,0
145760,0
145761,0
145762,0
145763,0
145764,0
145765,0
145766,1
145767,0
145768,0
145769,0
145770,1
145771,0
145772,0
145773,1
145774,1
145775,0
145776,0
145777,0
145778,1
145779,0
145780,0
145781,0
145782,0
145783,0
145784,0
145785,0
145786,0
145787,0
145788,1
145789,1
145790,0
145791,0
145792,0
145793,0
145794,0
145795,0
145796,0
145797,0
145798,0
145799,0
145800,0
145801,0
145802,0
145803,0
145804,0
145805,0
145806,0
145807,0
145808,0
145809,0
145810,0
145811,0
145812,0
145813,0
145814,0
145815,0
145816,0
145817,0
145818,0
145819,1
145820,0
145821,0
145822,0
145823,0
145824,0
145825,1
145826,0
145827,0
145828,0
145829,0
145830,0
145831,0
145832,0
145833,0
145834,1
145835,0
145836,1
145837,0
145838,0
145839,1
145840,0
145841,1
145842,0
145843,0
145844,0
145845,0
145846,0
145847,0
145848,0
145849,0
145850,0
145851,0
145852,0
145853,0
145854,1
145855,0
145856,1
145857,1
145858,1
145859,0
145860,0
145861,0
145862,0
145863,0
145864,1
145865,1
145866,0
145867,0
145868,1
145869,0
145870,0
145871,0
145872,0
145873,1
145874,0
145875,0
145876,0
145877,0
145878,1
145879,0
145880,0
145881,1
145882,0
145883,0
145884,0
145885,0
145886,0
145887,0
145888,0
145889,0
145890,0
145891,1
145892,0
145893,0
145894,1
145895,1
145896,0
145897,0
145898,0
145899,0
145900,0
145901,0
145902,0
145903,1
145904,0
145905,0
145906,0
145907,0
145908,0
145909,0
145910,0
145911,0
145912,0
145913,0
145914,0
145915,0
145916,0
145917,0
145918,0
145919,0
145920,0
145921,0
145922,1
145923,0
145924,0
145925,0
145926,1
145927,0
145928,0
145929,0
145930,0
145931,0
145932,0
145933,0
145934,1
145935,0
145936,0
145937,0
145938,0
145939,0
145940,0
145941,0
145942,0
145943,0
145944,0
145945,0
145946,0
145947,0
145948,0
145949,0
145950,0
145951,0
145952,0
145953,0
145954,0
145955,1
145956,0
145957,0
145958,1
145959,0
145960,1
145961,0
145962,0
145963,0
145964,0
145965,0
145966,0
145967,0
145968,0
145969,0
145970,0
145971,0
145972,0
145973,0
145974,1
145975,0
145976,0
145977,0
145978,0
145979,0
145980,0
145981,0
145982,0
145983,0
145984,0
145985,0
145986,0
145987,1
145988,0
145989,0
145990,0
145991,0
145992,0
145993,0
145994,0
145995,0
145996,0
145997,0
145998,0
145999,0
146000,0
146001,0
146002,0
146003,0
146004,0
146005,0
146006,0
146007,0
146008,1
146009,0
146010,0
146011,1
146012,0
146013,0
146014,0
146015,0
146016,0
146017,0
146018,1
146019,0
146020,0
146021,0
146022,0
146023,0
146024,0
146025,0
146026,0
146027,0
146028,0
146029,0
146030,0
146031,0
146032,1
146033,0
146034,0
146035,0
146036,0
146037,1
146038,0
146039,0
146040,0
146041,0
146042,0
146043,0
146044,0
146045,0
146046,0
146047,0
146048,0
146049,0
146050,1
146051,1
146052,0
146053,0
146054,0
146055,0
146056,0
146057,0
146058,0
146059,1
146060,1
146061,0
146062,0
146063,1
146064,0
146065,0
146066,0
146067,0
146068,0
146069,0
146070,0
146071,1
146072,0
146073,0
146074,0
146075,0
146076,0
146077,0
146078,0
146079,0
146080,0
146081,0
146082,0
146083,0
146084,0
146085,0
146086,0
146087,0
146088,0
146089,1
146090,0
146091,0
146092,0
146093,0
146094,0
146095,0
146096,0
146097,0
146098,0
146099,0
146100,0
146101,0
146102,0
146103,0
146104,0
146105,0
146106,1
146107,0
146108,0
146109,0
146110,0
146111,0
146112,0
146113,0
146114,0
146115,0
146116,0
146117,0
146118,0
146119,0
146120,0
146121,0
146122,1
146123,0
146124,0
146125,0
146126,1
146127,0
146128,0
146129,0
146130,1
146131,0
146132,0
146133,0
146134,0
146135,0
146136,0
146137,0
146138,0
146139,0
146140,0
146141,0
146142,0
146143,0
146144,0
146145,0
146146,0
146147,0
146148,0
146149,0
146150,0
146151,0
146152,0
146153,0
146154,0
146155,0
146156,0
146157,0
146158,0
146159,0
146160,0
146161,0
146162,0
146163,0
146164,0
146165,0
146166,0
146167,0
146168,0
146169,0
146170,0
146171,0
146172,0
146173,0
146174,0
146175,0
146176,0
146177,0
146178,1
146179,0
146180,0
146181,1
146182,0
146183,0
146184,0
146185,0
146186,0
146187,1
146188,0
146189,0
146190,0
146191,0
146192,0
146193,0
146194,0
146195,0
146196,0
146197,0
146198,0
146199,1
146200,0
146201,0
146202,0
146203,0
146204,0
146205,0
146206,0
146207,1
146208,0
146209,0
146210,0
146211,0
146212,0
146213,0
146214,1
146215,1
146216,1
146217,0
146218,0
146219,0
146220,0
146221,0
146222,0
146223,0
146224,0
146225,0
146226,0
146227,0
146228,0
146229,0
146230,0
146231,0
146232,0
146233,0
146234,0
146235,0
146236,0
146237,0
146238,0
146239,0
146240,0
146241,0
146242,0
146243,0
146244,1
146245,0
146246,1
146247,0
146248,0
146249,0
146250,1
146251,0
146252,0
146253,0
146254,1
146255,0
146256,1
146257,0
146258,0
146259,0
146260,1
146261,0
146262,0
146263,0
146264,0
146265,1
146266,1
146267,0
146268,0
146269,0
146270,0
146271,0
146272,0
146273,0
146274,0
146275,0
146276,0
146277,0
146278,0
146279,1
146280,1
146281,1
146282,0
146283,1
146284,0
146285,0
146286,0
146287,1
146288,0
146289,0
146290,0
146291,1
146292,0
146293,0
146294,0
146295,0
146296,0
146297,0
146298,0
146299,0
146300,0
146301,0
146302,0
146303,0
146304,0
146305,0
146306,0
146307,0
146308,0
146309,0
146310,1
146311,0
146312,0
146313,0
146314,0
146315,0
146316,0
146317,0
146318,0
146319,0
146320,0
146321,1
146322,1
146323,0
146324,0
146325,0
146326,0
146327,0
146328,1
146329,1
146330,0
146331,0
146332,1
146333,0
146334,0
146335,0
146336,0
146337,1
146338,0
146339,0
146340,0
146341,0
146342,0
146343,0
146344,0
146345,1
146346,0
146347,0
146348,0
146349,0
146350,1
146351,0
146352,0
146353,0
146354,0
146355,0
146356,0
146357,0
146358,0
146359,0
146360,0
146361,0
146362,0
146363,0
146364,0
146365,0
146366,0
146367,0
146368,0
146369,0
146370,0
146371,0
146372,1
146373,0
146374,0
146375,0
146376,0
146377,0
146378,0
146379,0
146380,0
146381,0
146382,0
146383,0
146384,0
146385,0
146386,0
146387,0
146388,0
146389,0
146390,0
146391,1
146392,0
146393,0
146394,0
146395,0
146396,0
146397,0
146398,0
146399,0
146400,0
146401,0
146402,0
146403,0
146404,0
146405,0
146406,0
146407,0
146408,0
146409,0
146410,0
146411,1
146412,0
146413,0
146414,0
146415,0
146416,0
146417,0
146418,1
146419,0
146420,0
146421,0
146422,0
146423,0
146424,0
146425,0
146426,0
146427,0
146428,0
146429,0
146430,0
146431,1
146432,0
146433,1
146434,0
146435,0
146436,0
146437,0
146438,0
146439,0
146440,0
146441,0
146442,1
146443,0
146444,1
146445,0
146446,0
146447,1
146448,0
146449,0
146450,0
146451,0
146452,1
146453,0
146454,0
146455,0
146456,1
146457,0
146458,0
146459,0
146460,0
146461,0
146462,0
146463,0
146464,0
146465,0
146466,0
146467,0
146468,0
146469,0
146470,0
146471,0
146472,1
146473,1
146474,0
146475,0
146476,0
146477,1
146478,0
146479,0
146480,0
146481,0
146482,1
146483,0
146484,0
146485,0
146486,0
146487,0
146488,0
146489,0
146490,0
146491,0
146492,0
146493,0
146494,0
146495,0
146496,0
146497,0
146498,0
146499,1
146500,0
146501,0
146502,0
146503,0
146504,1
146505,0
146506,0
146507,0
146508,0
146509,0
146510,1
146511,0
146512,0
146513,0
146514,1
146515,0
146516,0
146517,1
146518,0
146519,0
146520,0
146521,1
146522,0
146523,0
146524,1
146525,0
146526,0
146527,0
146528,0
146529,0
146530,0
146531,0
146532,0
146533,0
146534,0
146535,0
146536,0
146537,1
146538,0
146539,0
146540,1
146541,1
146542,0
146543,0
146544,0
146545,0
146546,0
146547,0
146548,0
146549,0
146550,0
146551,1
146552,0
146553,0
146554,0
146555,1
146556,0
146557,0
146558,0
146559,1
146560,0
146561,0
146562,0
146563,0
146564,0
146565,0
146566,0
146567,0
146568,0
146569,0
146570,0
146571,0
146572,0
146573,0
146574,0
146575,0
146576,0
146577,0
146578,0
146579,1
146580,0
146581,0
146582,0
146583,0
146584,0
146585,0
146586,1
146587,0
146588,0
146589,0
146590,0
146591,0
146592,0
146593,0
146594,0
146595,0
146596,0
146597,0
146598,0
146599,0
146600,0
146601,0
146602,1
146603,0
146604,0
146605,0
146606,0
146607,0
146608,0
146609,0
146610,1
146611,0
146612,0
146613,0
146614,0
146615,0
146616,0
146617,0
146618,0
146619,0
146620,0
146621,0
146622,1
146623,0
146624,0
146625,0
146626,0
146627,0
146628,0
146629,0
146630,0
146631,0
146632,0
146633,0
146634,0
146635,0
146636,0
146637,0
146638,0
146639,0
146640,0
146641,0
146642,0
146643,0
146644,0
146645,0
146646,1
146647,0
146648,1
146649,0
146650,0
146651,0
146652,0
146653,0
146654,0
146655,0
146656,0
146657,0
146658,0
146659,0
146660,0
146661,0
146662,0
146663,0
146664,1
146665,1
146666,0
146667,0
146668,0
146669,0
146670,0
146671,0
146672,0
146673,1
146674,0
146675,0
146676,1
146677,1
146678,0
146679,1
146680,0
146681,0
146682,0
146683,0
146684,0
146685,0
146686,0
146687,0
146688,0
146689,0
146690,0
146691,0
146692,0
146693,1
146694,0
146695,0
146696,0
146697,0
146698,0
146699,0
146700,1
146701,0
146702,0
146703,0
146704,0
146705,0
146706,0
146707,0
146708,0
146709,1
146710,0
146711,0
146712,0
146713,0
146714,0
146715,0
146716,0
146717,0
146718,0
146719,0
146720,0
146721,1
146722,1
146723,0
146724,0
146725,1
146726,0
146727,0
146728,0
146729,0
146730,0
146731,0
146732,0
146733,1
146734,0
146735,0
146736,0
146737,0
146738,0
146739,0
146740,0
146741,0
146742,0
146743,0
146744,0
146745,0
146746,0
146747,0
146748,0
146749,0
146750,0
146751,0
146752,0
146753,0
146754,0
146755,1
146756,0
146757,0
146758,0
146759,0
146760,0
146761,0
146762,0
146763,0
146764,0
146765,0
146766,0
146767,1
146768,0
146769,0
146770,1
146771,0
146772,1
146773,0
146774,0
146775,0
146776,0
146777,1
146778,0
146779,0
146780,0
146781,1
146782,0
146783,0
146784,0
146785,0
146786,0
146787,0
146788,0
146789,0
146790,1
146791,0
146792,0
146793,0
146794,0
146795,1
146796,0
146797,0
146798,0
146799,0
146800,0
146801,0
146802,0
146803,0
146804,0
146805,1
146806,1
146807,0
146808,1
146809,0
146810,0
146811,0
146812,0
146813,0
146814,0
146815,0
146816,0
146817,0
146818,0
146819,0
146820,0
146821,0
146822,0
146823,0
146824,0
146825,0
146826,1
146827,0
146828,0
146829,0
146830,0
146831,0
146832,0
146833,0
146834,0
146835,0
146836,1
146837,0
146838,1
146839,0
146840,0
146841,0
146842,0
146843,0
146844,0
146845,0
146846,0
146847,1
146848,0
146849,0
146850,0
146851,0
146852,0
146853,0
146854,0
146855,0
146856,0
146857,0
146858,0
146859,1
146860,0
146861,0
146862,0
146863,0
146864,0
146865,0
146866,0
146867,0
146868,0
146869,0
146870,0
146871,0
146872,0
146873,1
146874,0
146875,0
146876,0
146877,0
146878,1
146879,0
146880,0
146881,0
146882,0
146883,0
146884,0
146885,0
146886,0
146887,0
146888,0
146889,0
146890,0
146891,0
146892,0
146893,0
146894,0
146895,0
146896,1
146897,0
146898,0
146899,0
146900,0
146901,0
146902,0
146903,0
146904,0
146905,1
146906,0
146907,0
146908,0
146909,0
146910,0
146911,0
146912,0
146913,1
146914,1
146915,0
146916,0
146917,0
146918,0
146919,0
146920,0
146921,0
146922,0
146923,0
146924,0
146925,0
146926,0
146927,0
146928,0
146929,0
146930,0
146931,1
146932,0
146933,0
146934,1
146935,0
146936,0
146937,0
146938,1
146939,0
146940,0
146941,0
146942,0
146943,0
146944,0
146945,0
146946,0
146947,0
146948,0
146949,0
146950,0
146951,1
146952,0
146953,0
146954,0
146955,0
146956,0
146957,0
146958,0
146959,0
146960,0
146961,0
146962,1
146963,1
146964,0
146965,0
146966,0
146967,0
146968,0
146969,0
146970,0
146971,0
146972,0
146973,1
146974,0
146975,0
146976,0
146977,0
146978,0
146979,0
146980,0
146981,0
146982,0
146983,0
146984,0
146985,0
146986,0
146987,0
146988,0
146989,0
146990,0
146991,0
146992,0
146993,0
146994,0
146995,1
146996,1
146997,0
146998,0
146999,0
147000,0
147001,0
147002,0
147003,0
147004,0
147005,0
147006,0
147007,0
147008,0
147009,0
147010,1
147011,0
147012,0
147013,0
147014,0
147015,0
147016,0
147017,0
147018,0
147019,1
147020,0
147021,0
147022,0
147023,0
147024,0
147025,0
147026,0
147027,0
147028,0
147029,1
147030,0
147031,0
147032,0
147033,0
147034,0
147035,0
147036,0
147037,0
147038,0
147039,0
147040,0
147041,0
147042,0
147043,0
147044,0
147045,0
147046,0
147047,0
147048,0
147049,1
147050,0
147051,0
147052,0
147053,1
147054,0
147055,0
147056,0
147057,1
147058,0
147059,0
147060,0
147061,0
147062,0
147063,0
147064,0
147065,0
147066,0
147067,0
147068,0
147069,0
147070,0
147071,0
147072,0
147073,1
147074,0
147075,0
147076,0
147077,0
147078,0
147079,0
147080,0
147081,0
147082,1
147083,0
147084,0
147085,1
147086,0
147087,0
147088,0
147089,0
147090,0
147091,0
147092,0
147093,0
147094,0
147095,0
147096,0
147097,0
147098,0
147099,0
147100,0
147101,0
147102,0
147103,0
147104,0
147105,1
147106,0
147107,0
147108,1
147109,0
147110,0
147111,0
147112,0
147113,0
147114,0
147115,0
147116,0
147117,0
147118,0
147119,0
147120,0
147121,0
147122,0
147123,0
147124,0
147125,0
147126,0
147127,0
147128,0
147129,0
147130,0
147131,0
147132,0
147133,0
147134,0
147135,0
147136,0
147137,0
147138,0
147139,0
147140,0
147141,0
147142,1
147143,0
147144,0
147145,1
147146,0
147147,0
147148,0
147149,0
147150,0
147151,0
147152,1
147153,0
147154,0
147155,1
147156,0
147157,0
147158,1
147159,1
147160,0
147161,0
147162,0
147163,0
147164,0
147165,0
147166,0
147167,0
147168,1
147169,0
147170,0
147171,1
147172,1
147173,0
147174,0
147175,0
147176,0
147177,0
147178,0
147179,0
147180,0
147181,0
147182,0
147183,0
147184,0
147185,0
147186,0
147187,0
147188,0
147189,0
147190,0
147191,0
147192,0
147193,0
147194,0
147195,0
147196,1
147197,0
147198,1
147199,0
147200,0
147201,0
147202,0
147203,0
147204,1
147205,0
147206,1
147207,1
147208,0
147209,0
147210,0
147211,0
147212,1
147213,0
147214,0
147215,0
147216,0
147217,0
147218,0
147219,0
147220,0
147221,0
147222,1
147223,0
147224,0
147225,0
147226,0
147227,0
147228,0
147229,0
147230,0
147231,0
147232,0
147233,0
147234,1
147235,0
147236,0
147237,0
147238,0
147239,0
147240,0
147241,0
147242,0
147243,0
147244,0
147245,0
147246,0
147247,0
147248,0
147249,0
147250,0
147251,0
147252,0
147253,0
147254,0
147255,0
147256,0
147257,1
147258,1
147259,0
147260,0
147261,0
147262,0
147263,0
147264,0
147265,0
147266,1
147267,0
147268,0
147269,0
147270,0
147271,0
147272,0
147273,0
147274,0
147275,0
147276,0
147277,0
147278,0
147279,0
147280,1
147281,0
147282,0
147283,0
147284,1
147285,0
147286,0
147287,0
147288,0
147289,0
147290,0
147291,0
147292,0
147293,0
147294,0
147295,0
147296,0
147297,1
147298,0
147299,0
147300,0
147301,0
147302,0
147303,0
147304,0
147305,0
147306,0
147307,0
147308,0
147309,0
147310,0
147311,0
147312,0
147313,0
147314,0
147315,1
147316,0
147317,0
147318,0
147319,0
147320,0
147321,0
147322,0
147323,1
147324,0
147325,0
147326,0
147327,0
147328,0
147329,1
147330,0
147331,0
147332,0
147333,0
147334,0
147335,0
147336,0
147337,0
147338,0
147339,0
147340,0
147341,0
147342,0
147343,0
147344,0
147345,0
147346,0
147347,0
147348,0
147349,0
147350,0
147351,0
147352,0
147353,0
147354,0
147355,1
147356,0
147357,0
147358,1
147359,0
147360,0
147361,0
147362,0
147363,1
147364,0
147365,0
147366,1
147367,1
147368,0
147369,0
147370,0
147371,0
147372,1
147373,0
147374,0
147375,0
147376,0
147377,0
147378,0
147379,0
147380,0
147381,0
147382,1
147383,0
147384,0
147385,0
147386,0
147387,0
147388,0
147389,0
147390,0
147391,0
147392,0
147393,0
147394,0
147395,0
147396,0
147397,0
147398,0
147399,0
147400,0
147401,0
147402,0
147403,0
147404,0
147405,0
147406,0
147407,0
147408,0
147409,0
147410,0
147411,0
147412,0
147413,0
147414,0
147415,0
147416,0
147417,0
147418,0
147419,0
147420,0
147421,0
147422,0
147423,0
147424,0
147425,0
147426,0
147427,0
147428,0
147429,0
147430,0
147431,1
147432,0
147433,0
147434,0
147435,0
147436,0
147437,0
147438,0
147439,0
147440,0
147441,0
147442,0
147443,0
147444,0
147445,0
147446,0
147447,0
147448,0
147449,0
147450,1
147451,0
147452,1
147453,1
147454,0
147455,0
147456,0
147457,0
147458,0
147459,0
147460,0
147461,0
147462,0
147463,1
147464,0
147465,0
147466,0
147467,0
147468,0
147469,0
147470,0
147471,0
147472,0
147473,0
147474,0
147475,0
147476,0
147477,0
147478,0
147479,0
147480,0
147481,0
147482,0
147483,0
147484,0
147485,0
147486,0
147487,1
147488,0
147489,0
147490,0
147491,0
147492,0
147493,0
147494,0
147495,0
147496,0
147497,1
147498,0
147499,0
147500,0
147501,0
147502,0
147503,0
147504,1
147505,0
147506,0
147507,0
147508,0
147509,0
147510,1
147511,0
147512,1
147513,1
147514,0
147515,0
147516,0
147517,0
147518,0
147519,0
147520,0
147521,0
147522,0
147523,0
147524,0
147525,0
147526,0
147527,0
147528,0
147529,0
147530,0
147531,0
147532,0
147533,0
147534,0
147535,0
147536,0
147537,0
147538,0
147539,1
147540,0
147541,0
147542,0
147543,0
147544,0
147545,1
147546,0
147547,0
147548,0
147549,0
147550,0
147551,0
147552,0
147553,0
147554,0
147555,0
147556,0
147557,0
147558,0
147559,0
147560,0
147561,0
147562,0
147563,0
147564,0
147565,0
147566,1
147567,0
147568,0
147569,0
147570,0
147571,0
147572,0
147573,1
147574,0
147575,0
147576,0
147577,0
147578,0
147579,0
147580,0
147581,0
147582,0
147583,0
147584,0
147585,1
147586,1
147587,0
147588,0
147589,0
147590,0
147591,0
147592,0
147593,0
147594,0
147595,0
147596,0
147597,0
147598,0
147599,0
147600,0
147601,0
147602,0
147603,0
147604,1
147605,0
147606,1
147607,0
147608,1
147609,0
147610,0
147611,0
147612,0
147613,0
147614,0
147615,0
147616,0
147617,1
147618,0
147619,0
147620,0
147621,0
147622,0
147623,1
147624,0
147625,0
147626,0
147627,0
147628,0
147629,0
147630,0
147631,0
147632,0
147633,0
147634,0
147635,0
147636,0
147637,0
147638,0
147639,0
147640,0
147641,0
147642,0
147643,0
147644,0
147645,0
147646,0
147647,0
147648,0
147649,0
147650,0
147651,0
147652,0
147653,0
147654,0
147655,0
147656,0
147657,0
147658,0
147659,0
147660,0
147661,0
147662,0
147663,0
147664,0
147665,0
147666,0
147667,1
147668,0
147669,0
147670,0
147671,0
147672,1
147673,0
147674,0
147675,0
147676,0
147677,0
147678,0
147679,0
147680,0
147681,1
147682,0
147683,0
147684,0
147685,0
147686,1
147687,0
147688,0
147689,0
147690,1
147691,0
147692,0
147693,1
147694,0
147695,0
147696,0
147697,0
147698,0
147699,0
147700,0
147701,0
147702,0
147703,0
147704,0
147705,0
147706,0
147707,1
147708,0
147709,0
147710,0
147711,0
147712,0
147713,0
147714,0
147715,0
147716,0
147717,0
147718,0
147719,1
147720,0
147721,0
147722,0
147723,0
147724,0
147725,0
147726,0
147727,0
147728,0
147729,0
147730,0
147731,0
147732,0
147733,0
147734,1
147735,0
147736,0
147737,0
147738,0
147739,0
147740,1
147741,0
147742,0
147743,0
147744,0
147745,0
147746,0
147747,0
147748,0
147749,0
147750,0
147751,0
147752,0
147753,0
147754,0
147755,0
147756,1
147757,0
147758,0
147759,1
147760,0
147761,0
147762,0
147763,0
147764,0
147765,0
147766,1
147767,1
147768,0
147769,0
147770,0
147771,0
147772,0
147773,1
147774,0
147775,0
147776,0
147777,0
147778,0
147779,0
147780,1
147781,0
147782,0
147783,0
147784,0
147785,0
147786,0
147787,0
147788,0
147789,0
147790,1
147791,0
147792,0
147793,0
147794,0
147795,0
147796,0
147797,0
147798,1
147799,0
147800,1
147801,0
147802,0
147803,0
147804,0
147805,0
147806,0
147807,1
147808,0
147809,0
147810,1
147811,0
147812,0
147813,0
147814,0
147815,0
147816,1
147817,0
147818,1
147819,0
147820,0
147821,0
147822,0
147823,0
147824,0
147825,0
147826,0
147827,0
147828,0
147829,0
147830,0
147831,0
147832,0
147833,0
147834,0
147835,0
147836,0
147837,0
147838,0
147839,0
147840,0
147841,0
147842,1
147843,0
147844,0
147845,0
147846,0
147847,1
147848,0
147849,0
147850,1
147851,0
147852,0
147853,0
147854,0
147855,0
147856,0
147857,0
147858,0
147859,0
147860,0
147861,0
147862,0
147863,0
147864,0
147865,0
147866,0
147867,0
147868,0
147869,0
147870,1
147871,0
147872,1
147873,0
147874,0
147875,0
147876,0
147877,0
147878,0
147879,0
147880,0
147881,0
147882,0
147883,0
147884,1
147885,0
147886,0
147887,1
147888,0
147889,0
147890,0
147891,0
147892,0
147893,0
147894,0
147895,0
147896,0
147897,1
147898,0
147899,0
147900,0
147901,0
147902,0
147903,0
147904,0
147905,0
147906,0
147907,0
147908,1
147909,0
147910,0
147911,0
147912,0
147913,0
147914,0
147915,0
147916,0
147917,0
147918,1
147919,0
147920,1
147921,0
147922,0
147923,0
147924,0
147925,0
147926,0
147927,0
147928,0
147929,0
147930,0
147931,0
147932,0
147933,0
147934,0
147935,0
147936,0
147937,0
147938,0
147939,0
147940,0
147941,0
147942,0
147943,0
147944,0
147945,0
147946,1
147947,0
147948,0
147949,0
147950,1
147951,0
147952,0
147953,0
147954,1
147955,0
147956,0
147957,0
147958,1
147959,0
147960,0
147961,0
147962,0
147963,0
147964,0
147965,0
147966,1
147967,0
147968,0
147969,1
147970,0
147971,0
147972,0
147973,0
147974,0
147975,1
147976,0
147977,0
147978,0
147979,0
147980,0
147981,0
147982,0
147983,0
147984,0
147985,1
147986,0
147987,0
147988,0
147989,0
147990,0
147991,0
147992,0
147993,0
147994,1
147995,0
147996,1
147997,0
147998,0
147999,0
148000,0
148001,0
148002,0
148003,0
148004,0
148005,0
148006,0
148007,1
148008,1
148009,0
148010,0
148011,1
148012,1
148013,1
148014,0
148015,0
148016,0
148017,0
148018,0
148019,0
148020,0
148021,1
148022,0
148023,0
148024,0
148025,0
148026,0
148027,0
148028,0
148029,0
148030,0
148031,0
148032,0
148033,0
148034,0
148035,1
148036,0
148037,0
148038,0
148039,0
148040,0
148041,0
148042,0
148043,0
148044,0
148045,0
148046,0
148047,0
148048,0
148049,0
148050,0
148051,0
148052,0
148053,0
148054,0
148055,1
148056,0
148057,0
148058,1
148059,0
148060,0
148061,0
148062,1
148063,0
148064,0
148065,0
148066,0
148067,0
148068,0
148069,0
148070,0
148071,0
148072,0
148073,0
148074,0
148075,0
148076,0
148077,0
148078,1
148079,0
148080,0
148081,0
148082,0
148083,1
148084,0
148085,0
148086,1
148087,1
148088,0
148089,0
148090,0
148091,0
148092,0
148093,0
148094,0
148095,0
148096,0
148097,0
148098,0
148099,0
148100,0
148101,0
148102,0
148103,1
148104,1
148105,0
148106,0
148107,0
148108,1
148109,0
148110,0
148111,0
148112,0
148113,0
148114,0
148115,0
148116,0
148117,0
148118,0
148119,0
148120,0
148121,0
148122,0
148123,1
148124,0
148125,0
148126,0
148127,0
148128,0
148129,0
148130,0
148131,0
148132,0
148133,1
148134,1
148135,0
148136,0
148137,0
148138,0
148139,0
148140,0
148141,0
148142,0
148143,0
148144,0
148145,0
148146,0
148147,1
148148,0
148149,0
148150,1
148151,0
148152,0
148153,0
148154,0
148155,0
148156,0
148157,1
148158,0
148159,0
148160,0
148161,0
148162,0
148163,1
148164,0
148165,0
148166,0
148167,0
148168,0
148169,0
148170,0
148171,0
148172,0
148173,0
148174,0
148175,0
148176,0
148177,0
148178,0
148179,1
148180,0
148181,0
148182,0
148183,0
148184,0
148185,0
148186,0
148187,0
148188,1
148189,0
148190,0
148191,0
148192,0
148193,0
148194,0
148195,0
148196,0
148197,0
148198,0
148199,0
148200,1
148201,1
148202,0
148203,0
148204,1
148205,0
148206,0
148207,0
148208,0
148209,0
148210,0
148211,0
148212,0
148213,0
148214,0
148215,0
148216,0
148217,0
148218,0
148219,0
148220,0
148221,1
148222,0
148223,0
148224,0
148225,0
148226,1
148227,0
148228,0
148229,0
148230,0
148231,1
148232,0
148233,0
148234,0
148235,0
148236,0
148237,0
148238,0
148239,0
148240,0
148241,0
148242,0
148243,1
148244,1
148245,0
148246,0
148247,0
148248,0
148249,0
148250,0
148251,0
148252,1
148253,0
148254,0
148255,0
148256,1
148257,0
148258,0
148259,0
148260,0
148261,0
148262,0
148263,1
148264,0
148265,1
148266,0
148267,0
148268,0
148269,0
148270,0
148271,0
148272,0
148273,0
148274,0
148275,0
148276,0
148277,0
148278,0
148279,0
148280,0
148281,0
148282,0
148283,0
148284,0
148285,0
148286,1
148287,0
148288,0
148289,0
148290,0
148291,0
148292,1
148293,0
148294,0
148295,0
148296,0
148297,0
148298,0
148299,0
148300,0
148301,0
148302,0
148303,0
148304,0
148305,0
148306,0
148307,0
148308,0
148309,0
148310,0
148311,1
148312,1
148313,0
148314,0
148315,0
148316,0
148317,0
148318,0
148319,0
148320,1
148321,0
148322,0
148323,0
148324,0
148325,0
148326,0
148327,0
148328,1
148329,0
148330,0
148331,0
148332,1
148333,1
148334,0
148335,0
148336,0
148337,0
148338,0
148339,0
148340,0
148341,0
148342,0
148343,0
148344,0
148345,0
148346,0
148347,0
148348,0
148349,0
148350,1
148351,0
148352,0
148353,0
148354,0
148355,1
148356,0
148357,0
148358,0
148359,1
148360,0
148361,0
148362,0
148363,0
148364,1
148365,0
148366,0
148367,0
148368,0
148369,0
148370,0
148371,0
148372,0
148373,0
148374,0
148375,0
148376,0
148377,0
148378,0
148379,0
148380,0
148381,0
148382,0
148383,0
148384,0
148385,1
148386,0
148387,0
148388,0
148389,0
148390,0
148391,0
148392,1
148393,0
148394,1
148395,0
148396,0
148397,1
148398,0
148399,0
148400,0
148401,0
148402,0
148403,0
148404,0
148405,0
148406,1
148407,0
148408,0
148409,0
148410,0
148411,0
148412,0
148413,0
148414,0
148415,0
148416,0
148417,0
148418,0
148419,0
148420,0
148421,0
148422,0
148423,0
148424,0
148425,0
148426,0
148427,0
148428,0
148429,0
148430,0
148431,1
148432,0
148433,0
148434,1
148435,0
148436,0
148437,0
148438,0
148439,0
148440,0
148441,0
148442,0
148443,1
148444,0
148445,0
148446,1
148447,0
148448,0
148449,0
148450,0
148451,0
148452,0
148453,0
148454,1
148455,1
148456,0
148457,0
148458,0
148459,0
148460,0
148461,0
148462,0
148463,0
148464,0
148465,0
148466,0
148467,1
148468,0
148469,0
148470,0
148471,0
148472,0
148473,0
148474,0
148475,0
148476,0
148477,0
148478,1
148479,0
148480,0
148481,0
148482,0
148483,0
148484,0
148485,0
148486,0
148487,0
148488,0
148489,0
148490,0
148491,0
148492,0
148493,0
148494,0
148495,0
148496,0
148497,0
148498,0
148499,0
148500,0
148501,0
148502,0
148503,0
148504,0
148505,0
148506,0
148507,0
148508,0
148509,0
148510,0
148511,0
148512,0
148513,0
148514,0
148515,0
148516,0
148517,0
148518,0
148519,0
148520,1
148521,1
148522,1
148523,0
148524,0
148525,0
148526,0
148527,0
148528,0
148529,0
148530,1
148531,0
148532,1
148533,0
148534,0
148535,0
148536,0
148537,0
148538,0
148539,0
148540,0
148541,0
148542,0
148543,1
148544,0
148545,0
148546,0
148547,0
148548,1
148549,0
148550,0
148551,0
148552,0
148553,0
148554,0
148555,0
148556,0
148557,0
148558,0
148559,0
148560,0
148561,0
148562,0
148563,0
148564,0
148565,0
148566,0
148567,0
148568,0
148569,0
148570,0
148571,0
148572,0
148573,1
148574,0
148575,0
148576,0
148577,0
148578,0
148579,0
148580,0
148581,0
148582,0
148583,0
148584,0
148585,0
148586,1
148587,0
148588,0
148589,0
148590,0
148591,0
148592,0
148593,0
148594,0
148595,0
148596,0
148597,0
148598,0
148599,0
148600,0
148601,0
148602,0
148603,0
148604,0
148605,0
148606,0
148607,0
148608,0
148609,1
148610,0
148611,1
148612,0
148613,0
148614,0
148615,0
148616,1
148617,0
148618,0
148619,0
148620,1
148621,0
148622,1
148623,0
148624,0
148625,0
148626,0
148627,0
148628,0
148629,0
148630,0
148631,0
148632,0
148633,0
148634,1
148635,0
148636,0
148637,0
148638,0
148639,0
148640,0
148641,0
148642,1
148643,1
148644,0
148645,0
148646,0
148647,0
148648,0
148649,0
148650,0
148651,0
148652,0
148653,0
148654,0
148655,0
148656,0
148657,0
148658,1
148659,0
148660,0
148661,0
148662,0
148663,0
148664,0
148665,0
148666,0
148667,0
148668,0
148669,0
148670,0
148671,0
148672,0
148673,0
148674,0
148675,0
148676,0
148677,0
148678,1
148679,0
148680,0
148681,0
148682,0
148683,0
148684,0
148685,0
148686,0
148687,0
148688,0
148689,0
148690,1
148691,0
148692,0
148693,0
148694,0
148695,1
148696,1
148697,0
148698,0
148699,0
148700,0
148701,0
148702,0
148703,0
148704,0
148705,0
148706,0
148707,0
148708,1
148709,0
148710,0
148711,0
148712,0
148713,0
148714,1
148715,0
148716,0
148717,1
148718,0
148719,0
148720,0
148721,0
148722,0
148723,0
148724,0
148725,0
148726,0
148727,0
148728,1
148729,0
148730,0
148731,0
148732,0
148733,0
148734,0
148735,0
148736,0
148737,0
148738,0
148739,0
148740,0
148741,0
148742,1
148743,0
148744,0
148745,1
148746,0
148747,0
148748,0
148749,0
148750,1
148751,0
148752,0
148753,0
148754,0
148755,0
148756,0
148757,0
148758,0
148759,0
148760,0
148761,0
148762,1
148763,0
148764,1
148765,0
148766,0
148767,0
148768,0
148769,0
148770,0
148771,1
148772,0
148773,0
148774,0
148775,0
148776,0
148777,0
148778,1
148779,0
148780,0
148781,0
148782,0
148783,1
148784,0
148785,0
148786,0
148787,0
148788,0
148789,0
148790,0
148791,0
148792,0
148793,0
148794,0
148795,0
148796,0
148797,0
148798,0
148799,0
148800,0
148801,0
148802,0
148803,0
148804,0
148805,0
148806,0
148807,0
148808,0
148809,0
148810,0
148811,0
148812,0
148813,0
148814,0
148815,0
148816,0
148817,0
148818,0
148819,1
148820,0
148821,1
148822,0
148823,0
148824,0
148825,0
148826,0
148827,0
148828,0
148829,0
148830,0
148831,0
148832,1
148833,0
148834,0
148835,0
148836,0
148837,0
148838,0
148839,0
148840,0
148841,0
148842,0
148843,0
148844,0
148845,1
148846,0
148847,0
148848,0
148849,0
148850,0
148851,1
148852,1
148853,0
148854,0
148855,0
148856,0
148857,1
148858,0
148859,0
148860,1
148861,0
148862,0
148863,0
148864,0
148865,1
148866,0
148867,0
148868,0
148869,0
148870,0
148871,0
148872,0
148873,0
148874,0
148875,0
148876,0
148877,0
148878,0
148879,0
148880,0
148881,0
148882,0
148883,0
148884,0
148885,0
148886,0
148887,0
148888,0
148889,0
148890,0
148891,0
148892,0
148893,0
148894,0
148895,0
148896,0
148897,0
148898,0
148899,1
148900,1
148901,1
148902,0
148903,1
148904,0
148905,0
148906,0
148907,0
148908,0
148909,0
148910,0
148911,0
148912,0
148913,0
148914,0
148915,0
148916,0
148917,0
148918,1
148919,0
148920,0
148921,0
148922,0
148923,0
148924,0
148925,0
148926,0
148927,0
148928,0
148929,0
148930,0
148931,0
148932,0
148933,0
148934,0
148935,0
148936,0
148937,0
148938,0
148939,0
148940,0
148941,0
148942,0
148943,0
148944,0
148945,0
148946,0
148947,0
148948,0
148949,0
148950,0
148951,0
148952,0
148953,0
148954,0
148955,0
148956,0
148957,0
148958,0
148959,0
148960,0
148961,1
148962,0
148963,0
148964,0
148965,0
148966,1
148967,0
148968,0
148969,0
148970,0
148971,0
148972,0
148973,0
148974,0
148975,0
148976,0
148977,0
148978,0
148979,0
148980,0
148981,0
148982,0
148983,1
148984,0
148985,0
148986,1
148987,0
148988,0
148989,0
148990,0
148991,0
148992,0
148993,1
148994,0
148995,0
148996,0
148997,0
148998,0
148999,0
149000,0
149001,1
149002,1
149003,0
149004,0
149005,0
149006,0
149007,0
149008,0
149009,0
149010,0
149011,1
149012,0
149013,0
149014,0
149015,0
149016,0
149017,0
149018,0
149019,0
149020,1
149021,0
149022,0
149023,1
149024,0
149025,0
149026,0
149027,0
149028,0
149029,0
149030,0
149031,0
149032,0
149033,1
149034,0
149035,0
149036,0
149037,0
149038,0
149039,0
149040,1
149041,0
149042,0
149043,0
149044,1
149045,0
149046,0
149047,0
149048,0
149049,0
149050,0
149051,0
149052,1
149053,0
149054,0
149055,0
149056,0
149057,0
149058,0
149059,0
149060,0
149061,0
149062,1
149063,0
149064,0
149065,0
149066,0
149067,0
149068,1
149069,0
149070,0
149071,0
149072,0
149073,0
149074,1
149075,0
149076,0
149077,0
149078,1
149079,0
149080,0
149081,0
149082,0
149083,0
149084,0
149085,0
149086,0
149087,0
149088,0
149089,1
149090,0
149091,0
149092,0
149093,0
149094,0
149095,0
149096,0
149097,0
149098,0
149099,0
149100,0
149101,0
149102,0
149103,0
149104,0
149105,0
149106,0
149107,0
149108,1
149109,0
149110,0
149111,0
149112,0
149113,1
149114,0
149115,0
149116,0
149117,0
149118,0
149119,0
149120,0
149121,0
149122,0
149123,0
149124,0
149125,0
149126,0
149127,0
149128,0
149129,0
149130,0
149131,0
149132,0
149133,0
149134,1
149135,1
149136,0
149137,0
149138,0
149139,0
149140,0
149141,0
149142,0
149143,0
149144,0
149145,0
149146,0
149147,0
149148,0
149149,1
149150,0
149151,0
149152,0
149153,1
149154,1
149155,0
149156,0
149157,0
149158,0
149159,0
149160,0
149161,0
149162,0
149163,1
149164,1
149165,0
149166,0
149167,0
149168,0
149169,0
149170,0
149171,1
149172,0
149173,0
149174,0
149175,0
149176,0
149177,0
149178,0
149179,0
149180,0
149181,0
149182,0
149183,0
149184,0
149185,1
149186,0
149187,0
149188,1
149189,1
149190,0
149191,0
149192,0
149193,0
149194,0
149195,0
149196,0
149197,0
149198,1
149199,0
149200,0
149201,0
149202,0
149203,0
149204,0
149205,0
149206,1
149207,1
149208,0
149209,0
149210,0
149211,0
149212,0
149213,0
149214,1
149215,0
149216,0
149217,0
149218,0
149219,0
149220,0
149221,0
149222,0
149223,0
149224,0
149225,0
149226,0
149227,0
149228,0
149229,0
149230,0
149231,0
149232,0
149233,0
149234,0
149235,0
149236,0
149237,0
149238,0
149239,0
149240,0
149241,0
149242,0
149243,1
149244,0
149245,0
149246,0
149247,1
149248,0
149249,0
149250,0
149251,1
149252,0
149253,1
149254,0
149255,1
149256,0
149257,0
149258,0
149259,0
149260,0
149261,0
149262,1
149263,0
149264,0
149265,0
149266,0
149267,0
149268,0
149269,0
149270,0
149271,0
149272,0
149273,0
149274,0
149275,0
149276,0
149277,1
149278,0
149279,0
149280,0
149281,0
149282,0
149283,0
149284,0
149285,0
149286,0
149287,0
149288,0
149289,0
149290,0
149291,0
149292,0
149293,0
149294,0
149295,0
149296,0
149297,0
149298,0
149299,1
149300,0
149301,0
149302,0
149303,0
149304,0
149305,0
149306,0
149307,0
149308,0
149309,0
149310,0
149311,0
149312,0
149313,0
149314,0
149315,0
149316,0
149317,0
149318,0
149319,0
149320,0
149321,1
149322,0
149323,0
149324,0
149325,0
149326,0
149327,0
149328,0
149329,0
149330,0
149331,0
149332,0
149333,0
149334,0
149335,0
149336,0
149337,0
149338,1
149339,0
149340,0
149341,0
149342,0
149343,0
149344,0
149345,0
149346,0
149347,0
149348,0
149349,0
149350,0
149351,1
149352,1
149353,0
149354,0
149355,0
149356,0
149357,0
149358,0
149359,0
149360,0
149361,0
149362,0
149363,0
149364,0
149365,0
149366,0
149367,0
149368,0
149369,0
149370,1
149371,0
149372,0
149373,0
149374,0
149375,0
149376,0
149377,0
149378,0
149379,0
149380,0
149381,0
149382,0
149383,1
149384,0
149385,0
149386,0
149387,0
149388,0
149389,0
149390,0
149391,0
149392,0
149393,0
149394,0
149395,0
149396,1
149397,0
149398,1
149399,0
149400,0
149401,0
149402,0
149403,0
149404,0
149405,0
149406,0
149407,0
149408,1
149409,0
149410,0
149411,0
149412,0
149413,0
149414,0
149415,0
149416,0
149417,0
149418,0
149419,0
149420,0
149421,0
149422,0
149423,0
149424,0
149425,1
149426,0
149427,0
149428,0
149429,0
149430,0
149431,0
149432,0
149433,0
149434,0
149435,0
149436,0
149437,0
149438,0
149439,0
149440,0
149441,0
149442,1
149443,0
149444,0
149445,0
149446,0
149447,0
149448,0
149449,0
149450,0
149451,0
149452,1
149453,0
149454,0
149455,0
149456,0
149457,0
149458,0
149459,0
149460,0
149461,0
149462,0
149463,0
149464,0
149465,0
149466,0
149467,0
149468,0
149469,1
149470,0
149471,0
149472,0
149473,0
149474,0
149475,0
149476,0
149477,0
149478,0
149479,0
149480,0
149481,0
149482,0
149483,1
149484,0
149485,0
149486,0
149487,0
149488,0
149489,0
149490,0
149491,0
149492,1
149493,1
149494,0
149495,0
149496,0
149497,1
149498,0
149499,0
149500,0
149501,0
149502,0
149503,1
149504,0
149505,1
149506,1
149507,0
149508,0
149509,0
149510,0
149511,0
149512,0
149513,0
149514,0
149515,0
149516,1
149517,0
149518,0
149519,0
149520,0
149521,1
149522,0
149523,0
149524,0
149525,1
149526,0
149527,1
149528,1
149529,0
149530,1
149531,0
149532,0
149533,0
149534,0
149535,1
149536,0
149537,0
149538,0
149539,0
149540,0
149541,0
149542,0
149543,0
149544,0
149545,0
149546,0
149547,0
149548,0
149549,0
149550,1
149551,0
149552,1
149553,0
149554,0
149555,0
149556,0
149557,0
149558,0
149559,1
149560,0
149561,0
149562,0
149563,0
149564,0
149565,0
149566,0
149567,0
149568,0
149569,0
149570,0
149571,0
149572,0
149573,0
149574,0
149575,0
149576,0
149577,0
149578,0
149579,0
149580,1
149581,0
149582,0
149583,0
149584,0
149585,0
149586,0
149587,0
149588,0
149589,0
149590,0
149591,0
149592,0
149593,0
149594,0
149595,0
149596,1
149597,0
149598,0
149599,0
149600,0
149601,0
149602,0
149603,1
149604,0
149605,0
149606,0
149607,0
149608,0
149609,0
149610,0
149611,0
149612,0
149613,0
149614,0
149615,0
149616,0
149617,0
149618,0
149619,0
149620,0
149621,0
149622,0
149623,0
149624,0
149625,0
149626,1
149627,0
149628,0
149629,0
149630,0
149631,0
149632,0
149633,0
149634,0
149635,0
149636,0
149637,0
149638,0
149639,0
149640,0
149641,0
149642,1
149643,0
149644,1
149645,0
149646,0
149647,0
149648,0
149649,0
149650,1
149651,0
149652,0
149653,0
149654,1
149655,0
149656,0
149657,0
149658,0
149659,0
149660,0
149661,0
149662,0
149663,0
149664,0
149665,0
149666,0
149667,0
149668,0
149669,0
149670,0
149671,0
149672,0
149673,0
149674,0
149675,0
149676,0
149677,1
149678,0
149679,0
149680,0
149681,0
149682,1
149683,0
149684,0
149685,0
149686,0
149687,0
149688,0
149689,0
149690,1
149691,0
149692,0
149693,0
149694,0
149695,0
149696,0
149697,0
149698,0
149699,1
149700,0
149701,0
149702,0
149703,1
149704,0
149705,0
149706,0
149707,0
149708,0
149709,0
149710,0
149711,0
149712,0
149713,0
149714,0
149715,0
149716,0
149717,0
149718,0
149719,0
149720,0
149721,0
149722,0
149723,0
149724,0
149725,0
149726,0
149727,0
149728,0
149729,0
149730,0
149731,0
149732,0
149733,0
149734,0
149735,0
149736,0
149737,0
149738,0
149739,0
149740,0
149741,0
149742,0
149743,0
149744,0
149745,0
149746,0
149747,0
149748,0
149749,0
149750,0
149751,0
149752,0
149753,0
149754,0
149755,0
149756,0
149757,0
149758,0
149759,1
149760,0
149761,0
149762,0
149763,0
149764,1
149765,0
149766,0
149767,1
149768,0
149769,0
149770,0
149771,0
149772,0
149773,0
149774,0
149775,0
149776,0
149777,0
149778,0
149779,0
149780,0
149781,1
149782,1
149783,0
149784,0
149785,0
149786,0
149787,0
149788,0
149789,0
149790,0
149791,0
149792,0
149793,0
149794,0
149795,0
149796,0
149797,0
149798,0
149799,0
149800,0
149801,0
149802,0
149803,0
149804,0
149805,0
149806,0
149807,1
149808,0
149809,0
149810,0
149811,0
149812,0
149813,0
149814,1
149815,0
149816,0
149817,0
149818,0
149819,0
149820,0
149821,0
149822,0
149823,0
149824,0
149825,0
149826,0
149827,1
149828,0
149829,0
149830,0
149831,0
149832,1
149833,0
149834,0
149835,0
149836,0
149837,1
149838,0
149839,0
149840,0
149841,0
149842,0
149843,0
149844,0
149845,1
149846,0
149847,0
149848,0
149849,0
149850,0
149851,0
149852,0
149853,0
149854,0
149855,0
149856,0
149857,0
149858,0
149859,0
149860,0
149861,0
149862,0
149863,0
149864,0
149865,0
149866,0
149867,1
149868,0
149869,0
149870,0
149871,0
149872,0
149873,0
149874,0
149875,0
149876,0
149877,0
149878,0
149879,1
149880,1
149881,0
149882,0
149883,0
149884,0
149885,0
149886,0
149887,0
149888,0
149889,0
149890,0
149891,0
149892,0
149893,0
149894,0
149895,0
149896,0
149897,0
149898,0
149899,0
149900,0
149901,0
149902,0
149903,1
149904,0
149905,0
149906,1
149907,0
149908,0
149909,0
149910,0
149911,0
149912,0
149913,0
149914,0
149915,0
149916,0
149917,0
149918,0
149919,0
149920,0
149921,0
149922,0
149923,0
149924,0
149925,0
149926,0
149927,0
149928,1
149929,0
149930,0
149931,0
149932,1
149933,0
149934,0
149935,0
149936,0
149937,1
149938,0
149939,1
149940,1
149941,0
149942,0
149943,0
149944,0
149945,0
149946,0
149947,0
149948,0
149949,0
149950,0
149951,0
149952,0
149953,1
149954,0
149955,0
149956,0
149957,0
149958,0
149959,0
149960,0
149961,0
149962,0
149963,0
149964,0
149965,0
149966,0
149967,0
149968,0
149969,1
149970,0
149971,0
149972,0
149973,0
149974,0
149975,0
149976,0
149977,0
149978,0
149979,0
149980,0
149981,0
149982,1
149983,0
149984,0
149985,0
149986,0
149987,0
149988,1
149989,0
149990,0
149991,1
149992,0
149993,0
149994,0
149995,0
149996,0
149997,0
149998,0
149999,1
150000,0
150001,0
150002,0
150003,0
150004,0
150005,1
150006,0
150007,0
150008,1
150009,1
150010,0
150011,0
150012,0
150013,1
150014,0
150015,0
150016,0
150017,0
150018,0
150019,0
150020,0
150021,0
150022,0
150023,0
150024,0
150025,0
150026,1
150027,0
150028,0
150029,0
150030,1
150031,0
150032,0
150033,0
150034,0
150035,0
150036,0
150037,1
150038,1
150039,1
150040,0
150041,0
150042,0
150043,1
150044,0
150045,0
150046,0
150047,1
150048,0
150049,0
150050,0
150051,0
150052,0
150053,0
150054,0
150055,0
150056,0
150057,0
150058,0
150059,1
150060,0
150061,0
150062,0
150063,0
150064,0
150065,0
150066,0
150067,0
150068,0
150069,0
150070,0
150071,0
150072,0
150073,0
150074,0
150075,0
150076,0
150077,0
150078,0
150079,0
150080,0
150081,0
150082,0
150083,0
150084,0
150085,0
150086,0
150087,0
150088,0
150089,0
150090,0
150091,0
150092,0
150093,0
150094,0
150095,0
150096,0
150097,1
150098,0
150099,0
150100,0
150101,0
150102,0
150103,0
150104,0
150105,0
150106,0
150107,0
150108,0
150109,0
150110,0
150111,0
150112,0
150113,0
150114,0
150115,0
150116,0
150117,0
150118,0
150119,0
150120,0
150121,0
150122,1
150123,0
150124,1
150125,0
150126,0
150127,0
150128,0
150129,0
150130,0
150131,0
150132,0
150133,0
150134,0
150135,0
150136,0
150137,0
150138,0
150139,0
150140,0
150141,0
150142,0
150143,0
150144,0
150145,0
150146,0
150147,0
150148,0
150149,0
150150,1
150151,0
150152,1
150153,0
150154,0
150155,0
150156,0
150157,0
150158,0
150159,0
150160,0
150161,0
150162,0
150163,0
150164,0
150165,0
150166,0
150167,0
150168,0
150169,0
150170,0
150171,0
150172,0
150173,0
150174,0
150175,0
150176,0
150177,0
150178,0
150179,0
150180,0
150181,0
150182,1
150183,0
150184,0
150185,0
150186,0
150187,0
150188,0
150189,1
150190,0
150191,0
150192,0
150193,1
150194,0
150195,0
150196,0
150197,0
150198,0
150199,0
150200,0
150201,0
150202,1
150203,0
150204,0
150205,0
150206,0
150207,0
150208,1
150209,0
150210,0
150211,0
150212,0
150213,0
150214,0
150215,1
150216,0
150217,0
150218,0
150219,0
150220,0
150221,0
150222,0
150223,0
150224,0
150225,0
150226,0
150227,0
150228,0
150229,0
150230,0
150231,0
150232,0
150233,0
150234,0
150235,0
150236,0
150237,0
150238,0
150239,0
150240,0
150241,0
150242,0
150243,0
150244,0
150245,0
150246,0
150247,0
150248,1
150249,0
150250,0
150251,0
150252,0
150253,0
150254,0
150255,0
150256,1
150257,0
150258,0
150259,0
150260,0
150261,0
150262,0
150263,0
150264,0
150265,1
150266,0
150267,0
150268,0
150269,0
150270,0
150271,0
150272,0
150273,0
150274,1
150275,0
150276,0
150277,0
150278,0
150279,0
150280,0
150281,0
150282,0
150283,0
150284,0
150285,0
150286,0
150287,0
150288,0
150289,0
150290,0
150291,0
150292,1
150293,0
150294,0
150295,0
150296,0
150297,0
150298,0
150299,1
150300,0
150301,0
150302,0
150303,0
150304,1
150305,0
150306,0
150307,0
150308,0
150309,0
150310,0
150311,0
150312,0
150313,1
150314,0
150315,0
150316,0
150317,0
150318,0
150319,0
150320,0
150321,0
150322,0
150323,1
150324,0
150325,0
150326,0
150327,0
150328,0
150329,0
150330,0
150331,0
150332,0
150333,0
150334,0
150335,0
150336,0
150337,0
150338,0
150339,1
150340,0
150341,0
150342,0
150343,0
150344,0
150345,0
150346,0
150347,0
150348,0
150349,0
150350,0
150351,0
150352,0
150353,0
150354,0
150355,0
150356,0
150357,0
150358,0
150359,0
150360,0
150361,0
150362,0
150363,0
150364,0
150365,0
150366,0
150367,0
150368,0
150369,0
150370,0
150371,0
150372,0
150373,1
150374,0
150375,0
150376,1
150377,1
150378,0
150379,0
150380,0
150381,0
150382,0
150383,0
150384,0
150385,1
150386,0
150387,0
150388,0
150389,0
150390,0
150391,0
150392,0
150393,0
150394,1
150395,0
150396,0
150397,0
150398,0
150399,0
150400,0
150401,0
150402,0
150403,0
150404,0
150405,0
150406,0
150407,0
150408,0
150409,0
150410,0
150411,0
150412,0
150413,0
150414,0
150415,0
150416,0
150417,0
150418,0
150419,1
150420,0
150421,0
150422,0
150423,1
150424,0
150425,0
150426,0
150427,0
150428,1
150429,0
150430,0
150431,0
150432,0
150433,0
150434,1
150435,0
150436,0
150437,0
150438,0
150439,0
150440,0
150441,0
150442,0
150443,0
150444,1
150445,0
150446,0
150447,0
150448,0
150449,0
150450,0
150451,0
150452,0
150453,0
150454,0
150455,0
150456,0
150457,0
150458,0
150459,0
150460,0
150461,0
150462,0
150463,0
150464,1
150465,0
150466,0
150467,0
150468,0
150469,0
150470,0
150471,0
150472,0
150473,0
150474,0
150475,1
150476,0
150477,0
150478,0
150479,0
150480,0
150481,0
150482,0
150483,0
150484,0
150485,0
150486,1
150487,0
150488,0
150489,0
150490,0
150491,0
150492,0
150493,0
150494,1
150495,0
150496,0
150497,0
150498,0
150499,0
150500,0
150501,1
150502,0
150503,0
150504,0
150505,0
150506,0
150507,0
150508,0
150509,0
150510,0
150511,0
150512,0
150513,0
150514,0
150515,0
150516,0
150517,1
150518,1
150519,0
150520,0
150521,0
150522,0
150523,0
150524,0
150525,0
150526,0
150527,0
150528,0
150529,0
150530,1
150531,0
150532,0
150533,0
150534,0
150535,0
150536,0
150537,0
150538,0
150539,0
150540,0
150541,0
150542,1
150543,0
150544,0
150545,0
150546,0
150547,1
150548,0
150549,0
150550,0
150551,1
150552,0
150553,1
150554,0
150555,0
150556,0
150557,0
150558,0
150559,0
150560,0
150561,0
150562,1
150563,0
150564,0
150565,0
150566,0
150567,1
150568,1
150569,0
150570,0
150571,0
150572,0
150573,0
150574,0
150575,0
150576,0
150577,1
150578,1
150579,0
150580,0
150581,0
150582,0
150583,0
150584,0
150585,0
150586,1
150587,0
150588,0
150589,0
150590,0
150591,1
150592,0
150593,0
150594,0
150595,1
150596,0
150597,1
150598,0
150599,0
150600,0
150601,0
150602,0
150603,0
150604,0
150605,0
150606,0
150607,0
150608,0
150609,1
150610,1
150611,0
150612,0
150613,0
150614,0
150615,0
150616,0
150617,0
150618,0
150619,0
150620,1
150621,1
150622,1
150623,0
150624,0
150625,0
150626,1
150627,0
150628,0
150629,0
150630,0
150631,0
150632,0
150633,0
150634,1
150635,0
150636,0
150637,0
150638,1
150639,0
150640,0
150641,0
150642,0
150643,1
150644,0
150645,0
150646,0
150647,0
150648,0
150649,1
150650,0
150651,0
150652,0
150653,0
150654,0
150655,0
150656,0
150657,0
150658,0
150659,0
150660,0
150661,0
150662,0
150663,1
150664,0
150665,0
150666,0
150667,0
150668,0
150669,0
150670,1
150671,0
150672,0
150673,0
150674,0
150675,0
150676,0
150677,0
150678,1
150679,0
150680,0
150681,0
150682,0
150683,0
150684,0
150685,0
150686,0
150687,0
150688,1
150689,0
150690,0
150691,0
150692,0
150693,0
150694,0
150695,0
150696,0
150697,0
150698,0
150699,0
150700,0
150701,0
150702,0
150703,0
150704,0
150705,1
150706,0
150707,1
150708,0
150709,0
150710,0
150711,0
150712,0
150713,0
150714,0
150715,0
150716,0
150717,0
150718,0
150719,0
150720,0
150721,0
150722,0
150723,0
150724,0
150725,0
150726,0
150727,1
150728,1
150729,1
150730,0
150731,0
150732,0
150733,1
150734,0
150735,0
150736,0
150737,0
150738,0
150739,0
150740,0
150741,0
150742,0
150743,0
150744,1
150745,0
150746,0
150747,1
150748,0
150749,0
150750,0
150751,0
150752,0
150753,0
150754,0
150755,0
150756,0
150757,0
150758,0
150759,1
150760,1
150761,0
150762,0
150763,0
150764,0
150765,0
150766,0
150767,0
150768,1
150769,0
150770,0
150771,0
150772,1
150773,0
150774,0
150775,0
150776,0
150777,0
150778,0
150779,0
150780,0
150781,0
150782,0
150783,0
150784,0
150785,0
150786,0
150787,0
150788,0
150789,0
150790,0
150791,0
150792,0
150793,0
150794,1
150795,1
150796,0
150797,1
150798,0
150799,0
150800,0
150801,0
150802,0
150803,0
150804,0
150805,0
150806,0
150807,0
150808,0
150809,0
150810,0
150811,1
150812,0
150813,0
150814,0
150815,0
150816,0
150817,0
150818,0
150819,1
150820,1
150821,0
150822,0
150823,0
150824,0
150825,0
150826,0
150827,0
150828,0
150829,0
150830,1
150831,0
150832,1
150833,0
150834,0
150835,0
150836,1
150837,1
150838,0
150839,0
150840,0
150841,0
150842,0
150843,1
150844,0
150845,0
150846,0
150847,1
150848,0
150849,0
150850,0
150851,0
150852,0
150853,1
150854,1
150855,0
150856,0
150857,0
150858,0
150859,0
150860,0
150861,0
150862,1
150863,0
150864,0
150865,0
150866,0
150867,0
150868,0
150869,0
150870,0
150871,1
150872,0
150873,1
150874,0
150875,0
150876,0
150877,0
150878,0
150879,0
150880,0
150881,0
150882,0
150883,0
150884,0
150885,0
150886,0
150887,1
150888,1
150889,0
150890,0
150891,0
150892,1
150893,0
150894,0
150895,0
150896,1
150897,0
150898,0
150899,0
150900,0
150901,0
150902,0
150903,0
150904,0
150905,0
150906,0
150907,0
150908,0
150909,0
150910,0
150911,0
150912,0
150913,0
150914,0
150915,0
150916,0
150917,0
150918,0
150919,0
150920,0
150921,1
150922,1
150923,0
150924,0
150925,0
150926,0
150927,0
150928,0
150929,0
150930,0
150931,1
150932,0
150933,0
150934,0
150935,0
150936,1
150937,0
150938,0
150939,0
150940,0
150941,1
150942,0
150943,1
150944,0
150945,0
150946,0
150947,0
150948,0
150949,0
150950,0
150951,0
150952,0
150953,0
150954,0
150955,0
150956,0
150957,0
150958,0
150959,0
150960,0
150961,0
150962,0
150963,0
150964,0
150965,0
150966,0
150967,0
150968,0
150969,0
150970,1
150971,0
150972,0
150973,0
150974,0
150975,0
150976,0
150977,0
150978,0
150979,0
150980,0
150981,1
150982,0
150983,0
150984,0
150985,0
150986,0
150987,0
150988,0
150989,0
150990,0
150991,0
150992,0
150993,0
150994,0
150995,0
150996,0
150997,0
150998,0
150999,1
151000,0
151001,0
151002,0
151003,0
151004,0
151005,0
151006,0
151007,0
151008,0
151009,0
151010,0
151011,0
151012,0
151013,0
151014,1
151015,0
151016,0
151017,0
151018,0
151019,0
151020,0
151021,0
151022,0
151023,0
151024,1
151025,0
151026,0
151027,0
151028,0
151029,0
151030,0
151031,1
151032,0
151033,0
151034,0
151035,0
151036,0
151037,0
151038,0
151039,1
151040,0
151041,0
151042,0
151043,0
151044,0
151045,0
151046,0
151047,0
151048,0
151049,0
151050,1
151051,0
151052,0
151053,0
151054,0
151055,0
151056,0
151057,1
151058,0
151059,0
151060,0
151061,0
151062,0
151063,0
151064,0
151065,0
151066,0
151067,0
151068,0
151069,0
151070,0
151071,0
151072,0
151073,0
151074,0
151075,0
151076,0
151077,0
151078,0
151079,0
151080,0
151081,0
151082,0
151083,0
151084,0
151085,0
151086,0
151087,1
151088,0
151089,0
151090,1
151091,0
151092,0
151093,0
151094,1
151095,0
151096,1
151097,0
151098,0
151099,0
151100,0
151101,1
151102,0
151103,0
151104,0
151105,0
151106,0
151107,0
151108,1
151109,0
151110,0
151111,1
151112,0
151113,0
151114,0
151115,0
151116,1
151117,0
151118,0
151119,0
151120,0
151121,0
151122,0
151123,0
151124,0
151125,0
151126,1
151127,0
151128,0
151129,0
151130,1
151131,0
151132,1
151133,0
151134,0
151135,0
151136,0
151137,0
151138,0
151139,0
151140,0
151141,0
151142,0
151143,0
151144,0
151145,0
151146,0
151147,0
151148,0
151149,0
151150,0
151151,0
151152,1
151153,0
151154,0
151155,0
151156,0
151157,0
151158,0
151159,1
151160,0
151161,0
151162,0
151163,0
151164,0
151165,0
151166,0
151167,0
151168,1
151169,0
151170,0
151171,0
151172,0
151173,1
151174,0
151175,0
151176,0
151177,0
151178,0
151179,0
151180,0
151181,0
151182,0
151183,1
151184,1
151185,0
151186,0
151187,0
151188,0
151189,0
151190,0
151191,0
151192,0
151193,0
151194,0
151195,1
151196,0
151197,0
151198,1
151199,0
151200,0
151201,0
151202,0
151203,1
151204,0
151205,0
151206,0
151207,0
151208,0
151209,0
151210,0
151211,0
151212,0
151213,0
151214,0
151215,1
151216,0
151217,0
151218,0
151219,0
151220,0
151221,0
151222,0
151223,0
151224,0
151225,0
151226,0
151227,0
151228,0
151229,0
151230,0
151231,0
151232,0
151233,0
151234,0
151235,0
151236,0
151237,0
151238,0
151239,0
151240,0
151241,0
151242,0
151243,0
151244,0
151245,0
151246,0
151247,0
151248,0
151249,0
151250,0
151251,0
151252,0
151253,0
151254,0
151255,0
151256,0
151257,0
151258,0
151259,0
151260,0
151261,0
151262,0
151263,0
151264,0
151265,0
151266,0
151267,0
151268,0
151269,0
151270,0
151271,0
151272,0
151273,0
151274,0
151275,0
151276,0
151277,0
151278,0
151279,0
151280,0
151281,0
151282,0
151283,0
151284,0
151285,0
151286,0
151287,1
151288,0
151289,0
151290,1
151291,1
151292,0
151293,0
151294,0
151295,0
151296,1
151297,0
151298,0
151299,0
151300,0
151301,0
151302,0
151303,0
151304,1
151305,0
151306,0
151307,0
151308,1
151309,0
151310,0
151311,0
151312,0
151313,1
151314,0
151315,0
151316,0
151317,0
151318,0
151319,0
151320,0
151321,0
151322,0
151323,0
151324,0
151325,0
151326,0
151327,0
151328,0
151329,0
151330,1
151331,0
151332,1
151333,1
151334,0
151335,0
151336,1
151337,0
151338,0
151339,0
151340,0
151341,0
151342,1
151343,0
151344,0
151345,0
151346,0
151347,0
151348,0
151349,0
151350,0
151351,0
151352,0
151353,1
151354,1
151355,0
151356,0
151357,0
151358,0
151359,0
151360,1
151361,0
151362,0
151363,0
151364,0
151365,0
151366,0
151367,0
151368,0
151369,0
151370,0
151371,0
151372,0
151373,0
151374,1
151375,0
151376,0
151377,0
151378,0
151379,0
151380,0
151381,0
151382,1
151383,0
151384,1
151385,0
151386,0
151387,0
151388,0
151389,0
151390,0
151391,0
151392,0
151393,0
151394,0
151395,0
151396,0
151397,0
151398,1
151399,0
151400,0
151401,0
151402,0
151403,0
151404,0
151405,0
151406,1
151407,0
151408,0
151409,1
151410,0
151411,0
151412,0
151413,0
151414,0
151415,0
151416,0
151417,1
151418,0
151419,0
151420,0
151421,0
151422,0
151423,0
151424,0
151425,0
151426,0
151427,0
151428,0
151429,0
151430,0
151431,0
151432,0
151433,0
151434,0
151435,0
151436,0
151437,0
151438,0
151439,0
151440,0
151441,0
151442,0
151443,0
151444,0
151445,0
151446,0
151447,1
151448,0
151449,0
151450,0
151451,0
151452,0
151453,0
151454,0
151455,0
151456,0
151457,0
151458,0
151459,1
151460,0
151461,0
151462,0
151463,0
151464,1
151465,0
151466,0
151467,0
151468,0
151469,0
151470,0
151471,0
151472,0
151473,0
151474,0
151475,0
151476,0
151477,0
151478,0
151479,1
151480,0
151481,0
151482,1
151483,0
151484,0
151485,0
151486,0
151487,0
151488,0
151489,0
151490,0
151491,0
151492,0
151493,0
151494,1
151495,0
151496,0
151497,0
151498,0
151499,0
151500,0
151501,0
151502,0
151503,0
151504,0
151505,0
151506,0
151507,0
151508,0
151509,0
151510,0
151511,0
151512,0
151513,0
151514,0
151515,0
151516,1
151517,0
151518,0
151519,0
151520,0
151521,1
151522,0
151523,1
151524,0
151525,1
151526,0
151527,0
151528,0
151529,0
151530,0
151531,0
151532,0
151533,0
151534,0
151535,0
151536,0
151537,0
151538,0
151539,0
151540,0
151541,0
151542,0
151543,0
151544,0
151545,0
151546,0
151547,0
151548,0
151549,0
151550,0
151551,1
151552,0
151553,0
151554,1
151555,0
151556,0
151557,0
151558,0
151559,0
151560,1
151561,0
151562,1
151563,0
151564,0
151565,0
151566,0
151567,0
151568,1
151569,0
151570,0
151571,0
151572,0
151573,0
151574,0
151575,1
151576,0
151577,0
151578,0
151579,0
151580,0
151581,0
151582,0
151583,0
151584,0
151585,0
151586,0
151587,0
151588,0
151589,0
151590,0
151591,0
151592,0
151593,0
151594,0
151595,0
151596,0
151597,0
151598,1
151599,0
151600,0
151601,0
151602,0
151603,0
151604,0
151605,0
151606,0
151607,0
151608,0
151609,0
151610,0
151611,0
151612,0
151613,0
151614,0
151615,0
151616,0
151617,0
151618,0
151619,0
151620,0
151621,0
151622,0
151623,0
151624,0
151625,1
151626,0
151627,0
151628,0
151629,0
151630,1
151631,0
151632,0
151633,1
151634,1
151635,0
151636,0
151637,0
151638,0
151639,0
151640,0
151641,0
151642,0
151643,0
151644,0
151645,1
151646,0
151647,0
151648,0
151649,0
151650,0
151651,0
151652,0
151653,0
151654,0
151655,0
151656,0
151657,0
151658,0
151659,0
151660,1
151661,0
151662,0
151663,0
151664,0
151665,0
151666,1
151667,1
151668,0
151669,0
151670,1
151671,0
151672,0
151673,0
151674,0
151675,0
151676,0
151677,0
151678,0
151679,0
151680,0
151681,0
151682,0
151683,0
151684,0
151685,0
151686,0
151687,0
151688,0
151689,1
151690,0
151691,1
151692,0
151693,0
151694,0
151695,0
151696,0
151697,0
151698,0
151699,0
151700,0
151701,0
151702,0
151703,0
151704,0
151705,0
151706,0
151707,0
151708,0
151709,0
151710,0
151711,0
151712,1
151713,0
151714,0
151715,0
151716,0
151717,0
151718,0
151719,0
151720,0
151721,1
151722,0
151723,0
151724,0
151725,0
151726,0
151727,0
151728,0
151729,1
151730,0
151731,0
151732,0
151733,0
151734,0
151735,0
151736,0
151737,1
151738,1
151739,1
151740,0
151741,1
151742,0
151743,0
151744,0
151745,0
151746,0
151747,0
151748,0
151749,0
151750,0
151751,0
151752,0
151753,0
151754,0
151755,0
151756,0
151757,0
151758,0
151759,0
151760,1
151761,0
151762,1
151763,0
151764,0
151765,0
151766,0
151767,0
151768,0
151769,0
151770,0
151771,1
151772,0
151773,0
151774,0
151775,0
151776,0
151777,0
151778,0
151779,0
151780,1
151781,0
151782,0
151783,0
151784,0
151785,0
151786,0
151787,1
151788,0
151789,0
151790,0
151791,0
151792,0
151793,0
151794,0
151795,0
151796,0
151797,0
151798,0
151799,0
151800,0
151801,0
151802,0
151803,0
151804,0
151805,0
151806,0
151807,0
151808,0
151809,0
151810,0
151811,0
151812,1
151813,0
151814,0
151815,0
151816,0
151817,0
151818,0
151819,0
151820,0
151821,0
151822,0
151823,0
151824,1
151825,1
151826,0
151827,0
151828,0
151829,0
151830,0
151831,1
151832,1
151833,0
151834,0
151835,1
151836,0
151837,1
151838,1
151839,0
151840,0
151841,1
151842,1
151843,0
151844,0
151845,0
151846,0
151847,0
151848,0
151849,0
151850,1
151851,0
151852,0
151853,0
151854,0
151855,0
151856,0
151857,0
151858,0
151859,0
151860,0
151861,0
151862,0
151863,0
151864,0
151865,0
151866,0
151867,0
151868,0
151869,0
151870,0
151871,0
151872,0
151873,0
151874,0
151875,0
151876,0
151877,0
151878,0
151879,0
151880,0
151881,0
151882,1
151883,0
151884,0
151885,0
151886,0
151887,0
151888,0
151889,1
151890,0
151891,0
151892,0
151893,0
151894,0
151895,0
151896,0
151897,0
151898,0
151899,0
151900,1
151901,0
151902,0
151903,0
151904,0
151905,0
151906,0
151907,0
151908,0
151909,1
151910,0
151911,0
151912,0
151913,0
151914,0
151915,0
151916,0
151917,0
151918,0
151919,0
151920,0
151921,0
151922,0
151923,0
151924,0
151925,0
151926,1
151927,0
151928,0
151929,0
151930,0
151931,0
151932,0
151933,0
151934,0
151935,0
151936,1
151937,0
151938,0
151939,0
151940,0
151941,0
151942,0
151943,0
151944,0
151945,0
151946,0
151947,0
151948,0
151949,0
151950,1
151951,0
151952,1
151953,0
151954,0
151955,0
151956,0
151957,0
151958,0
151959,0
151960,0
151961,1
151962,1
151963,0
151964,0
151965,0
151966,0
151967,0
151968,1
151969,0
151970,0
151971,0
151972,0
151973,0
151974,0
151975,0
151976,0
151977,0
151978,0
151979,0
151980,0
151981,0
151982,0
151983,0
151984,1
151985,0
151986,0
151987,0
151988,0
151989,1
151990,0
151991,0
151992,0
151993,1
151994,0
151995,0
151996,0
151997,0
151998,0
151999,0
152000,0
152001,1
152002,0
152003,0
152004,1
152005,0
152006,0
152007,1
152008,0
152009,0
152010,0
152011,0
152012,0
152013,0
152014,1
152015,0
152016,0
152017,0
152018,0
152019,0
152020,0
152021,0
152022,0
152023,0
152024,0
152025,0
152026,0
152027,0
152028,0
152029,0
152030,0
152031,0
152032,0
152033,0
152034,1
152035,0
152036,0
152037,0
152038,0
152039,0
152040,0
152041,0
152042,0
152043,0
152044,0
152045,0
152046,0
152047,0
152048,0
152049,0
152050,0
152051,0
152052,0
152053,0
152054,0
152055,0
152056,0
152057,0
152058,0
152059,0
152060,0
152061,0
152062,0
152063,0
152064,0
152065,0
152066,0
152067,0
152068,1
152069,0
152070,0
152071,1
152072,0
152073,0
152074,0
152075,0
152076,0
152077,0
152078,0
152079,0
152080,0
152081,0
152082,0
152083,0
152084,0
152085,0
152086,0
152087,0
152088,0
152089,0
152090,0
152091,0
152092,0
152093,1
152094,0
152095,0
152096,1
152097,0
152098,0
152099,0
152100,1
152101,0
152102,0
152103,0
152104,1
152105,0
152106,0
152107,0
152108,0
152109,0
152110,0
152111,0
152112,0
152113,0
152114,0
152115,0
152116,0
152117,1
152118,0
152119,0
152120,0
152121,0
152122,0
152123,0
152124,1
152125,0
152126,0
152127,0
152128,0
152129,0
152130,1
152131,1
152132,0
152133,0
152134,0
152135,0
152136,0
152137,0
152138,0
152139,0
152140,0
152141,0
152142,0
152143,0
152144,0
152145,0
152146,0
152147,0
152148,0
152149,0
152150,0
152151,0
152152,0
152153,0
152154,0
152155,0
152156,0
152157,0
152158,0
152159,1
152160,0
152161,0
152162,0
152163,0
152164,0
152165,0
152166,0
152167,0
152168,0
152169,0
152170,0
152171,0
152172,1
152173,0
152174,0
152175,0
152176,0
152177,0
152178,0
152179,0
152180,1
152181,0
152182,0
152183,0
152184,0
152185,0
152186,0
152187,0
152188,0
152189,0
152190,0
152191,1
152192,0
152193,0
152194,1
152195,0
152196,0
152197,1
152198,0
152199,0
152200,0
152201,0
152202,0
152203,0
152204,0
152205,0
152206,0
152207,0
152208,0
152209,0
152210,0
152211,0
152212,0
152213,0
152214,0
152215,0
152216,1
152217,0
152218,0
152219,1
152220,0
152221,0
152222,0
152223,0
152224,0
152225,0
152226,0
152227,0
152228,0
152229,0
152230,0
152231,0
152232,0
152233,0
152234,0
152235,0
152236,0
152237,0
152238,0
152239,0
152240,0
152241,0
152242,0
152243,0
152244,0
152245,0
152246,0
152247,0
152248,0
152249,0
152250,0
152251,0
152252,0
152253,0
152254,0
152255,0
152256,0
152257,0
152258,0
152259,0
152260,0
152261,0
152262,0
152263,0
152264,0
152265,0
152266,0
152267,1
152268,0
152269,0
152270,1
152271,0
152272,0
152273,0
152274,0
152275,0
152276,0
152277,0
152278,1
152279,0
152280,0
152281,0
152282,0
152283,1
152284,0
152285,0
152286,0
152287,0
152288,0
152289,0
152290,0
152291,0
152292,0
152293,0
152294,0
152295,0
152296,0
152297,1
152298,0
152299,0
152300,0
152301,0
152302,0
152303,0
152304,0
152305,1
152306,0
152307,0
152308,0
152309,1
152310,0
152311,0
152312,1
152313,0
152314,0
152315,1
152316,0
152317,0
152318,1
152319,0
152320,1
152321,0
152322,1
152323,0
152324,0
152325,1
152326,1
152327,0
152328,0
152329,0
152330,0
152331,0
152332,0
152333,0
152334,0
152335,0
152336,0
152337,0
152338,0
152339,0
152340,0
152341,0
152342,0
152343,0
152344,0
152345,1
152346,0
152347,0
152348,0
152349,0
152350,0
152351,1
152352,0
152353,0
152354,0
152355,0
152356,0
152357,0
152358,0
152359,0
152360,0
152361,0
152362,0
152363,0
152364,1
152365,0
152366,0
152367,1
152368,0
152369,0
152370,0
152371,0
152372,0
152373,0
152374,0
152375,1
152376,0
152377,1
152378,0
152379,0
152380,0
152381,1
152382,0
152383,0
152384,0
152385,0
152386,0
152387,0
152388,0
152389,0
152390,0
152391,0
152392,0
152393,0
152394,0
152395,1
152396,0
152397,0
152398,0
152399,0
152400,0
152401,0
152402,0
152403,0
152404,0
152405,0
152406,1
152407,0
152408,0
152409,0
152410,1
152411,0
152412,0
152413,0
152414,0
152415,0
152416,0
152417,0
152418,0
152419,1
152420,0
152421,0
152422,1
152423,1
152424,0
152425,0
152426,0
152427,0
152428,0
152429,0
152430,0
152431,0
152432,0
152433,0
152434,0
152435,0
152436,0
152437,0
152438,0
152439,0
152440,1
152441,0
152442,0
152443,0
152444,0
152445,0
152446,1
152447,0
152448,0
152449,0
152450,0
152451,0
152452,0
152453,0
152454,0
152455,0
152456,0
152457,0
152458,0
152459,0
152460,0
152461,0
152462,0
152463,0
152464,0
152465,0
152466,0
152467,0
152468,0
152469,1
152470,0
152471,1
152472,1
152473,0
152474,0
152475,1
152476,0
152477,0
152478,0
152479,0
152480,0
152481,0
152482,0
152483,0
152484,0
152485,0
152486,0
152487,0
152488,0
152489,0
152490,1
152491,0
152492,0
152493,0
152494,0
152495,0
152496,1
152497,0
152498,0
152499,0
152500,0
152501,0
152502,0
152503,1
152504,0
152505,0
152506,0
152507,0
152508,0
152509,0
152510,1
152511,0
152512,0
152513,0
152514,0
152515,0
152516,0
152517,0
152518,0
152519,0
152520,0
152521,0
152522,0
152523,0
152524,0
152525,0
152526,0
152527,0
152528,0
152529,0
152530,0
152531,0
152532,0
152533,0
152534,0
152535,0
152536,0
152537,0
152538,0
152539,1
152540,0
152541,0
152542,0
152543,0
152544,0
152545,1
152546,0
152547,0
152548,0
152549,0
152550,0
152551,0
152552,0
152553,0
152554,0
152555,0
152556,0
152557,0
152558,0
152559,0
152560,0
152561,1
152562,0
152563,0
152564,1
152565,0
152566,0
152567,0
152568,0
152569,1
152570,0
152571,0
152572,0
152573,1
152574,0
152575,1
152576,0
152577,0
152578,0
152579,0
152580,0
152581,0
152582,0
152583,1
152584,0
152585,0
152586,0
152587,0
152588,0
152589,0
152590,0
152591,0
152592,0
152593,0
152594,0
152595,0
152596,0
152597,1
152598,0
152599,0
152600,1
152601,0
152602,1
152603,0
152604,0
152605,0
152606,0
152607,0
152608,0
152609,0
152610,0
152611,0
152612,0
152613,0
152614,0
152615,0
152616,0
152617,0
152618,1
152619,1
152620,1
152621,0
152622,0
152623,0
152624,0
152625,0
152626,0
152627,0
152628,1
152629,0
152630,0
152631,1
152632,0
152633,1
152634,1
152635,0
152636,0
152637,0
152638,0
152639,0
152640,0
152641,0
152642,0
152643,0
152644,0
152645,0
152646,0
152647,0
152648,0
152649,0
152650,0
152651,1
152652,0
152653,0
152654,0
152655,0
152656,0
152657,0
152658,0
152659,1
152660,0
152661,0
152662,0
152663,0
152664,0
152665,0
152666,0
152667,1
152668,0
152669,0
152670,0
152671,0
152672,0
152673,0
152674,0
152675,1
152676,0
152677,0
152678,0
152679,0
152680,1
152681,0
152682,0
152683,0
152684,1
152685,0
152686,0
152687,1
152688,0
152689,0
152690,0
152691,0
152692,0
152693,1
152694,0
152695,1
152696,0
152697,0
152698,0
152699,0
152700,0
152701,0
152702,0
152703,0
152704,0
152705,0
152706,0
152707,0
152708,0
152709,0
152710,1
152711,1
152712,0
152713,0
152714,0
152715,0
152716,0
152717,0
152718,0
152719,0
152720,0
152721,0
152722,0
152723,1
152724,0
152725,0
152726,0
152727,0
152728,0
152729,0
152730,0
152731,0
152732,0
152733,0
152734,0
152735,0
152736,0
152737,1
152738,0
152739,0
152740,0
152741,0
152742,0
152743,0
152744,0
152745,1
152746,0
152747,0
152748,0
152749,0
152750,0
152751,0
152752,0
152753,0
152754,0
152755,0
152756,0
152757,0
152758,1
152759,0
152760,1
152761,0
152762,0
152763,0
152764,0
152765,0
152766,0
152767,0
152768,0
152769,0
152770,0
152771,0
152772,0
152773,0
152774,0
152775,0
152776,0
152777,0
152778,0
152779,1
152780,0
152781,0
152782,0
152783,0
152784,0
152785,0
152786,1
152787,1
152788,0
152789,0
152790,0
152791,0
152792,0
152793,1
152794,0
152795,1
152796,0
152797,0
152798,1
152799,0
152800,0
152801,0
152802,0
152803,0
152804,0
152805,0
152806,0
152807,0
152808,1
152809,0
152810,1
152811,0
152812,0
152813,0
152814,0
152815,0
152816,0
152817,0
152818,0
152819,0
152820,0
152821,0
152822,0
152823,0
152824,0
152825,0
152826,0
152827,0
152828,0
152829,0
152830,0
152831,0
152832,0
152833,0
152834,0
152835,0
152836,0
152837,0
152838,0
152839,0
152840,0
152841,0
152842,0
152843,0
152844,0
152845,0
152846,0
152847,0
152848,0
152849,0
152850,0
152851,0
152852,0
152853,0
152854,0
152855,0
152856,0
152857,0
152858,0
152859,0
152860,0
152861,0
152862,0
152863,0
152864,1
152865,0
152866,0
152867,0
152868,0
152869,0
152870,1
152871,1
152872,0
152873,1
152874,0
152875,0
152876,0
152877,0
152878,0
152879,0
152880,0
152881,0
152882,1
152883,0
152884,0
152885,0
152886,0
152887,0
152888,0
152889,0
152890,0
152891,1
152892,0
152893,0
152894,0
152895,1
152896,0
152897,0
152898,0
152899,0
152900,0
152901,0
152902,1
152903,0
152904,0
152905,0
152906,0
152907,0
152908,1
152909,0
152910,0
152911,0
152912,0
152913,0
152914,0
152915,0
152916,1
152917,0
152918,1
152919,0
152920,0
152921,0
152922,0
152923,0
152924,1
152925,0
152926,0
152927,0
152928,0
152929,0
152930,0
152931,0
152932,0
152933,0
152934,0
152935,0
152936,0
152937,0
152938,0
152939,0
152940,0
152941,1
152942,0
152943,0
152944,0
152945,0
152946,0
152947,0
152948,0
152949,0
152950,0
152951,0
152952,0
152953,0
152954,0
152955,0
152956,0
152957,1
152958,0
152959,0
152960,0
152961,0
152962,0
152963,1
152964,0
152965,0
152966,0
152967,0
152968,0
152969,0
152970,0
152971,0
152972,0
152973,0
152974,1
152975,0
152976,0
152977,0
152978,1
152979,0
152980,1
152981,0
152982,1
152983,0
152984,0
152985,0
152986,0
152987,0
152988,0
152989,0
152990,0
152991,0
152992,0
152993,0
152994,0
152995,0
152996,0
152997,0
152998,0
152999,0
153000,0
153001,0
153002,0
153003,0
153004,0
153005,0
153006,0
153007,0
153008,0
153009,0
153010,0
153011,0
153012,0
153013,0
153014,0
153015,0
153016,0
153017,0
153018,0
153019,0
153020,0
153021,1
153022,0
153023,1
153024,0
153025,1
153026,0
153027,0
153028,0
153029,0
153030,0
153031,0
153032,0
153033,0
153034,0
153035,0
153036,0
153037,0
153038,0
153039,0
153040,1
153041,0
153042,0
153043,0
153044,0
153045,0
153046,0
153047,0
153048,0
153049,0
153050,0
153051,0
153052,0
153053,0
153054,0
153055,0
153056,0
153057,0
153058,0
153059,0
153060,0
153061,1
153062,0
153063,1
153064,0
153065,0
153066,0
153067,0
153068,0
153069,0
153070,0
153071,0
153072,0
153073,0
153074,0
153075,0
153076,0
153077,0
153078,0
153079,0
153080,0
153081,0
153082,0
153083,1
153084,0
153085,0
153086,0
153087,0
153088,0
153089,0
153090,0
153091,0
153092,0
153093,1
153094,0
153095,0
153096,0
153097,0
153098,0
153099,0
153100,0
153101,0
153102,0
153103,0
153104,0
153105,0
153106,1
153107,0
153108,0
153109,0
153110,0
153111,0
153112,0
153113,0
153114,0
153115,0
153116,0
153117,0
153118,0
153119,1
153120,1
153121,0
153122,0
153123,0
153124,0
153125,0
153126,1
153127,1
153128,0
153129,0
153130,0
153131,0
153132,0
153133,0
153134,0
153135,0
153136,0
153137,0
153138,0
153139,0
153140,0
153141,0
153142,0
153143,1
153144,0
153145,0
153146,0
153147,0
153148,0
153149,1
153150,0
153151,0
153152,0
153153,0
153154,0
153155,0
153156,1
153157,0
153158,1
153159,0
153160,0
153161,0
153162,0
153163,1
153164,0
153165,0
153166,0
153167,0
153168,0
153169,0
153170,0
153171,0
153172,0
153173,0
153174,0
153175,0
153176,1
153177,0
153178,0
153179,0
153180,0
153181,0
153182,0
153183,0
153184,0
153185,0
153186,0
153187,0
153188,0
153189,0
153190,0
153191,1
153192,0
153193,0
153194,1
153195,0
153196,0
153197,0
153198,1
153199,0
153200,0
153201,0
153202,0
153203,0
153204,0
153205,0
153206,0
153207,0
153208,0
153209,0
153210,0
153211,1
153212,0
153213,0
153214,0
153215,0
153216,0
153217,0
153218,0
153219,0
153220,0
153221,1
153222,1
153223,0
153224,0
153225,0
153226,0
153227,0
153228,0
153229,1
153230,0
153231,0
153232,0
153233,0
153234,0
153235,0
153236,1
153237,0
153238,1
153239,0
153240,0
153241,0
153242,0
153243,0
153244,0
153245,0
153246,0
153247,0
153248,0
153249,0
153250,0
153251,0
153252,0
153253,0
153254,0
153255,0
153256,0
153257,0
153258,0
153259,0
153260,0
153261,0
153262,0
153263,0
153264,1
153265,0
153266,0
153267,0
153268,0
153269,0
153270,0
153271,0
153272,0
153273,0
153274,0
153275,0
153276,0
153277,0
153278,0
153279,1
153280,0
153281,0
153282,0
153283,0
153284,0
153285,0
153286,0
153287,0
153288,0
153289,0
153290,0
153291,0
153292,0
153293,1
153294,1
153295,0
153296,0
153297,0
153298,0
153299,0
153300,0
153301,0
153302,1
153303,0
153304,0
153305,0
153306,0
153307,0
153308,0
153309,0
153310,0
153311,0
153312,0
153313,0
153314,0
153315,0
153316,0
153317,0
153318,1
153319,0
153320,0
153321,0
153322,1
153323,0
153324,1
153325,0
153326,0
153327,0
153328,0
153329,0
153330,0
153331,1
153332,0
153333,0
153334,0
153335,0
153336,1
153337,0
153338,0
153339,0
153340,0
153341,0
153342,0
153343,0
153344,0
153345,0
153346,0
153347,1
153348,0
153349,0
153350,0
153351,0
153352,0
153353,1
153354,0
153355,0
153356,0
153357,0
153358,0
153359,0
153360,0
153361,0
153362,0
153363,1
153364,0
153365,0
153366,0
153367,0
153368,0
153369,0
153370,0
153371,1
153372,0
153373,0
153374,0
153375,0
153376,0
153377,0
153378,0
153379,0
153380,0
153381,0
153382,0
153383,0
153384,0
153385,0
153386,0
153387,0
153388,0
153389,0
153390,0
153391,0
153392,0
153393,0
153394,0
153395,1
153396,0
153397,0
153398,0
153399,0
153400,1
153401,0
153402,0
153403,0
153404,0
153405,0
153406,0
153407,0
153408,0
153409,1
153410,0
153411,0
153412,0
153413,0
153414,0
153415,0
153416,0
153417,1
153418,0
153419,1
153420,1
153421,0
153422,0
153423,0
153424,0
153425,0
153426,1
153427,0
153428,0
153429,1
153430,0
153431,1
153432,0
153433,0
153434,1
153435,0
153436,0
153437,0
153438,1
153439,1
153440,0
153441,0
153442,0
153443,0
153444,0
153445,0
153446,1
153447,0
153448,0
153449,0
153450,0
153451,0
153452,0
153453,0
153454,0
153455,0
153456,0
153457,0
153458,0
153459,0
153460,1
153461,0
153462,0
153463,0
153464,0
153465,0
153466,1
153467,0
153468,0
153469,0
153470,0
153471,0
153472,0
153473,0
153474,0
153475,0
153476,0
153477,0
153478,0
153479,0
153480,0
153481,0
153482,0
153483,0
153484,0
153485,0
153486,0
153487,0
153488,0
153489,0
153490,0
153491,0
153492,0
153493,0
153494,0
153495,0
153496,0
153497,0
153498,0
153499,0
153500,1
153501,0
153502,1
153503,0
153504,0
153505,0
153506,0
153507,0
153508,0
153509,0
153510,0
153511,0
153512,0
153513,0
153514,1
153515,0
153516,0
153517,0
153518,0
153519,0
153520,1
153521,0
153522,0
153523,0
153524,0
153525,0
153526,0
153527,1
153528,0
153529,1
153530,1
153531,1
153532,1
153533,0
153534,0
153535,0
153536,0
153537,1
153538,0
153539,0
153540,0
153541,0
153542,0
153543,0
153544,1
153545,1
153546,0
153547,0
153548,0
153549,0
153550,0
153551,0
153552,0
153553,0
153554,0
153555,0
153556,0
153557,0
153558,1
153559,0
153560,0
153561,1
153562,0
153563,0
153564,0
153565,0
153566,0
153567,0
153568,0
153569,0
153570,0
153571,0
153572,0
153573,0
153574,0
153575,0
153576,1
153577,0
153578,0
153579,1
153580,0
153581,1
153582,1
153583,0
153584,0
153585,0
153586,0
153587,0
153588,0
153589,0
153590,0
153591,0
153592,0
153593,0
153594,0
153595,0
153596,1
153597,0
153598,0
153599,0
153600,0
153601,0
153602,0
153603,0
153604,0
153605,0
153606,1
153607,0
153608,0
153609,1
153610,0
153611,0
153612,0
153613,0
153614,1
153615,0
153616,0
153617,0
153618,0
153619,0
153620,0
153621,1
153622,0
153623,0
153624,1
153625,0
153626,0
153627,0
153628,0
153629,0
153630,0
153631,1
153632,1
153633,0
153634,0
153635,0
153636,0
153637,0
153638,0
153639,0
153640,0
153641,0
153642,1
153643,0
153644,0
153645,1
153646,0
153647,1
153648,0
153649,0
153650,0
153651,1
153652,0
153653,0
153654,1
153655,0
153656,0
153657,0
153658,0
153659,0
153660,0
153661,0
153662,0
153663,0
153664,0
153665,0
153666,0
153667,0
153668,1
153669,0
153670,0
153671,0
153672,0
153673,0
153674,1
153675,0
153676,0
153677,0
153678,0
153679,0
153680,0
153681,0
153682,0
153683,0
153684,0
153685,1
153686,0
153687,0
153688,0
153689,0
153690,0
153691,0
153692,0
153693,0
153694,0
153695,1
153696,0
153697,0
153698,0
153699,0
153700,1
153701,0
153702,0
153703,0
153704,0
153705,0
153706,0
153707,0
153708,0
153709,0
153710,0
153711,0
153712,0
153713,0
153714,0
153715,0
153716,0
153717,0
153718,0
153719,0
153720,0
153721,0
153722,0
153723,0
153724,0
153725,0
153726,0
153727,0
153728,0
153729,0
153730,0
153731,0
153732,0
153733,1
153734,0
153735,0
153736,1
153737,1
153738,0
153739,1
153740,0
153741,0
153742,1
153743,0
153744,0
153745,0
153746,0
153747,0
153748,0
153749,0
153750,0
153751,1
153752,0
153753,0
153754,0
153755,0
153756,0
153757,0
153758,0
153759,0
153760,0
153761,0
153762,0
153763,0
153764,0
153765,0
153766,0
153767,0
153768,0
153769,0
153770,0
153771,0
153772,0
153773,0
153774,0
153775,0
153776,0
153777,0
153778,0
153779,0
153780,0
153781,0
153782,0
153783,0
153784,0
153785,0
153786,0
153787,0
153788,0
153789,0
153790,0
153791,0
153792,0
153793,0
153794,0
153795,0
153796,0
153797,0
153798,0
153799,0
153800,0
153801,0
153802,0
153803,0
153804,0
153805,0
153806,0
153807,0
153808,0
153809,0
153810,0
153811,0
153812,1
153813,0
153814,0
153815,0
153816,0
153817,0
153818,1
153819,0
153820,0
153821,1
153822,0
153823,0
153824,0
153825,0
153826,0
153827,0
153828,0
153829,0
153830,0
153831,0
153832,0
153833,0
153834,0
153835,0
153836,0
153837,0
153838,0
153839,0
153840,0
153841,0
153842,0
153843,0
153844,0
153845,1
153846,0
153847,0
153848,0
153849,0
153850,0
153851,0
153852,0
153853,1
153854,0
153855,0
153856,0
153857,0
153858,0
153859,0
153860,0
153861,0
153862,1
153863,0
153864,0
153865,0
153866,0
153867,1
153868,0
153869,1
153870,0
153871,0
153872,1
153873,0
153874,0
153875,0
153876,0
153877,0
153878,0
153879,1
153880,0
153881,0
153882,0
153883,1
153884,0
153885,0
153886,0
153887,0
153888,0
153889,0
153890,0
153891,0
153892,0
153893,0
153894,0
153895,0
153896,0
153897,0
153898,1
153899,0
153900,0
153901,0
153902,0
153903,0
153904,0
153905,0
153906,0
153907,0
153908,0
153909,0
153910,0
153911,0
153912,1
153913,0
153914,0
153915,0
153916,0
153917,0
153918,0
153919,0
153920,0
153921,0
153922,0
153923,0
153924,0
153925,0
153926,0
153927,0
153928,0
153929,0
153930,0
153931,0
153932,0
153933,0
153934,0
153935,0
153936,0
153937,0
153938,0
153939,0
153940,0
153941,0
153942,0
153943,0
153944,0
153945,0
153946,0
153947,0
153948,0
153949,0
153950,0
153951,1
153952,0
153953,0
153954,0
153955,0
153956,0
153957,0
153958,0
153959,0
153960,0
153961,0
153962,0
153963,0
153964,0
153965,0
153966,0
153967,0
153968,0
153969,0
153970,0
153971,0
153972,0
153973,0
153974,0
153975,1
153976,0
153977,0
153978,0
153979,0
153980,0
153981,0
153982,0
153983,0
153984,0
153985,0
153986,1
153987,0
153988,0
153989,0
153990,0
153991,1
153992,0
153993,0
153994,0
153995,0
153996,0
153997,0
153998,1
153999,0
154000,0
154001,0
154002,0
154003,0
154004,0
154005,0
154006,0
154007,0
154008,0
154009,0
154010,0
154011,0
154012,0
154013,0
154014,0
154015,0
154016,0
154017,0
154018,0
154019,0
154020,0
154021,0
154022,1
154023,0
154024,0
154025,0
154026,0
154027,0
154028,0
154029,0
154030,0
154031,0
154032,0
154033,0
154034,0
154035,0
154036,0
154037,0
154038,0
154039,0
154040,0
154041,1
154042,0
154043,0
154044,0
154045,0
154046,0
154047,0
154048,1
154049,0
154050,0
154051,0
154052,0
154053,0
154054,0
154055,0
154056,0
154057,1
154058,0
154059,0
154060,0
154061,0
154062,0
154063,0
154064,0
154065,0
154066,0
154067,0
154068,1
154069,0
154070,0
154071,0
154072,0
154073,0
154074,0
154075,0
154076,0
154077,0
154078,0
154079,0
154080,0
154081,0
154082,1
154083,0
154084,0
154085,1
154086,0
154087,0
154088,0
154089,0
154090,0
154091,0
154092,1
154093,0
154094,0
154095,0
154096,0
154097,0
154098,0
154099,0
154100,0
154101,0
154102,0
154103,0
154104,1
154105,0
154106,0
154107,0
154108,0
154109,0
154110,1
154111,1
154112,0
154113,0
154114,0
154115,0
154116,0
154117,0
154118,0
154119,0
154120,0
154121,0
154122,0
154123,0
154124,0
154125,0
154126,0
154127,0
154128,0
154129,0
154130,0
154131,1
154132,0
154133,0
154134,1
154135,0
154136,0
154137,0
154138,0
154139,0
154140,1
154141,0
154142,0
154143,1
154144,0
154145,0
154146,0
154147,0
154148,1
154149,0
154150,0
154151,0
154152,0
154153,0
154154,0
154155,0
154156,0
154157,0
154158,0
154159,0
154160,0
154161,1
154162,0
154163,1
154164,0
154165,0
154166,0
154167,0
154168,0
154169,0
154170,1
154171,0
154172,0
154173,0
154174,0
154175,0
154176,0
154177,0
154178,0
154179,0
154180,1
154181,0
154182,0
154183,0
154184,0
154185,1
154186,1
154187,0
154188,0
154189,0
154190,0
154191,0
154192,0
154193,0
154194,0
154195,0
154196,0
154197,0
154198,0
154199,0
154200,0
154201,1
154202,0
154203,1
154204,1
154205,0
154206,0
154207,1
154208,0
154209,0
154210,0
154211,0
154212,0
154213,0
154214,0
154215,0
154216,1
154217,0
154218,0
154219,0
154220,1
154221,1
154222,0
154223,0
154224,0
154225,0
154226,1
154227,0
154228,0
154229,0
154230,0
154231,0
154232,0
154233,0
154234,1
154235,0
154236,0
154237,0
154238,0
154239,0
154240,0
154241,0
154242,1
154243,1
154244,1
154245,0
154246,0
154247,0
154248,0
154249,0
154250,0
154251,0
154252,0
154253,0
154254,0
154255,0
154256,0
154257,0
154258,0
154259,1
154260,0
154261,0
154262,0
154263,0
154264,0
154265,0
154266,0
154267,0
154268,0
154269,0
154270,0
154271,0
154272,1
154273,0
154274,0
154275,0
154276,0
154277,0
154278,0
154279,0
154280,0
154281,0
154282,0
154283,0
154284,0
154285,1
154286,0
154287,0
154288,0
154289,0
154290,0
154291,0
154292,0
154293,0
154294,0
154295,0
154296,0
154297,0
154298,1
154299,0
154300,1
154301,0
154302,0
154303,1
154304,0
154305,0
154306,0
154307,0
154308,0
154309,0
154310,0
154311,0
154312,0
154313,1
154314,0
154315,0
154316,0
154317,0
154318,0
154319,0
154320,0
154321,0
154322,0
154323,0
154324,0
154325,0
154326,0
154327,0
154328,0
154329,0
154330,0
154331,0
154332,0
154333,1
154334,0
154335,0
154336,0
154337,0
154338,0
154339,1
154340,0
154341,0
154342,0
154343,0
154344,0
154345,0
154346,0
154347,0
154348,1
154349,1
154350,0
154351,0
154352,0
154353,0
154354,0
154355,0
154356,0
154357,0
154358,1
154359,1
154360,0
154361,0
154362,0
154363,0
154364,0
154365,0
154366,0
154367,0
154368,0
154369,0
154370,0
154371,0
154372,0
154373,0
154374,0
154375,0
154376,0
154377,0
154378,0
154379,0
154380,0
154381,0
154382,0
154383,0
154384,1
154385,0
154386,1
154387,0
154388,0
154389,0
154390,0
154391,0
154392,0
154393,0
154394,0
154395,0
154396,0
154397,1
154398,0
154399,0
154400,0
154401,0
154402,0
154403,0
154404,0
154405,0
154406,0
154407,0
154408,1
154409,0
154410,1
154411,1
154412,0
154413,0
154414,1
154415,0
154416,0
154417,0
154418,0
154419,0
154420,0
154421,0
154422,0
154423,0
154424,0
154425,0
154426,1
154427,0
154428,0
154429,0
154430,0
154431,0
154432,0
154433,0
154434,0
154435,0
154436,0
154437,1
154438,0
154439,0
154440,0
154441,0
154442,0
154443,1
154444,0
154445,0
154446,0
154447,0
154448,0
154449,0
154450,0
154451,0
154452,0
154453,0
154454,0
154455,0
154456,0
154457,0
154458,0
154459,0
154460,0
154461,0
154462,0
154463,0
154464,0
154465,0
154466,0
154467,0
154468,0
154469,0
154470,0
154471,0
154472,1
154473,0
154474,1
154475,1
154476,0
154477,0
154478,0
154479,0
154480,0
154481,0
154482,0
154483,0
154484,0
154485,0
154486,0
154487,0
154488,0
154489,0
154490,0
154491,0
154492,0
154493,0
154494,0
154495,1
154496,0
154497,0
154498,0
154499,1
154500,0
154501,0
154502,0
154503,0
154504,0
154505,0
154506,0
154507,1
154508,0
154509,0
154510,1
154511,0
154512,0
154513,0
154514,0
154515,0
154516,0
154517,0
154518,0
154519,0
154520,0
154521,0
154522,0
154523,0
154524,0
154525,1
154526,0
154527,0
154528,0
154529,0
154530,0
154531,0
154532,0
154533,0
154534,0
154535,1
154536,0
154537,0
154538,0
154539,0
154540,0
154541,0
154542,0
154543,0
154544,0
154545,0
154546,0
154547,0
154548,0
154549,0
154550,0
154551,0
154552,0
154553,1
154554,1
154555,0
154556,0
154557,0
154558,0
154559,0
154560,0
154561,0
154562,0
154563,0
154564,0
154565,0
154566,1
154567,0
154568,0
154569,0
154570,0
154571,1
154572,0
154573,0
154574,0
154575,1
154576,0
154577,0
154578,0
154579,0
154580,0
154581,0
154582,0
154583,1
154584,0
154585,0
154586,0
154587,0
154588,0
154589,0
154590,0
154591,0
154592,1
154593,0
154594,0
154595,0
154596,0
154597,0
154598,0
154599,0
154600,0
154601,0
154602,0
154603,0
154604,0
154605,0
154606,0
154607,0
154608,0
154609,1
154610,1
154611,1
154612,0
154613,0
154614,0
154615,0
154616,0
154617,0
154618,0
154619,0
154620,1
154621,0
154622,0
154623,0
154624,0
154625,0
154626,0
154627,0
154628,0
154629,1
154630,0
154631,1
154632,0
154633,0
154634,0
154635,0
154636,0
154637,0
154638,0
154639,0
154640,0
154641,0
154642,0
154643,0
154644,1
154645,0
154646,0
154647,0
154648,0
154649,0
154650,0
154651,0
154652,0
154653,0
154654,0
154655,0
154656,0
154657,0
154658,0
154659,0
154660,0
154661,0
154662,0
154663,0
154664,0
154665,0
154666,0
154667,0
154668,0
154669,1
154670,0
154671,0
154672,0
154673,0
154674,1
154675,0
154676,0
154677,0
154678,0
154679,0
154680,0
154681,0
154682,0
154683,1
154684,0
154685,0
154686,0
154687,0
154688,1
154689,0
154690,0
154691,0
154692,0
154693,0
154694,0
154695,1
154696,0
154697,0
154698,0
154699,0
154700,0
154701,0
154702,0
154703,0
154704,0
154705,0
154706,0
154707,1
154708,0
154709,0
154710,0
154711,0
154712,1
154713,0
154714,0
154715,1
154716,0
154717,0
154718,0
154719,0
154720,0
154721,0
154722,1
154723,0
154724,1
154725,0
154726,0
154727,0
154728,0
154729,1
154730,0
154731,0
154732,0
154733,0
154734,0
154735,0
154736,0
154737,0
154738,0
154739,0
154740,0
154741,0
154742,1
154743,0
154744,0
154745,0
154746,0
154747,0
154748,0
154749,0
154750,0
154751,0
154752,0
154753,0
154754,0
154755,0
154756,0
154757,0
154758,1
154759,0
154760,1
154761,0
154762,0
154763,0
154764,0
154765,0
154766,0
154767,0
154768,0
154769,0
154770,0
154771,0
154772,0
154773,0
154774,0
154775,0
154776,0
154777,1
154778,0
154779,0
154780,0
154781,0
154782,0
154783,0
154784,1
154785,0
154786,0
154787,0
154788,0
154789,0
154790,0
154791,0
154792,0
154793,0
154794,0
154795,0
154796,1
154797,0
154798,0
154799,0
154800,1
154801,0
154802,0
154803,1
154804,0
154805,1
154806,0
154807,0
154808,0
154809,0
154810,0
154811,1
154812,0
154813,0
154814,0
154815,0
154816,1
154817,0
154818,0
154819,0
154820,0
154821,1
154822,0
154823,0
154824,0
154825,0
154826,1
154827,0
154828,1
154829,0
154830,0
154831,0
154832,0
154833,0
154834,0
154835,0
154836,0
154837,0
154838,0
154839,0
154840,0
154841,0
154842,0
154843,0
154844,0
154845,0
154846,0
154847,0
154848,0
154849,0
154850,0
154851,0
154852,0
154853,0
154854,0
154855,0
154856,0
154857,0
154858,1
154859,0
154860,0
154861,0
154862,0
154863,0
154864,0
154865,1
154866,0
154867,0
154868,0
154869,0
154870,0
154871,0
154872,0
154873,1
154874,0
154875,1
154876,0
154877,0
154878,1
154879,1
154880,0
154881,1
154882,1
154883,0
154884,0
154885,0
154886,0
154887,0
154888,0
154889,0
154890,0
154891,1
154892,0
154893,1
154894,0
154895,0
154896,0
154897,0
154898,0
154899,1
154900,0
154901,0
154902,0
154903,1
154904,0
154905,0
154906,0
154907,0
154908,0
154909,0
154910,0
154911,0
154912,0
154913,0
154914,0
154915,0
154916,0
154917,0
154918,0
154919,0
154920,0
154921,0
154922,0
154923,0
154924,1
154925,0
154926,0
154927,0
154928,0
154929,0
154930,0
154931,0
154932,0
154933,1
154934,1
154935,0
154936,0
154937,0
154938,0
154939,0
154940,0
154941,0
154942,0
154943,0
154944,0
154945,0
154946,0
154947,0
154948,0
154949,0
154950,0
154951,0
154952,0
154953,0
154954,0
154955,0
154956,0
154957,0
154958,0
154959,0
154960,0
154961,0
154962,0
154963,0
154964,0
154965,0
154966,0
154967,0
154968,0
154969,0
154970,0
154971,0
154972,0
154973,0
154974,0
154975,0
154976,1
154977,0
154978,0
154979,0
154980,0
154981,0
154982,0
154983,0
154984,0
154985,0
154986,0
154987,0
154988,0
154989,0
154990,0
154991,1
154992,0
154993,0
154994,0
154995,1
154996,0
154997,0
154998,0
154999,0
155000,0
155001,0
155002,0
155003,0
155004,0
155005,0
155006,0
155007,1
155008,0
155009,0
155010,0
155011,0
155012,0
155013,1
155014,0
155015,1
155016,0
155017,0
155018,1
155019,0
155020,0
155021,0
155022,0
155023,1
155024,0
155025,0
155026,0
155027,0
155028,0
155029,0
155030,0
155031,1
155032,0
155033,0
155034,0
155035,0
155036,0
155037,0
155038,0
155039,0
155040,0
155041,0
155042,0
155043,0
155044,0
155045,0
155046,0
155047,0
155048,1
155049,0
155050,1
155051,0
155052,0
155053,0
155054,0
155055,0
155056,0
155057,0
155058,0
155059,0
155060,0
155061,0
155062,0
155063,0
155064,0
155065,0
155066,0
155067,0
155068,0
155069,0
155070,0
155071,0
155072,0
155073,0
155074,0
155075,0
155076,0
155077,0
155078,0
155079,1
155080,0
155081,0
155082,0
155083,0
155084,0
155085,0
155086,0
155087,0
155088,0
155089,0
155090,1
155091,0
155092,0
155093,1
155094,0
155095,0
155096,0
155097,1
155098,0
155099,0
155100,1
155101,0
155102,0
155103,1
155104,0
155105,0
155106,0
155107,0
155108,0
155109,0
155110,0
155111,0
155112,0
155113,1
155114,0
155115,0
155116,1
155117,0
155118,0
155119,0
155120,0
155121,0
155122,0
155123,0
155124,0
155125,0
155126,0
155127,0
155128,0
155129,0
155130,0
155131,0
155132,0
155133,0
155134,0
155135,0
155136,0
155137,0
155138,0
155139,0
155140,1
155141,0
155142,0
155143,0
155144,0
155145,0
155146,1
155147,0
155148,1
155149,1
155150,0
155151,0
155152,0
155153,0
155154,0
155155,0
155156,0
155157,0
155158,0
155159,0
155160,0
155161,1
155162,1
155163,0
155164,0
155165,0
155166,1
155167,0
155168,0
155169,0
155170,0
155171,1
155172,0
155173,0
155174,0
155175,0
155176,0
155177,0
155178,0
155179,0
155180,0
155181,0
155182,0
155183,0
155184,1
155185,0
155186,0
155187,0
155188,0
155189,0
155190,0
155191,0
155192,0
155193,0
155194,0
155195,0
155196,0
155197,0
155198,0
155199,0
155200,0
155201,0
155202,0
155203,0
155204,0
155205,0
155206,0
155207,0
155208,0
155209,0
155210,0
155211,0
155212,1
155213,0
155214,0
155215,0
155216,0
155217,0
155218,0
155219,0
155220,0
155221,0
155222,1
155223,1
155224,0
155225,0
155226,0
155227,0
155228,1
155229,0
155230,0
155231,0
155232,0
155233,0
155234,0
155235,0
155236,0
155237,1
155238,0
155239,0
155240,0
155241,0
155242,0
155243,1
155244,0
155245,0
155246,0
155247,0
155248,0
155249,0
155250,0
155251,0
155252,0
155253,0
155254,0
155255,0
155256,0
155257,0
155258,0
155259,0
155260,0
155261,0
155262,0
155263,0
155264,0
155265,0
155266,0
155267,0
155268,0
155269,0
155270,0
155271,0
155272,0
155273,1
155274,0
155275,0
155276,0
155277,0
155278,0
155279,0
155280,1
155281,0
155282,0
155283,1
155284,0
155285,0
155286,0
155287,1
155288,0
155289,1
155290,1
155291,0
155292,0
155293,0
155294,0
155295,0
155296,0
155297,1
155298,0
155299,0
155300,0
155301,0
155302,0
155303,0
155304,0
155305,0
155306,1
155307,1
155308,0
155309,0
155310,0
155311,0
155312,0
155313,0
155314,1
155315,0
155316,1
155317,0
155318,0
155319,0
155320,0
155321,1
155322,0
155323,0
155324,0
155325,0
155326,0
155327,0
155328,0
155329,1
155330,0
155331,1
155332,0
155333,0
155334,0
155335,0
155336,0
155337,0
155338,0
155339,0
155340,0
155341,0
155342,0
155343,0
155344,0
155345,0
155346,0
155347,0
155348,0
155349,0
155350,1
155351,0
155352,0
155353,0
155354,0
155355,0
155356,0
155357,0
155358,0
155359,0
155360,1
155361,0
155362,0
155363,0
155364,0
155365,0
155366,0
155367,1
155368,0
155369,0
155370,1
155371,0
155372,0
155373,0
155374,1
155375,0
155376,0
155377,0
155378,1
155379,0
155380,1
155381,0
155382,0
155383,1
155384,0
155385,0
155386,0
155387,0
155388,0
155389,0
155390,0
155391,0
155392,0
155393,0
155394,0
155395,0
155396,0
155397,0
155398,0
155399,0
155400,0
155401,0
155402,1
155403,0
155404,0
155405,1
155406,0
155407,0
155408,0
155409,0
155410,0
155411,0
155412,0
155413,0
155414,0
155415,1
155416,0
155417,0
155418,0
155419,0
155420,0
155421,0
155422,0
155423,0
155424,0
155425,0
155426,0
155427,0
155428,0
155429,0
155430,0
155431,1
155432,0
155433,0
155434,1
155435,1
155436,0
155437,0
155438,0
155439,0
155440,0
155441,0
155442,0
155443,0
155444,1
155445,0
155446,0
155447,0
155448,0
155449,0
155450,0
155451,0
155452,1
155453,0
155454,0
155455,0
155456,0
155457,0
155458,0
155459,0
155460,0
155461,0
155462,1
155463,0
155464,0
155465,1
155466,0
155467,0
155468,0
155469,0
155470,0
155471,0
155472,0
155473,0
155474,0
155475,0
155476,0
155477,0
155478,0
155479,0
155480,0
155481,0
155482,0
155483,0
155484,0
155485,0
155486,0
155487,0
155488,0
155489,0
155490,0
155491,0
155492,0
155493,0
155494,0
155495,0
155496,0
155497,0
155498,0
155499,0
155500,0
155501,0
155502,0
155503,0
155504,0
155505,0
155506,0
155507,0
155508,0
155509,0
155510,0
155511,0
155512,0
155513,0
155514,0
155515,0
155516,0
155517,1
155518,0
155519,0
155520,0
155521,0
155522,1
155523,0
155524,0
155525,0
155526,0
155527,0
155528,0
155529,0
155530,0
155531,0
155532,0
155533,0
155534,1
155535,0
155536,0
155537,1
155538,0
155539,0
155540,1
155541,0
155542,1
155543,0
155544,0
155545,0
155546,0
155547,0
155548,0
155549,0
155550,0
155551,0
155552,0
155553,0
155554,0
155555,0
155556,0
155557,0
155558,0
155559,0
155560,0
155561,0
155562,0
155563,0
155564,0
155565,0
155566,0
155567,1
155568,0
155569,0
155570,0
155571,1
155572,0
155573,0
155574,0
155575,0
155576,0
155577,0
155578,1
155579,0
155580,0
155581,0
155582,0
155583,0
155584,0
155585,0
155586,0
155587,0
155588,0
155589,0
155590,0
155591,0
155592,0
155593,0
155594,0
155595,0
155596,0
155597,0
155598,0
155599,0
155600,0
155601,0
155602,0
155603,0
155604,0
155605,0
155606,1
155607,0
155608,0
155609,0
155610,0
155611,0
155612,0
155613,0
155614,0
155615,0
155616,1
155617,0
155618,0
155619,0
155620,0
155621,0
155622,0
155623,0
155624,0
155625,0
155626,0
155627,0
155628,0
155629,1
155630,0
155631,0
155632,0
155633,0
155634,1
155635,0
155636,0
155637,0
155638,0
155639,0
155640,0
155641,0
155642,0
155643,0
155644,1
155645,0
155646,1
155647,0
155648,0
155649,0
155650,0
155651,0
155652,0
155653,0
155654,0
155655,0
155656,0
155657,0
155658,0
155659,1
155660,0
155661,0
155662,0
155663,0
155664,0
155665,0
155666,1
155667,0
155668,0
155669,0
155670,0
155671,0
155672,1
155673,0
155674,0
155675,0
155676,0
155677,0
155678,0
155679,0
155680,0
155681,1
155682,0
155683,0
155684,0
155685,0
155686,1
155687,0
155688,0
155689,0
155690,0
155691,0
155692,0
155693,0
155694,0
155695,0
155696,0
155697,0
155698,0
155699,1
155700,0
155701,0
155702,0
155703,0
155704,0
155705,0
155706,0
155707,0
155708,0
155709,0
155710,0
155711,0
155712,1
155713,0
155714,0
155715,1
155716,0
155717,0
155718,0
155719,0
155720,0
155721,1
155722,0
155723,0
155724,1
155725,0
155726,0
155727,0
155728,0
155729,0
155730,0
155731,0
155732,0
155733,1
155734,0
155735,0
155736,0
155737,0
155738,0
155739,0
155740,0
155741,0
155742,0
155743,0
155744,0
155745,0
155746,0
155747,0
155748,0
155749,0
155750,1
155751,0
155752,1
155753,0
155754,0
155755,0
155756,0
155757,0
155758,1
155759,0
155760,0
155761,0
155762,0
155763,0
155764,0
155765,0
155766,0
155767,0
155768,0
155769,0
155770,0
155771,1
155772,1
155773,0
155774,0
155775,0
155776,0
155777,0
155778,0
155779,0
155780,0
155781,0
155782,1
155783,0
155784,0
155785,0
155786,0
155787,0
155788,0
155789,0
155790,0
155791,0
155792,0
155793,0
155794,0
155795,0
155796,0
155797,0
155798,0
155799,0
155800,0
155801,0
155802,0
155803,0
155804,0
155805,0
155806,0
155807,0
155808,0
155809,0
155810,0
155811,0
155812,0
155813,0
155814,0
155815,0
155816,0
155817,0
155818,0
155819,0
155820,0
155821,0
155822,0
155823,0
155824,0
155825,0
155826,1
155827,0
155828,0
155829,0
155830,0
155831,0
155832,0
155833,1
155834,0
155835,0
155836,0
155837,0
155838,0
155839,0
155840,0
155841,1
155842,1
155843,1
155844,0
155845,1
155846,1
155847,0
155848,0
155849,0
155850,0
155851,0
155852,0
155853,0
155854,1
155855,0
155856,0
155857,0
155858,0
155859,0
155860,0
155861,0
155862,0
155863,0
155864,0
155865,0
155866,0
155867,0
155868,0
155869,0
155870,0
155871,0
155872,0
155873,0
155874,0
155875,0
155876,0
155877,0
155878,1
155879,0
155880,0
155881,0
155882,0
155883,0
155884,0
155885,0
155886,0
155887,0
155888,1
155889,1
155890,0
155891,1
155892,0
155893,0
155894,0
155895,1
155896,0
155897,0
155898,0
155899,0
155900,0
155901,1
155902,0
155903,0
155904,0
155905,0
155906,0
155907,0
155908,0
155909,1
155910,0
155911,0
155912,0
155913,0
155914,1
155915,0
155916,0
155917,0
155918,0
155919,0
155920,0
155921,0
155922,0
155923,0
155924,0
155925,0
155926,0
155927,0
155928,0
155929,0
155930,0
155931,0
155932,0
155933,1
155934,0
155935,1
155936,0
155937,1
155938,0
155939,1
155940,0
155941,0
155942,0
155943,0
155944,0
155945,1
155946,1
155947,0
155948,0
155949,1
155950,1
155951,0
155952,0
155953,0
155954,0
155955,1
155956,0
155957,0
155958,0
155959,0
155960,0
155961,0
155962,0
155963,0
155964,0
155965,0
155966,0
155967,0
155968,0
155969,0
155970,0
155971,0
155972,0
155973,0
155974,0
155975,0
155976,0
155977,0
155978,1
155979,0
155980,0
155981,1
155982,0
155983,0
155984,0
155985,1
155986,0
155987,0
155988,0
155989,0
155990,1
155991,0
155992,0
155993,0
155994,0
155995,0
155996,0
155997,0
155998,0
155999,0
156000,1
156001,0
156002,0
156003,0
156004,0
156005,0
156006,0
156007,0
156008,0
156009,1
156010,0
156011,0
156012,0
156013,0
156014,0
156015,0
156016,0
156017,0
156018,0
156019,0
156020,0
156021,0
156022,0
156023,0
156024,0
156025,0
156026,0
156027,0
156028,1
156029,0
156030,1
156031,0
156032,0
156033,0
156034,0
156035,0
156036,1
156037,0
156038,0
156039,0
156040,0
156041,0
156042,0
156043,1
156044,1
156045,0
156046,0
156047,0
156048,0
156049,1
156050,0
156051,1
156052,0
156053,0
156054,0
156055,0
156056,1
156057,0
156058,0
156059,0
156060,0
156061,0
156062,0
156063,0
156064,0
156065,1
156066,0
156067,0
156068,0
156069,0
156070,0
156071,0
156072,0
156073,0
156074,1
156075,0
156076,0
156077,0
156078,0
156079,0
156080,0
156081,0
156082,0
156083,0
156084,0
156085,1
156086,0
156087,0
156088,0
156089,0
156090,0
156091,0
156092,0
156093,0
156094,0
156095,0
156096,0
156097,0
156098,0
156099,0
156100,1
156101,0
156102,0
156103,0
156104,0
156105,0
156106,0
156107,0
156108,0
156109,1
156110,0
156111,1
156112,0
156113,0
156114,0
156115,0
156116,0
156117,0
156118,1
156119,0
156120,0
156121,0
156122,0
156123,0
156124,0
156125,0
156126,0
156127,0
156128,0
156129,0
156130,0
156131,0
156132,0
156133,0
156134,1
156135,0
156136,0
156137,0
156138,1
156139,0
156140,0
156141,0
156142,0
156143,1
156144,1
156145,0
156146,0
156147,0
156148,0
156149,0
156150,0
156151,0
156152,0
156153,0
156154,0
156155,0
156156,0
156157,0
156158,0
156159,0
156160,1
156161,0
156162,1
156163,0
156164,1
156165,0
156166,0
156167,0
156168,0
156169,0
156170,1
156171,0
156172,0
156173,0
156174,0
156175,1
156176,0
156177,0
156178,0
156179,0
156180,0
156181,0
156182,0
156183,0
156184,0
156185,0
156186,1
156187,0
156188,0
156189,0
156190,0
156191,0
156192,0
156193,0
156194,0
156195,0
156196,0
156197,0
156198,0
156199,0
156200,0
156201,0
156202,0
156203,0
156204,1
156205,0
156206,0
156207,0
156208,0
156209,0
156210,0
156211,0
156212,0
156213,0
156214,0
156215,1
156216,0
156217,0
156218,0
156219,0
156220,1
156221,1
156222,1
156223,0
156224,1
156225,1
156226,0
156227,0
156228,0
156229,0
156230,0
156231,0
156232,0
156233,0
156234,0
156235,0
156236,0
156237,0
156238,0
156239,0
156240,0
156241,0
156242,0
156243,0
156244,0
156245,0
156246,0
156247,0
156248,0
156249,0
156250,0
156251,0
156252,0
156253,0
156254,0
156255,0
156256,0
156257,0
156258,0
156259,0
156260,0
156261,0
156262,0
156263,0
156264,1
156265,0
156266,0
156267,0
156268,0
156269,0
156270,0
156271,0
156272,1
156273,0
156274,0
156275,0
156276,0
156277,0
156278,0
156279,0
156280,0
156281,0
156282,1
156283,0
156284,0
156285,0
156286,0
156287,1
156288,1
156289,0
156290,0
156291,0
156292,0
156293,0
156294,0
156295,1
156296,0
156297,0
156298,0
156299,1
156300,0
156301,0
156302,0
156303,0
156304,0
156305,0
156306,0
156307,0
156308,0
156309,0
156310,0
156311,0
156312,0
156313,0
156314,0
156315,0
156316,0
156317,0
156318,0
156319,0
156320,0
156321,1
156322,0
156323,0
156324,0
156325,0
156326,0
156327,0
156328,1
156329,0
156330,0
156331,0
156332,1
156333,0
156334,0
156335,0
156336,0
156337,0
156338,0
156339,0
156340,0
156341,0
156342,1
156343,0
156344,0
156345,0
156346,0
156347,0
156348,0
156349,0
156350,0
156351,0
156352,0
156353,0
156354,0
156355,0
156356,0
156357,0
156358,0
156359,1
156360,0
156361,0
156362,0
156363,0
156364,0
156365,0
156366,0
156367,0
156368,0
156369,0
156370,0
156371,0
156372,0
156373,0
156374,0
156375,0
156376,0
156377,0
156378,0
156379,0
156380,0
156381,0
156382,0
156383,0
156384,0
156385,0
156386,0
156387,0
156388,0
156389,0
156390,0
156391,0
156392,0
156393,0
156394,0
156395,0
156396,1
156397,0
156398,0
156399,1
156400,0
156401,1
156402,1
156403,1
156404,0
156405,0
156406,0
156407,0
156408,0
156409,1
156410,0
156411,0
156412,1
156413,0
156414,0
156415,0
156416,0
156417,1
156418,0
156419,0
156420,0
156421,0
156422,0
156423,0
156424,0
156425,0
156426,0
156427,1
156428,0
156429,0
156430,0
156431,0
156432,0
156433,0
156434,0
156435,0
156436,0
156437,0
156438,0
156439,0
156440,0
156441,0
156442,0
156443,0
156444,1
156445,1
156446,0
156447,0
156448,0
156449,0
156450,0
156451,0
156452,0
156453,0
156454,0
156455,0
156456,0
156457,1
156458,0
156459,0
156460,0
156461,0
156462,0
156463,0
156464,0
156465,0
156466,0
156467,0
156468,0
156469,0
156470,0
156471,0
156472,0
156473,0
156474,0
156475,0
156476,0
156477,0
156478,0
156479,0
156480,0
156481,0
156482,1
156483,0
156484,0
156485,0
156486,0
156487,0
156488,0
156489,0
156490,0
156491,1
156492,0
156493,1
156494,1
156495,0
156496,0
156497,0
156498,0
156499,1
156500,0
156501,1
156502,0
156503,0
156504,1
156505,0
156506,0
156507,0
156508,0
156509,0
156510,0
156511,0
156512,1
156513,0
156514,0
156515,0
156516,0
156517,1
156518,0
156519,1
156520,0
156521,1
156522,0
156523,0
156524,1
156525,0
156526,1
156527,0
156528,0
156529,1
156530,0
156531,1
156532,0
156533,0
156534,0
156535,0
156536,0
156537,1
156538,1
156539,0
156540,1
156541,0
156542,0
156543,0
156544,0
156545,0
156546,0
156547,0
156548,0
156549,0
156550,0
156551,0
156552,0
156553,0
156554,0
156555,0
156556,0
156557,1
156558,0
156559,0
156560,0
156561,0
156562,1
156563,0
156564,0
156565,0
156566,0
156567,0
156568,0
156569,1
156570,0
156571,0
156572,0
156573,0
156574,0
156575,0
156576,0
156577,0
156578,1
156579,0
156580,0
156581,0
156582,0
156583,0
156584,0
156585,0
156586,0
156587,0
156588,0
156589,0
156590,0
156591,0
156592,0
156593,0
156594,0
156595,1
156596,0
156597,0
156598,1
156599,0
156600,0
156601,0
156602,0
156603,1
156604,0
156605,0
156606,0
156607,0
156608,0
156609,1
156610,0
156611,0
156612,0
156613,1
156614,0
156615,0
156616,0
156617,0
156618,0
156619,0
156620,0
156621,0
156622,1
156623,1
156624,0
156625,0
156626,1
156627,0
156628,0
156629,0
156630,0
156631,0
156632,0
156633,0
156634,0
156635,0
156636,0
156637,0
156638,1
156639,0
156640,0
156641,0
156642,0
156643,0
156644,0
156645,0
156646,0
156647,1
156648,1
156649,0
156650,1
156651,0
156652,0
156653,0
156654,0
156655,0
156656,0
156657,0
156658,0
156659,0
156660,0
156661,0
156662,0
156663,0
156664,0
156665,0
156666,0
156667,1
156668,0
156669,0
156670,0
156671,0
156672,0
156673,0
156674,0
156675,0
156676,1
156677,0
156678,0
156679,0
156680,0
156681,0
156682,1
156683,0
156684,1
156685,0
156686,1
156687,0
156688,0
156689,0
156690,0
156691,1
156692,0
156693,0
156694,0
156695,0
156696,0
156697,0
156698,0
156699,0
156700,1
156701,0
156702,0
156703,0
156704,0
156705,1
156706,0
156707,1
156708,0
156709,1
156710,0
156711,0
156712,0
156713,0
156714,0
156715,0
156716,0
156717,0
156718,0
156719,0
156720,0
156721,0
156722,0
156723,0
156724,0
156725,1
156726,0
156727,0
156728,0
156729,0
156730,0
156731,0
156732,0
156733,0
156734,0
156735,0
156736,0
156737,0
156738,0
156739,0
156740,0
156741,0
156742,0
156743,0
156744,0
156745,0
156746,0
156747,0
156748,0
156749,0
156750,0
156751,0
156752,0
156753,0
156754,0
156755,0
156756,0
156757,0
156758,0
156759,0
156760,0
156761,0
156762,0
156763,0
156764,1
156765,0
156766,0
156767,1
156768,1
156769,0
156770,0
156771,0
156772,0
156773,0
156774,0
156775,0
156776,1
156777,0
156778,0
156779,0
156780,0
156781,1
156782,1
156783,1
156784,0
156785,0
156786,0
156787,0
156788,0
156789,0
156790,0
156791,0
156792,0
156793,0
156794,0
156795,0
156796,0
156797,1
156798,0
156799,0
156800,1
156801,0
156802,0
156803,1
156804,0
156805,0
156806,0
156807,0
156808,0
156809,0
156810,0
156811,0
156812,0
156813,1
156814,0
156815,0
156816,0
156817,0
156818,0
156819,0
156820,0
156821,0
156822,0
156823,0
156824,0
156825,0
156826,0
156827,0
156828,0
156829,0
156830,1
156831,0
156832,0
156833,0
156834,0
156835,1
156836,1
156837,0
156838,0
156839,0
156840,0
156841,0
156842,1
156843,0
156844,0
156845,0
156846,0
156847,0
156848,0
156849,0
156850,0
156851,0
156852,0
156853,0
156854,1
156855,0
156856,0
156857,0
156858,0
156859,0
156860,0
156861,0
156862,0
156863,0
156864,0
156865,0
156866,0
156867,0
156868,0
156869,0
156870,1
156871,0
156872,0
156873,0
156874,0
156875,0
156876,0
156877,1
156878,0
156879,0
156880,0
156881,0
156882,0
156883,0
156884,1
156885,0
156886,0
156887,0
156888,0
156889,0
156890,0
156891,0
156892,0
156893,0
156894,0
156895,0
156896,0
156897,0
156898,0
156899,0
156900,0
156901,0
156902,0
156903,1
156904,0
156905,0
156906,0
156907,0
156908,0
156909,0
156910,0
156911,0
156912,0
156913,0
156914,0
156915,0
156916,0
156917,0
156918,0
156919,0
156920,0
156921,0
156922,0
156923,0
156924,0
156925,0
156926,0
156927,0
156928,0
156929,0
156930,0
156931,1
156932,0
156933,0
156934,0
156935,0
156936,0
156937,0
156938,0
156939,0
156940,0
156941,0
156942,0
156943,0
156944,0
156945,1
156946,0
156947,0
156948,0
156949,0
156950,0
156951,0
156952,1
156953,0
156954,0
156955,0
156956,0
156957,0
156958,0
156959,0
156960,0
156961,0
156962,0
156963,0
156964,0
156965,0
156966,0
156967,0
156968,0
156969,1
156970,0
156971,0
156972,0
156973,0
156974,1
156975,0
156976,0
156977,0
156978,0
156979,0
156980,0
156981,0
156982,0
156983,0
156984,0
156985,0
156986,0
156987,1
156988,0
156989,0
156990,0
156991,1
156992,0
156993,0
156994,0
156995,0
156996,0
156997,0
156998,0
156999,1
157000,0
157001,1
157002,0
157003,0
157004,0
157005,0
157006,0
157007,0
157008,0
157009,0
157010,0
157011,0
157012,0
157013,0
157014,0
157015,1
157016,0
157017,1
157018,0
157019,0
157020,0
157021,0
157022,0
157023,0
157024,1
157025,0
157026,0
157027,0
157028,0
157029,1
157030,0
157031,0
157032,0
157033,0
157034,0
157035,0
157036,0
157037,0
157038,0
157039,0
157040,1
157041,0
157042,1
157043,0
157044,0
157045,0
157046,0
157047,0
157048,0
157049,0
157050,0
157051,0
157052,0
157053,1
157054,0
157055,1
157056,0
157057,0
157058,0
157059,0
157060,0
157061,0
157062,0
157063,0
157064,0
157065,1
157066,0
157067,0
157068,0
157069,0
157070,0
157071,0
157072,0
157073,0
157074,0
157075,0
157076,0
157077,0
157078,0
157079,0
157080,1
157081,1
157082,0
157083,0
157084,0
157085,0
157086,0
157087,0
157088,0
157089,0
157090,0
157091,0
157092,0
157093,0
157094,0
157095,0
157096,0
157097,0
157098,0
157099,0
157100,0
157101,0
157102,0
157103,0
157104,0
157105,0
157106,0
157107,0
157108,0
157109,0
157110,0
157111,0
157112,0
157113,0
157114,0
157115,0
157116,0
157117,0
157118,0
157119,0
157120,0
157121,0
157122,0
157123,0
157124,0
157125,0
157126,0
157127,0
157128,1
157129,0
157130,0
157131,0
157132,0
157133,0
157134,1
157135,0
157136,0
157137,0
157138,0
157139,0
157140,0
157141,0
157142,0
157143,0
157144,0
157145,0
157146,0
157147,0
157148,1
157149,0
157150,0
157151,0
157152,0
157153,0
157154,0
157155,1
157156,0
157157,0
157158,0
157159,0
157160,0
157161,1
157162,0
157163,0
157164,0
157165,0
157166,0
157167,0
157168,0
157169,0
157170,0
157171,0
157172,0
157173,0
157174,0
157175,0
157176,0
157177,0
157178,0
157179,0
157180,0
157181,0
157182,0
157183,0
157184,0
157185,0
157186,0
157187,0
157188,0
157189,0
157190,0
157191,1
157192,0
157193,0
157194,0
157195,0
157196,0
157197,1
157198,0
157199,0
157200,0
157201,0
157202,0
157203,0
157204,0
157205,0
157206,1
157207,1
157208,0
157209,0
157210,0
157211,0
157212,0
157213,0
157214,0
157215,1
157216,0
157217,0
157218,1
157219,1
157220,0
157221,0
157222,0
157223,0
157224,0
157225,0
157226,0
157227,0
157228,0
157229,0
157230,0
157231,0
157232,0
157233,0
157234,0
157235,0
157236,1
157237,0
157238,0
157239,0
157240,0
157241,0
157242,0
157243,0
157244,0
157245,0
157246,0
157247,0
157248,0
157249,0
157250,1
157251,1
157252,0
157253,0
157254,0
157255,0
157256,0
157257,0
157258,0
157259,0
157260,0
157261,0
157262,0
157263,0
157264,0
157265,0
157266,1
157267,0
157268,0
157269,0
157270,0
157271,0
157272,1
157273,0
157274,0
157275,0
157276,0
157277,0
157278,1
157279,0
157280,0
157281,0
157282,0
157283,0
157284,1
157285,0
157286,1
157287,0
157288,0
157289,0
157290,0
157291,0
157292,0
157293,0
157294,0
157295,0
157296,0
157297,1
157298,0
157299,0
157300,0
157301,0
157302,1
157303,0
157304,0
157305,0
157306,0
157307,0
157308,0
157309,0
157310,0
157311,0
157312,0
157313,0
157314,0
157315,1
157316,0
157317,0
157318,0
157319,0
157320,0
157321,0
157322,0
157323,0
157324,0
157325,0
157326,0
157327,0
157328,0
157329,1
157330,0
157331,0
157332,1
157333,0
157334,0
157335,0
157336,0
157337,0
157338,0
157339,0
157340,0
157341,0
157342,0
157343,0
157344,0
157345,0
157346,0
157347,0
157348,1
157349,0
157350,0
157351,0
157352,0
157353,0
157354,0
157355,0
157356,1
157357,0
157358,0
157359,0
157360,0
157361,0
157362,0
157363,1
157364,0
157365,0
157366,0
157367,0
157368,0
157369,0
157370,0
157371,0
157372,0
157373,0
157374,0
157375,0
157376,0
157377,0
157378,0
157379,0
157380,0
157381,0
157382,0
157383,0
157384,0
157385,0
157386,0
157387,0
157388,0
157389,0
157390,0
157391,0
157392,1
157393,0
157394,0
157395,0
157396,0
157397,1
157398,0
157399,0
157400,0
157401,0
157402,1
157403,0
157404,0
157405,1
157406,0
157407,0
157408,0
157409,0
157410,0
157411,0
157412,0
157413,0
157414,0
157415,0
157416,1
157417,0
157418,0
157419,0
157420,0
157421,0
157422,0
157423,0
157424,0
157425,0
157426,0
157427,0
157428,0
157429,0
157430,1
157431,0
157432,0
157433,0
157434,0
157435,0
157436,0
157437,0
157438,0
157439,0
157440,0
157441,0
157442,0
157443,0
157444,0
157445,0
157446,0
157447,0
157448,0
157449,0
157450,1
157451,0
157452,0
157453,0
157454,0
157455,0
157456,0
157457,0
157458,1
157459,0
157460,1
157461,0
157462,0
157463,0
157464,0
157465,0
157466,0
157467,0
157468,0
157469,1
157470,1
157471,0
157472,0
157473,0
157474,0
157475,0
157476,0
157477,0
157478,0
157479,0
157480,1
157481,0
157482,0
157483,0
157484,0
157485,0
157486,0
157487,0
157488,0
157489,0
157490,0
157491,0
157492,0
157493,0
157494,0
157495,0
157496,0
157497,0
157498,0
157499,0
157500,0
157501,0
157502,0
157503,0
157504,0
157505,0
157506,0
157507,0
157508,0
157509,0
157510,0
157511,0
157512,0
157513,0
157514,0
157515,0
157516,0
157517,0
157518,0
157519,0
157520,0
157521,0
157522,0
157523,0
157524,0
157525,0
157526,0
157527,0
157528,1
157529,0
157530,0
157531,0
157532,1
157533,0
157534,0
157535,1
157536,0
157537,0
157538,0
157539,1
157540,0
157541,0
157542,0
157543,0
157544,0
157545,1
157546,1
157547,0
157548,0
157549,0
157550,1
157551,0
157552,0
157553,0
157554,0
157555,0
157556,0
157557,1
157558,0
157559,1
157560,1
157561,0
157562,0
157563,1
157564,1
157565,0
157566,0
157567,0
157568,0
157569,1
157570,0
157571,0
157572,0
157573,0
157574,0
157575,0
157576,0
157577,0
157578,0
157579,0
157580,0
157581,0
157582,0
157583,0
157584,0
157585,0
157586,0
157587,0
157588,0
157589,0
157590,0
157591,0
157592,0
157593,0
157594,0
157595,0
157596,0
157597,0
157598,0
157599,0
157600,1
157601,0
157602,1
157603,0
157604,0
157605,0
157606,0
157607,0
157608,0
157609,1
157610,0
157611,0
157612,1
157613,0
157614,0
157615,0
157616,0
157617,0
157618,0
157619,0
157620,0
157621,0
157622,1
157623,0
157624,0
157625,0
157626,0
157627,0
157628,1
157629,0
157630,0
157631,0
157632,0
157633,0
157634,0
157635,1
157636,0
157637,0
157638,0
157639,0
157640,0
157641,0
157642,0
157643,0
157644,0
157645,0
157646,0
157647,0
157648,0
157649,0
157650,0
157651,0
157652,0
157653,0
157654,0
157655,0
157656,1
157657,0
157658,0
157659,1
157660,0
157661,1
157662,0
157663,0
157664,0
157665,0
157666,1
157667,0
157668,0
157669,0
157670,0
157671,0
157672,0
157673,0
157674,1
157675,0
157676,0
157677,0
157678,0
157679,1
157680,0
157681,1
157682,0
157683,0
157684,0
157685,0
157686,0
157687,0
157688,0
157689,0
157690,0
157691,0
157692,0
157693,0
157694,0
157695,1
157696,0
157697,0
157698,0
157699,0
157700,0
157701,1
157702,0
157703,0
157704,0
157705,0
157706,0
157707,0
157708,0
157709,0
157710,0
157711,0
157712,1
157713,0
157714,0
157715,0
157716,0
157717,0
157718,0
157719,0
157720,0
157721,0
157722,0
157723,0
157724,0
157725,0
157726,0
157727,0
157728,0
157729,0
157730,0
157731,0
157732,0
157733,0
157734,0
157735,0
157736,0
157737,0
157738,0
157739,0
157740,0
157741,0
157742,0
157743,0
157744,0
157745,0
157746,1
157747,0
157748,0
157749,0
157750,1
157751,0
157752,0
157753,0
157754,0
157755,0
157756,0
157757,0
157758,1
157759,0
157760,0
157761,0
157762,0
157763,0
157764,0
157765,0
157766,0
157767,1
157768,0
157769,0
157770,0
157771,0
157772,1
157773,0
157774,0
157775,0
157776,0
157777,0
157778,0
157779,0
157780,0
157781,0
157782,0
157783,0
157784,1
157785,0
157786,0
157787,0
157788,0
157789,0
157790,0
157791,0
157792,0
157793,0
157794,0
157795,0
157796,0
157797,0
157798,0
157799,0
157800,0
157801,0
157802,0
157803,0
157804,0
157805,1
157806,0
157807,0
157808,0
157809,0
157810,0
157811,1
157812,0
157813,0
157814,0
157815,0
157816,0
157817,0
157818,1
157819,0
157820,0
157821,0
157822,0
157823,0
157824,0
157825,0
157826,0
157827,0
157828,0
157829,0
157830,0
157831,1
157832,0
157833,0
157834,0
157835,0
157836,0
157837,0
157838,1
157839,0
157840,0
157841,0
157842,0
157843,0
157844,0
157845,0
157846,0
157847,0
157848,0
157849,0
157850,0
157851,0
157852,0
157853,0
157854,0
157855,0
157856,0
157857,0
157858,0
157859,0
157860,0
157861,1
157862,0
157863,0
157864,1
157865,0
157866,0
157867,0
157868,0
157869,0
157870,0
157871,0
157872,0
157873,0
157874,0
157875,0
157876,0
157877,0
157878,0
157879,1
157880,0
157881,1
157882,1
157883,0
157884,0
157885,0
157886,0
157887,0
157888,0
157889,0
157890,0
157891,0
157892,0
157893,0
157894,1
157895,0
157896,1
157897,0
157898,0
157899,0
157900,0
157901,1
157902,0
157903,1
157904,0
157905,0
157906,0
157907,0
157908,0
157909,0
157910,0
157911,0
157912,0
157913,0
157914,0
157915,0
157916,1
157917,1
157918,0
157919,1
157920,0
157921,0
157922,0
157923,0
157924,0
157925,0
157926,0
157927,0
157928,0
157929,0
157930,0
157931,0
157932,0
157933,0
157934,0
157935,1
157936,0
157937,0
157938,0
157939,0
157940,1
157941,0
157942,0
157943,0
157944,0
157945,1
157946,0
157947,0
157948,0
157949,0
157950,0
157951,0
157952,1
157953,0
157954,1
157955,0
157956,0
157957,0
157958,0
157959,0
157960,0
157961,0
157962,0
157963,0
157964,0
157965,0
157966,0
157967,0
157968,0
157969,0
157970,0
157971,0
157972,0
157973,1
157974,0
157975,0
157976,0
157977,0
157978,0
157979,0
157980,0
157981,0
157982,0
157983,0
157984,0
157985,0
157986,0
157987,0
157988,1
157989,0
157990,1
157991,0
157992,0
157993,0
157994,0
157995,0
157996,0
157997,0
157998,0
157999,0
158000,0
158001,0
158002,0
158003,0
158004,0
158005,0
158006,0
158007,0
158008,0
158009,0
158010,0
158011,0
158012,0
158013,0
158014,0
158015,0
158016,0
158017,0
158018,0
158019,0
158020,0
158021,1
158022,0
158023,0
158024,0
158025,0
158026,1
158027,0
158028,1
158029,0
158030,0
158031,1
158032,0
158033,1
158034,0
158035,0
158036,0
158037,1
158038,0
158039,1
158040,0
158041,1
158042,1
158043,0
158044,0
158045,0
158046,0
158047,0
158048,0
158049,0
158050,0
158051,0
158052,0
158053,0
158054,0
158055,1
158056,0
158057,0
158058,0
158059,0
158060,0
158061,0
158062,0
158063,0
158064,0
158065,0
158066,0
158067,1
158068,1
158069,0
158070,0
158071,0
158072,0
158073,0
158074,0
158075,0
158076,0
158077,0
158078,0
158079,0
158080,0
158081,0
158082,0
158083,0
158084,0
158085,0
158086,0
158087,0
158088,0
158089,0
158090,0
158091,0
158092,0
158093,1
158094,0
158095,0
158096,0
158097,0
158098,0
158099,0
158100,0
158101,0
158102,1
158103,0
158104,0
158105,0
158106,1
158107,0
158108,0
158109,0
158110,0
158111,0
158112,0
158113,0
158114,0
158115,0
158116,0
158117,0
158118,0
158119,1
158120,0
158121,0
158122,0
158123,0
158124,0
158125,0
158126,0
158127,0
158128,0
158129,0
158130,0
158131,0
158132,0
158133,0
158134,0
158135,1
158136,0
158137,0
158138,0
158139,0
158140,0
158141,0
158142,0
158143,1
158144,0
158145,0
158146,0
158147,0
158148,0
158149,0
158150,0
158151,0
158152,0
158153,0
158154,0
158155,0
158156,0
158157,0
158158,0
158159,0
158160,0
158161,0
158162,0
158163,0
158164,0
158165,0
158166,0
158167,0
158168,0
158169,0
158170,0
158171,0
158172,0
158173,0
158174,0
158175,0
158176,0
158177,0
158178,0
158179,1
158180,0
158181,0
158182,0
158183,0
158184,0
158185,0
158186,1
158187,0
158188,0
158189,0
158190,0
158191,0
158192,0
158193,0
158194,0
158195,0
158196,0
158197,0
158198,1
158199,0
158200,0
158201,0
158202,0
158203,0
158204,1
158205,0
158206,0
158207,0
158208,0
158209,0
158210,0
158211,0
158212,0
158213,0
158214,0
158215,0
158216,0
158217,0
158218,0
158219,0
158220,0
158221,0
158222,0
158223,0
158224,0
158225,0
158226,0
158227,0
158228,1
158229,0
158230,1
158231,0
158232,0
158233,1
158234,1
158235,0
158236,0
158237,0
158238,0
158239,0
158240,0
158241,0
158242,0
158243,0
158244,0
158245,0
158246,0
158247,0
158248,0
158249,1
158250,0
158251,0
158252,0
158253,0
158254,0
158255,0
158256,1
158257,0
158258,1
158259,0
158260,0
158261,0
158262,0
158263,0
158264,0
158265,0
158266,0
158267,0
158268,1
158269,0
158270,0
158271,0
158272,0
158273,0
158274,0
158275,0
158276,0
158277,0
158278,0
158279,0
158280,0
158281,0
158282,0
158283,0
158284,0
158285,0
158286,1
158287,0
158288,1
158289,0
158290,0
158291,0
158292,0
158293,0
158294,0
158295,0
158296,0
158297,0
158298,0
158299,0
158300,0
158301,0
158302,0
158303,1
158304,0
158305,0
158306,0
158307,0
158308,0
158309,0
158310,0
158311,1
158312,1
158313,0
158314,0
158315,0
158316,0
158317,0
158318,0
158319,0
158320,0
158321,0
158322,0
158323,1
158324,0
158325,1
158326,0
158327,0
158328,0
158329,0
158330,0
158331,0
158332,0
158333,0
158334,0
158335,0
158336,0
158337,0
158338,1
158339,0
158340,0
158341,1
158342,0
158343,0
158344,1
158345,0
158346,0
158347,1
158348,0
158349,0
158350,0
158351,0
158352,0
158353,0
158354,0
158355,0
158356,0
158357,0
158358,0
158359,1
158360,0
158361,0
158362,1
158363,0
158364,0
158365,0
158366,0
158367,0
158368,0
158369,0
158370,0
158371,1
158372,0
158373,0
158374,0
158375,0
158376,1
158377,0
158378,1
158379,0
158380,0
158381,0
158382,0
158383,0
158384,0
158385,0
158386,0
158387,0
158388,0
158389,0
158390,0
158391,0
158392,1
158393,0
158394,0
158395,0
158396,0
158397,0
158398,0
158399,0
158400,0
158401,0
158402,0
158403,0
158404,1
158405,1
158406,0
158407,0
158408,0
158409,0
158410,0
158411,0
158412,0
158413,0
158414,0
158415,1
158416,1
158417,0
158418,0
158419,0
158420,0
158421,0
158422,1
158423,0
158424,0
158425,0
158426,0
158427,0
158428,0
158429,0
158430,0
158431,0
158432,0
158433,1
158434,1
158435,0
158436,0
158437,0
158438,1
158439,0
158440,0
158441,0
158442,0
158443,0
158444,1
158445,0
158446,0
158447,1
158448,0
158449,0
158450,0
158451,0
158452,0
158453,1
158454,0
158455,0
158456,0
158457,0
158458,0
158459,1
158460,0
158461,0
158462,0
158463,0
158464,0
158465,0
158466,0
158467,0
158468,0
158469,0
158470,0
158471,0
158472,0
158473,1
158474,1
158475,0
158476,0
158477,0
158478,1
158479,0
158480,0
158481,0
158482,0
158483,0
158484,0
158485,0
158486,0
158487,1
158488,0
158489,0
158490,0
158491,0
158492,0
158493,0
158494,0
158495,0
158496,0
158497,0
158498,0
158499,0
158500,0
158501,0
158502,0
158503,0
158504,0
158505,0
158506,0
158507,0
158508,1
158509,1
158510,0
158511,0
158512,0
158513,1
158514,1
158515,0
158516,0
158517,0
158518,1
158519,0
158520,0
158521,0
158522,0
158523,0
158524,0
158525,0
158526,0
158527,0
158528,1
158529,0
158530,0
158531,0
158532,0
158533,0
158534,0
158535,0
158536,0
158537,1
158538,0
158539,0
158540,0
158541,0
158542,0
158543,0
158544,0
158545,0
158546,0
158547,0
158548,1
158549,0
158550,0
158551,1
158552,0
158553,0
158554,0
158555,0
158556,0
158557,0
158558,0
158559,0
158560,0
158561,0
158562,0
158563,0
158564,0
158565,0
158566,0
158567,0
158568,0
158569,0
158570,0
158571,0
158572,0
158573,0
158574,1
158575,0
158576,0
158577,0
158578,0
158579,0
158580,0
158581,0
158582,0
158583,0
158584,0
158585,0
158586,0
158587,0
158588,1
158589,0
158590,0
158591,0
158592,0
158593,0
158594,1
158595,0
158596,1
158597,0
158598,1
158599,0
158600,0
158601,0
158602,0
158603,0
158604,0
158605,0
158606,0
158607,0
158608,0
158609,0
158610,0
158611,0
158612,0
158613,0
158614,0
158615,0
158616,0
158617,0
158618,0
158619,1
158620,0
158621,0
158622,1
158623,0
158624,0
158625,0
158626,0
158627,1
158628,0
158629,0
158630,0
158631,0
158632,0
158633,0
158634,0
158635,1
158636,0
158637,0
158638,0
158639,0
158640,0
158641,0
158642,0
158643,0
158644,0
158645,0
158646,0
158647,0
158648,0
158649,0
158650,0
158651,0
158652,0
158653,0
158654,0
158655,0
158656,0
158657,1
158658,0
158659,0
158660,0
158661,0
158662,0
158663,0
158664,0
158665,0
158666,1
158667,0
158668,0
158669,0
158670,0
158671,0
158672,0
158673,0
158674,0
158675,1
158676,0
158677,1
158678,0
158679,0
158680,0
158681,0
158682,1
158683,0
158684,1
158685,0
158686,0
158687,0
158688,1
158689,0
158690,0
158691,0
158692,0
158693,0
158694,0
158695,0
158696,0
158697,1
158698,0
158699,1
158700,0
158701,0
158702,0
158703,0
158704,0
158705,0
158706,0
158707,0
158708,1
158709,1
158710,0
158711,0
158712,0
158713,0
158714,0
158715,0
158716,0
158717,1
158718,0
158719,0
158720,1
158721,0
158722,0
158723,0
158724,0
158725,1
158726,0
158727,0
158728,0
158729,0
158730,1
158731,0
158732,0
158733,0
158734,0
158735,0
158736,0
158737,0
158738,0
158739,0
158740,0
158741,0
158742,1
158743,0
158744,0
158745,0
158746,0
158747,0
158748,0
158749,1
158750,0
158751,0
158752,0
158753,0
158754,0
158755,1
158756,0
158757,0
158758,0
158759,0
158760,0
158761,0
158762,0
158763,0
158764,0
158765,0
158766,0
158767,0
158768,1
158769,0
158770,0
158771,0
158772,0
158773,0
158774,0
158775,0
158776,0
158777,0
158778,0
158779,0
158780,0
158781,0
158782,1
158783,1
158784,0
158785,0
158786,0
158787,0
158788,0
158789,0
158790,0
158791,0
158792,1
158793,1
158794,0
158795,0
158796,0
158797,0
158798,0
158799,0
158800,0
158801,0
158802,0
158803,1
158804,0
158805,0
158806,0
158807,0
158808,0
158809,0
158810,0
158811,0
158812,0
158813,0
158814,0
158815,1
158816,0
158817,0
158818,0
158819,0
158820,0
158821,0
158822,1
158823,0
158824,0
158825,0
158826,0
158827,0
158828,0
158829,1
158830,0
158831,0
158832,1
158833,0
158834,0
158835,0
158836,0
158837,0
158838,0
158839,0
158840,0
158841,0
158842,0
158843,0
158844,0
158845,0
158846,0
158847,0
158848,0
158849,0
158850,0
158851,0
158852,0
158853,0
158854,0
158855,0
158856,0
158857,0
158858,0
158859,0
158860,0
158861,0
158862,1
158863,0
158864,0
158865,0
158866,0
158867,0
158868,0
158869,0
158870,0
158871,0
158872,0
158873,0
158874,0
158875,0
158876,0
158877,0
158878,0
158879,0
158880,1
158881,0
158882,1
158883,0
158884,1
158885,1
158886,0
158887,0
158888,1
158889,0
158890,0
158891,0
158892,0
158893,0
158894,0
158895,0
158896,0
158897,0
158898,0
158899,0
158900,0
158901,0
158902,0
158903,0
158904,0
158905,1
158906,0
158907,0
158908,0
158909,0
158910,0
158911,0
158912,0
158913,0
158914,0
158915,0
158916,0
158917,0
158918,0
158919,1
158920,0
158921,1
158922,0
158923,0
158924,0
158925,0
158926,1
158927,1
158928,0
158929,0
158930,1
158931,0
158932,0
158933,0
158934,0
158935,0
158936,0
158937,0
158938,0
158939,0
158940,0
158941,0
158942,0
158943,0
158944,1
158945,0
158946,0
158947,0
158948,0
158949,0
158950,0
158951,0
158952,0
158953,0
158954,0
158955,0
158956,0
158957,0
158958,0
158959,0
158960,1
158961,0
158962,1
158963,0
158964,1
158965,0
158966,0
158967,0
158968,1
158969,0
158970,0
158971,0
158972,1
158973,0
158974,0
158975,0
158976,0
158977,0
158978,0
158979,0
158980,0
158981,0
158982,0
158983,0
158984,0
158985,0
158986,0
158987,0
158988,0
158989,0
158990,0
158991,0
158992,1
158993,1
158994,0
158995,0
158996,0
158997,0
158998,0
158999,0
159000,0
159001,0
159002,0
159003,0
159004,0
159005,0
159006,0
159007,1
159008,0
159009,0
159010,0
159011,0
159012,0
159013,0
159014,0
159015,1
159016,0
159017,0
159018,0
159019,0
159020,0
159021,0
159022,0
159023,0
159024,0
159025,0
159026,0
159027,0
159028,1
159029,0
159030,0
159031,1
159032,1
159033,0
159034,0
159035,0
159036,0
159037,0
159038,0
159039,1
159040,0
159041,0
159042,0
159043,0
159044,0
159045,0
159046,0
159047,0
159048,0
159049,0
159050,1
159051,1
159052,0
159053,0
159054,0
159055,0
159056,0
159057,0
159058,1
159059,0
159060,0
159061,0
159062,0
159063,0
159064,0
159065,0
159066,0
159067,0
159068,0
159069,0
159070,0
159071,0
159072,0
159073,0
159074,0
159075,0
159076,1
159077,0
159078,0
159079,0
159080,0
159081,0
159082,1
159083,1
159084,0
159085,1
159086,0
159087,0
159088,1
159089,0
159090,0
159091,0
159092,0
159093,0
159094,0
159095,0
159096,1
159097,0
159098,0
159099,0
159100,0
159101,0
159102,0
159103,0
159104,0
159105,0
159106,0
159107,0
159108,0
159109,0
159110,0
159111,0
159112,0
159113,0
159114,0
159115,0
159116,0
159117,0
159118,0
159119,0
159120,0
159121,0
159122,1
159123,0
159124,0
159125,0
159126,0
159127,0
159128,0
159129,0
159130,0
159131,0
159132,0
159133,0
159134,0
159135,0
159136,0
159137,0
159138,0
159139,0
159140,0
159141,0
159142,0
159143,0
159144,0
159145,1
159146,0
159147,0
159148,0
159149,0
159150,0
159151,0
159152,0
159153,0
159154,0
159155,0
159156,0
159157,0
159158,0
159159,0
159160,0
159161,0
159162,0
159163,0
159164,1
159165,0
159166,0
159167,0
159168,0
159169,0
159170,0
159171,0
159172,0
159173,0
159174,0
159175,0
159176,0
159177,1
159178,0
159179,0
159180,0
159181,0
159182,0
159183,1
159184,0
159185,0
159186,1
159187,1
159188,0
159189,0
159190,0
159191,0
159192,0
159193,0
159194,0
159195,0
159196,0
159197,0
159198,1
159199,0
159200,0
159201,0
159202,0
159203,0
159204,0
159205,0
159206,0
159207,0
159208,0
159209,0
159210,0
159211,0
159212,1
159213,0
159214,0
159215,0
159216,0
159217,0
159218,0
159219,0
159220,0
159221,0
159222,0
159223,0
159224,0
159225,0
159226,0
159227,1
159228,0
159229,1
159230,0
159231,0
159232,0
159233,0
159234,0
159235,0
159236,0
159237,0
159238,0
159239,0
159240,0
159241,0
159242,1
159243,0
159244,0
159245,0
159246,0
159247,0
159248,0
159249,0
159250,0
159251,0
159252,0
159253,0
159254,0
159255,0
159256,0
159257,0
159258,0
159259,0
159260,0
159261,0
159262,0
159263,0
159264,0
159265,0
159266,0
159267,0
159268,0
159269,1
159270,0
159271,0
159272,0
159273,0
159274,0
159275,0
159276,0
159277,0
159278,0
159279,0
159280,0
159281,0
159282,0
159283,0
159284,0
159285,0
159286,0
159287,0
159288,0
159289,0
159290,0
159291,0
159292,0
159293,0
159294,0
159295,0
159296,0
159297,0
159298,0
159299,0
159300,0
159301,0
159302,0
159303,0
159304,0
159305,0
159306,0
159307,0
159308,0
159309,0
159310,0
159311,0
159312,0
159313,0
159314,0
159315,0
159316,0
159317,1
159318,0
159319,0
159320,0
159321,1
159322,0
159323,0
159324,0
159325,0
159326,0
159327,0
159328,0
159329,1
159330,0
159331,1
159332,0
159333,0
159334,0
159335,0
159336,1
159337,0
159338,0
159339,0
159340,0
159341,0
159342,1
159343,1
159344,0
159345,0
159346,0
159347,0
159348,0
159349,0
159350,0
159351,0
159352,0
159353,0
159354,0
159355,0
159356,0
159357,0
159358,0
159359,0
159360,0
159361,0
159362,0
159363,0
159364,0
159365,1
159366,1
159367,0
159368,0
159369,0
159370,0
159371,0
159372,0
159373,0
159374,0
159375,0
159376,1
159377,0
159378,0
159379,0
159380,0
159381,1
159382,0
159383,0
159384,0
159385,0
159386,0
159387,0
159388,0
159389,0
159390,0
159391,0
159392,0
159393,0
159394,1
159395,0
159396,0
159397,0
159398,0
159399,0
159400,0
159401,0
159402,0
159403,0
159404,0
159405,0
159406,1
159407,0
159408,0
159409,0
159410,0
159411,1
159412,1
159413,0
159414,0
159415,0
159416,0
159417,1
159418,0
159419,0
159420,0
159421,0
159422,0
159423,0
159424,0
159425,0
159426,0
159427,0
159428,1
159429,1
159430,0
159431,0
159432,0
159433,0
159434,0
159435,0
159436,0
159437,0
159438,0
159439,1
159440,0
159441,0
159442,0
159443,1
159444,0
159445,0
159446,0
159447,0
159448,0
159449,0
159450,0
159451,0
159452,0
159453,0
159454,1
159455,0
159456,0
159457,0
159458,0
159459,0
159460,0
159461,0
159462,0
159463,0
159464,0
159465,0
159466,0
159467,0
159468,0
159469,0
159470,0
159471,0
159472,0
159473,0
159474,0
159475,1
159476,0
159477,0
159478,0
159479,0
159480,0
159481,0
159482,0
159483,0
159484,0
159485,0
159486,0
159487,0
159488,0
159489,0
159490,0
159491,0
159492,0
159493,0
159494,0
159495,0
159496,0
159497,1
159498,0
159499,0
159500,0
159501,0
159502,1
159503,0
159504,0
159505,1
159506,0
159507,1
159508,0
159509,0
159510,0
159511,0
159512,1
159513,0
159514,1
159515,0
159516,1
159517,0
159518,0
159519,0
159520,1
159521,1
159522,1
159523,0
159524,0
159525,0
159526,0
159527,0
159528,0
159529,0
159530,0
159531,0
159532,0
159533,0
159534,0
159535,0
159536,0
159537,0
159538,0
159539,1
159540,1
159541,0
159542,0
159543,0
159544,1
159545,0
159546,0
159547,0
159548,0
159549,0
159550,0
159551,0
159552,0
159553,0
159554,0
159555,0
159556,1
159557,0
159558,0
159559,0
159560,0
159561,1
159562,0
159563,0
159564,1
159565,0
159566,0
159567,0
159568,0
159569,0
159570,0
159571,0
159572,0
159573,0
159574,0
159575,0
159576,0
159577,0
159578,0
159579,0
159580,0
159581,0
159582,0
159583,0
159584,0
159585,0
159586,1
159587,0
159588,0
159589,0
159590,0
159591,0
159592,0
159593,0
159594,0
159595,0
159596,0
159597,0
159598,0
159599,0
159600,0
159601,0
159602,0
159603,0
159604,0
159605,0
159606,0
159607,0
159608,1
159609,0
159610,0
159611,0
159612,0
159613,0
159614,0
159615,0
159616,1
159617,0
159618,0
159619,0
159620,0
159621,0
159622,0
159623,1
159624,0
159625,0
159626,0
159627,0
159628,0
159629,0
159630,1
159631,0
159632,0
159633,1
159634,0
159635,0
159636,0
159637,0
159638,0
159639,0
159640,0
159641,0
159642,0
159643,0
159644,1
159645,1
159646,0
159647,0
159648,0
159649,0
159650,0
159651,1
159652,0
159653,0
159654,0
159655,0
159656,1
159657,0
159658,0
159659,0
159660,0
159661,0
159662,1
159663,0
159664,0
159665,0
159666,0
159667,0
159668,1
159669,0
159670,0
159671,0
159672,0
159673,0
159674,0
159675,0
159676,1
159677,0
159678,0
159679,0
159680,0
159681,0
159682,0
159683,1
159684,0
159685,0
159686,0
159687,0
159688,0
159689,1
159690,0
159691,0
159692,1
159693,1
159694,0
159695,1
159696,0
159697,0
159698,0
159699,1
159700,1
159701,0
159702,1
159703,0
159704,0
159705,0
159706,0
159707,0
159708,0
159709,0
159710,0
159711,0
159712,0
159713,0
159714,0
159715,1
159716,0
159717,0
159718,0
159719,1
159720,0
159721,0
159722,0
159723,0
159724,0
159725,0
159726,0
159727,0
159728,0
159729,0
159730,1
159731,0
159732,0
159733,1
159734,0
159735,1
159736,0
159737,0
159738,0
159739,0
159740,0
159741,0
159742,0
159743,0
159744,0
159745,1
159746,0
159747,0
159748,1
159749,0
159750,0
159751,0
159752,0
159753,0
159754,0
159755,0
159756,0
159757,0
159758,0
159759,0
159760,0
159761,0
159762,0
159763,1
159764,0
159765,0
159766,0
159767,0
159768,0
159769,0
159770,0
159771,0
159772,0
159773,0
159774,0
159775,0
159776,0
159777,0
159778,0
159779,0
159780,0
159781,0
159782,0
159783,0
159784,0
159785,0
159786,0
159787,0
159788,0
159789,0
159790,0
159791,0
159792,0
159793,0
159794,0
159795,0
159796,0
159797,0
159798,0
159799,0
159800,0
159801,0
159802,0
159803,0
159804,0
159805,0
159806,1
159807,1
159808,0
159809,0
159810,0
159811,0
159812,0
159813,0
159814,0
159815,0
159816,0
159817,1
159818,0
159819,0
159820,0
159821,0
159822,0
159823,0
159824,0
159825,0
159826,0
159827,0
159828,0
159829,0
159830,0
159831,0
159832,0
159833,0
159834,0
159835,0
159836,0
159837,0
159838,0
159839,0
159840,0
159841,0
159842,0
159843,0
159844,1
159845,0
159846,1
159847,0
159848,0
159849,0
159850,0
159851,0
159852,0
159853,0
159854,0
159855,0
159856,0
159857,0
159858,1
159859,0
159860,0
159861,0
159862,0
159863,0
159864,1
159865,0
159866,0
159867,0
159868,0
159869,0
159870,0
159871,1
159872,0
159873,0
159874,1
159875,0
159876,0
159877,0
159878,0
159879,0
159880,0
159881,1
159882,0
159883,0
159884,0
159885,0
159886,0
159887,0
159888,0
159889,0
159890,0
159891,0
159892,0
159893,0
159894,0
159895,0
159896,0
159897,0
159898,0
159899,0
159900,0
159901,1
159902,0
159903,0
159904,0
159905,0
159906,0
159907,0
159908,1
159909,1
159910,0
159911,1
159912,0
159913,0
159914,0
159915,0
159916,0
159917,0
159918,1
159919,0
159920,0
159921,0
159922,0
159923,0
159924,0
159925,0
159926,0
159927,1
159928,0
159929,0
159930,0
159931,0
159932,0
159933,0
159934,0
159935,0
159936,0
159937,0
159938,0
159939,1
159940,0
159941,0
159942,0
159943,0
159944,0
159945,0
159946,0
159947,0
159948,0
159949,0
159950,0
159951,0
159952,0
159953,0
159954,1
159955,0
159956,0
159957,0
159958,0
159959,0
159960,0
159961,1
159962,0
159963,0
159964,0
159965,0
159966,0
159967,0
159968,0
159969,0
159970,0
159971,0
159972,1
159973,0
159974,0
159975,0
159976,0
159977,0
159978,0
159979,1
159980,1
159981,0
159982,0
159983,0
159984,0
159985,0
159986,0
159987,0
159988,0
159989,0
159990,0
159991,0
159992,0
159993,0
159994,0
159995,0
159996,0
159997,0
159998,1
159999,0
160000,0
160001,1
160002,0
160003,0
160004,0
160005,0
160006,0
160007,1
160008,0
160009,0
160010,0
160011,0
160012,0
160013,0
160014,0
160015,0
160016,0
160017,1
160018,0
160019,0
160020,0
160021,0
160022,0
160023,0
160024,0
160025,1
160026,0
160027,0
160028,0
160029,0
160030,0
160031,0
160032,0
160033,0
160034,0
160035,0
160036,0
160037,0
160038,0
160039,0
160040,0
160041,1
160042,1
160043,0
160044,0
160045,0
160046,0
160047,1
160048,0
160049,1
160050,0
160051,0
160052,0
160053,1
160054,0
160055,0
160056,0
160057,0
160058,0
160059,0
160060,1
160061,0
160062,0
160063,0
160064,0
160065,0
160066,0
160067,0
160068,0
160069,0
160070,0
160071,0
160072,0
160073,0
160074,0
160075,0
160076,0
160077,1
160078,0
160079,0
160080,0
160081,0
160082,0
160083,0
160084,0
160085,0
160086,0
160087,0
160088,0
160089,0
160090,0
160091,0
160092,0
160093,0
160094,0
160095,0
160096,0
160097,0
160098,0
160099,1
160100,0
160101,1
160102,0
160103,0
160104,0
160105,1
160106,0
160107,0
160108,1
160109,0
160110,0
160111,0
160112,0
160113,0
160114,1
160115,0
160116,0
160117,0
160118,0
160119,0
160120,0
160121,0
160122,0
160123,0
160124,0
160125,0
160126,0
160127,0
160128,0
160129,0
160130,0
160131,0
160132,0
160133,1
160134,0
160135,0
160136,1
160137,0
160138,0
160139,0
160140,0
160141,0
160142,0
160143,0
160144,0
160145,0
160146,0
160147,0
160148,0
160149,0
160150,0
160151,0
160152,0
160153,0
160154,0
160155,0
160156,0
160157,1
160158,0
160159,0
160160,1
160161,0
160162,0
160163,0
160164,0
160165,0
160166,0
160167,0
160168,0
160169,0
160170,0
160171,0
160172,0
160173,0
160174,0
160175,0
160176,0
160177,0
160178,1
160179,0
160180,0
160181,0
160182,0
160183,1
160184,0
160185,0
160186,0
160187,1
160188,0
160189,0
160190,0
160191,1
160192,0
160193,0
160194,0
160195,0
160196,0
160197,0
160198,0
160199,0
160200,0
160201,0
160202,0
160203,0
160204,0
160205,0
160206,1
160207,0
160208,0
160209,0
160210,1
160211,0
160212,0
160213,0
160214,0
160215,0
160216,0
160217,1
160218,0
160219,0
160220,0
160221,0
160222,0
160223,0
160224,0
160225,0
160226,1
160227,0
160228,0
160229,0
160230,0
160231,0
160232,0
160233,0
160234,0
160235,0
160236,0
160237,0
160238,1
160239,0
160240,0
160241,0
160242,0
160243,0
160244,0
160245,0
160246,0
160247,0
160248,0
160249,0
160250,0
160251,0
160252,0
160253,0
160254,0
160255,0
160256,0
160257,0
160258,0
160259,1
160260,1
160261,0
160262,1
160263,0
160264,0
160265,0
160266,0
160267,0
160268,0
160269,1
160270,0
160271,0
160272,0
160273,0
160274,0
160275,0
160276,0
160277,0
160278,0
160279,1
160280,0
160281,0
160282,0
160283,0
160284,0
160285,1
160286,0
160287,0
160288,0
160289,0
160290,0
160291,0
160292,0
160293,0
160294,0
160295,0
160296,0
160297,0
160298,0
160299,0
160300,1
160301,0
160302,0
160303,0
160304,0
160305,0
160306,0
160307,0
160308,0
160309,0
160310,0
160311,0
160312,0
160313,0
160314,0
160315,1
160316,0
160317,0
160318,0
160319,0
160320,0
160321,0
160322,0
160323,0
160324,0
160325,0
160326,0
160327,0
160328,0
160329,1
160330,0
160331,0
160332,0
160333,0
160334,0
160335,0
160336,0
160337,0
160338,0
160339,0
160340,0
160341,1
160342,0
160343,0
160344,0
160345,0
160346,0
160347,0
160348,1
160349,0
160350,0
160351,0
160352,0
160353,0
160354,0
160355,0
160356,0
160357,1
160358,0
160359,0
160360,0
160361,0
160362,0
160363,0
160364,0
160365,0
160366,0
160367,1
160368,0
160369,0
160370,0
160371,0
160372,0
160373,0
160374,0
160375,0
160376,0
160377,0
160378,0
160379,0
160380,0
160381,0
160382,0
160383,0
160384,0
160385,0
160386,0
160387,0
160388,1
160389,0
160390,0
160391,0
160392,0
160393,1
160394,0
160395,0
160396,0
160397,0
160398,0
160399,0
160400,0
160401,0
160402,0
160403,1
160404,0
160405,0
160406,0
160407,0
160408,1
160409,0
160410,0
160411,0
160412,0
160413,0
160414,0
160415,0
160416,0
160417,0
160418,1
160419,0
160420,0
160421,0
160422,1
160423,0
160424,0
160425,0
160426,0
160427,0
160428,0
160429,1
160430,0
160431,0
160432,0
160433,0
160434,0
160435,0
160436,0
160437,1
160438,0
160439,0
160440,0
160441,0
160442,0
160443,1
160444,0
160445,0
160446,0
160447,0
160448,0
160449,0
160450,0
160451,0
160452,0
160453,0
160454,0
160455,0
160456,0
160457,0
160458,0
160459,1
160460,0
160461,0
160462,0
160463,0
160464,0
160465,0
160466,0
160467,0
160468,0
160469,0
160470,0
160471,0
160472,0
160473,0
160474,0
160475,0
160476,0
160477,0
160478,0
160479,0
160480,0
160481,0
160482,1
160483,0
160484,0
160485,0
160486,0
160487,0
160488,0
160489,1
160490,0
160491,0
160492,0
160493,0
160494,1
160495,0
160496,1
160497,0
160498,0
160499,0
160500,0
160501,0
160502,0
160503,0
160504,0
160505,0
160506,1
160507,0
160508,0
160509,0
160510,0
160511,0
160512,0
160513,1
160514,0
160515,0
160516,0
160517,1
160518,0
160519,0
160520,0
160521,0
160522,1
160523,0
160524,1
160525,1
160526,0
160527,0
160528,0
160529,0
160530,0
160531,0
160532,0
160533,0
160534,1
160535,0
160536,0
160537,0
160538,0
160539,0
160540,0
160541,0
160542,0
160543,0
160544,0
160545,0
160546,0
160547,1
160548,0
160549,0
160550,1
160551,0
160552,0
160553,0
160554,0
160555,0
160556,1
160557,0
160558,1
160559,0
160560,0
160561,0
160562,1
160563,0
160564,0
160565,1
160566,0
160567,0
160568,0
160569,0
160570,0
160571,1
160572,0
160573,0
160574,0
160575,0
160576,0
160577,0
160578,0
160579,0
160580,0
160581,0
160582,0
160583,0
160584,0
160585,0
160586,0
160587,0
160588,1
160589,0
160590,0
160591,0
160592,0
160593,0
160594,0
160595,0
160596,0
160597,0
160598,0
160599,0
160600,0
160601,0
160602,0
160603,0
160604,0
160605,1
160606,0
160607,0
160608,0
160609,0
160610,0
160611,0
160612,0
160613,0
160614,1
160615,0
160616,0
160617,0
160618,0
160619,0
160620,0
160621,0
160622,0
160623,1
160624,0
160625,0
160626,0
160627,0
160628,0
160629,1
160630,1
160631,0
160632,0
160633,0
160634,0
160635,0
160636,0
160637,0
160638,0
160639,0
160640,0
160641,0
160642,0
160643,1
160644,0
160645,0
160646,0
160647,0
160648,0
160649,0
160650,0
160651,0
160652,0
160653,0
160654,0
160655,0
160656,0
160657,0
160658,0
160659,0
160660,0
160661,0
160662,0
160663,0
160664,0
160665,0
160666,0
160667,0
160668,0
160669,1
160670,0
160671,1
160672,0
160673,0
160674,0
160675,0
160676,0
160677,0
160678,0
160679,0
160680,0
160681,0
160682,0
160683,0
160684,1
160685,0
160686,0
160687,0
160688,0
160689,0
160690,0
160691,0
160692,0
160693,0
160694,0
160695,0
160696,0
160697,0
160698,0
160699,0
160700,0
160701,0
160702,1
160703,0
160704,0
160705,0
160706,0
160707,1
160708,0
160709,1
160710,0
160711,1
160712,0
160713,0
160714,0
160715,0
160716,0
160717,0
160718,0
160719,0
160720,0
160721,0
160722,1
160723,0
160724,0
160725,0
160726,0
160727,0
160728,0
160729,0
160730,0
160731,0
160732,0
160733,0
160734,0
160735,0
160736,0
160737,0
160738,0
160739,0
160740,0
160741,0
160742,0
160743,1
160744,0
160745,0
160746,1
160747,0
160748,0
160749,0
160750,0
160751,0
160752,0
160753,0
160754,0
160755,0
160756,0
160757,0
160758,0
160759,0
160760,0
160761,0
160762,1
160763,1
160764,0
160765,0
160766,1
160767,0
160768,0
160769,0
160770,0
160771,0
160772,0
160773,0
160774,0
160775,0
160776,0
160777,1
160778,0
160779,0
160780,0
160781,1
160782,0
160783,0
160784,0
160785,1
160786,1
160787,0
160788,0
160789,1
160790,1
160791,0
160792,1
160793,0
160794,0
160795,0
160796,0
160797,1
160798,0
160799,0
160800,0
160801,0
160802,0
160803,0
160804,0
160805,0
160806,0
160807,1
160808,0
160809,0
160810,0
160811,1
160812,0
160813,0
160814,0
160815,0
160816,0
160817,0
160818,0
160819,0
160820,0
160821,0
160822,0
160823,0
160824,0
160825,0
160826,0
160827,0
160828,0
160829,0
160830,1
160831,0
160832,0
160833,0
160834,0
160835,0
160836,0
160837,0
160838,0
160839,0
160840,1
160841,0
160842,0
160843,0
160844,1
160845,0
160846,0
160847,1
160848,1
160849,1
160850,0
160851,0
160852,0
160853,0
160854,0
160855,0
160856,0
160857,0
160858,0
160859,0
160860,0
160861,0
160862,0
160863,0
160864,0
160865,0
160866,0
160867,0
160868,0
160869,0
160870,0
160871,0
160872,0
160873,0
160874,0
160875,1
160876,0
160877,0
160878,0
160879,0
160880,0
160881,0
160882,1
160883,0
160884,1
160885,0
160886,0
160887,0
160888,0
160889,0
160890,0
160891,0
160892,0
160893,0
160894,0
160895,0
160896,0
160897,0
160898,0
160899,0
160900,0
160901,0
160902,0
160903,0
160904,0
160905,1
160906,0
160907,0
160908,0
160909,0
160910,0
160911,0
160912,0
160913,1
160914,0
160915,0
160916,0
160917,0
160918,0
160919,0
160920,0
160921,0
160922,0
160923,0
160924,1
160925,0
160926,0
160927,0
160928,0
160929,0
160930,0
160931,0
160932,1
160933,0
160934,0
160935,0
160936,0
160937,0
160938,0
160939,0
160940,0
160941,0
160942,0
160943,0
160944,0
160945,0
160946,1
160947,0
160948,0
160949,0
160950,0
160951,0
160952,0
160953,0
160954,0
160955,0
160956,0
160957,0
160958,0
160959,0
160960,0
160961,0
160962,0
160963,0
160964,0
160965,0
160966,0
160967,0
160968,0
160969,0
160970,0
160971,0
160972,0
160973,0
160974,0
160975,1
160976,1
160977,0
160978,1
160979,0
160980,1
160981,0
160982,1
160983,0
160984,0
160985,0
160986,0
160987,0
160988,1
160989,1
160990,0
160991,0
160992,0
160993,0
160994,0
160995,1
160996,0
160997,0
160998,0
160999,0
161000,0
161001,1
161002,0
161003,0
161004,1
161005,0
161006,0
161007,0
161008,0
161009,0
161010,0
161011,0
161012,0
161013,0
161014,0
161015,0
161016,0
161017,0
161018,0
161019,0
161020,0
161021,1
161022,0
161023,0
161024,0
161025,0
161026,0
161027,1
161028,0
161029,0
161030,1
161031,0
161032,0
161033,0
161034,0
161035,0
161036,0
161037,0
161038,0
161039,0
161040,0
161041,0
161042,0
161043,0
161044,0
161045,0
161046,0
161047,1
161048,0
161049,0
161050,0
161051,0
161052,0
161053,0
161054,0
161055,0
161056,0
161057,0
161058,0
161059,0
161060,0
161061,0
161062,1
161063,0
161064,0
161065,0
161066,0
161067,0
161068,0
161069,0
161070,0
161071,0
161072,1
161073,1
161074,1
161075,0
161076,0
161077,0
161078,0
161079,1
161080,0
161081,0
161082,0
161083,0
161084,1
161085,0
161086,1
161087,0
161088,0
161089,1
161090,0
161091,0
161092,0
161093,1
161094,0
161095,0
161096,0
161097,0
161098,0
161099,0
161100,1
161101,0
161102,0
161103,0
161104,0
161105,0
161106,0
161107,1
161108,0
161109,0
161110,0
161111,0
161112,0
161113,0
161114,0
161115,0
161116,0
161117,0
161118,0
161119,0
161120,0
161121,0
161122,0
161123,0
161124,0
161125,1
161126,0
161127,0
161128,0
161129,0
161130,0
161131,0
161132,0
161133,0
161134,0
161135,0
161136,0
161137,0
161138,0
161139,0
161140,0
161141,0
161142,0
161143,1
161144,0
161145,0
161146,0
161147,0
161148,0
161149,0
161150,0
161151,0
161152,1
161153,0
161154,0
161155,0
161156,0
161157,0
161158,0
161159,0
161160,0
161161,0
161162,1
161163,0
161164,0
161165,0
161166,0
161167,0
161168,0
161169,0
161170,0
161171,0
161172,0
161173,0
161174,0
161175,0
161176,0
161177,0
161178,0
161179,0
161180,1
161181,0
161182,0
161183,0
161184,1
161185,0
161186,1
161187,0
161188,0
161189,0
161190,0
161191,0
161192,0
161193,0
161194,0
161195,0
161196,0
161197,0
161198,0
161199,1
161200,0
161201,0
161202,0
161203,0
161204,0
161205,0
161206,0
161207,0
161208,0
161209,0
161210,1
161211,0
161212,0
161213,0
161214,0
161215,0
161216,0
161217,1
161218,0
161219,0
161220,0
161221,0
161222,1
161223,0
161224,0
161225,0
161226,0
161227,1
161228,0
161229,0
161230,0
161231,0
161232,0
161233,0
161234,0
161235,0
161236,0
161237,0
161238,0
161239,0
161240,0
161241,0
161242,0
161243,0
161244,1
161245,0
161246,0
161247,0
161248,0
161249,0
161250,0
161251,0
161252,0
161253,0
161254,0
161255,0
161256,0
161257,1
161258,0
161259,0
161260,0
161261,0
161262,0
161263,1
161264,1
161265,0
161266,0
161267,0
161268,0
161269,0
161270,0
161271,0
161272,1
161273,0
161274,0
161275,0
161276,0
161277,0
161278,1
161279,0
161280,0
161281,0
161282,0
161283,1
161284,0
161285,0
161286,0
161287,0
161288,0
161289,0
161290,0
161291,0
161292,0
161293,0
161294,1
161295,0
161296,0
161297,0
161298,0
161299,0
161300,1
161301,1
161302,1
161303,0
161304,0
161305,0
161306,1
161307,0
161308,0
161309,1
161310,0
161311,0
161312,0
161313,0
161314,0
161315,0
161316,0
161317,0
161318,0
161319,0
161320,0
161321,0
161322,0
161323,0
161324,0
161325,1
161326,1
161327,0
161328,0
161329,0
161330,0
161331,0
161332,0
161333,0
161334,0
161335,0
161336,0
161337,0
161338,0
161339,1
161340,0
161341,0
161342,0
161343,0
161344,0
161345,1
161346,0
161347,0
161348,0
161349,0
161350,0
161351,0
161352,0
161353,0
161354,0
161355,0
161356,0
161357,0
161358,0
161359,0
161360,0
161361,0
161362,0
161363,1
161364,0
161365,0
161366,0
161367,0
161368,0
161369,0
161370,0
161371,0
161372,1
161373,0
161374,0
161375,1
161376,0
161377,0
161378,0
161379,0
161380,0
161381,0
161382,1
161383,0
161384,0
161385,0
161386,0
161387,0
161388,0
161389,0
161390,0
161391,1
161392,0
161393,0
161394,0
161395,0
161396,0
161397,0
161398,0
161399,0
161400,0
161401,0
161402,0
161403,0
161404,0
161405,0
161406,0
161407,0
161408,0
161409,0
161410,0
161411,0
161412,0
161413,0
161414,0
161415,0
161416,0
161417,1
161418,1
161419,0
161420,0
161421,0
161422,0
161423,0
161424,0
161425,0
161426,0
161427,0
161428,0
161429,0
161430,0
161431,0
161432,0
161433,0
161434,0
161435,0
161436,1
161437,0
161438,0
161439,0
161440,0
161441,0
161442,0
161443,0
161444,1
161445,1
161446,0
161447,1
161448,0
161449,0
161450,0
161451,0
161452,0
161453,0
161454,0
161455,0
161456,0
161457,0
161458,0
161459,0
161460,0
161461,0
161462,0
161463,0
161464,0
161465,0
161466,0
161467,0
161468,0
161469,0
161470,0
161471,0
161472,1
161473,0
161474,0
161475,0
161476,0
161477,0
161478,1
161479,0
161480,0
161481,1
161482,1
161483,0
161484,0
161485,0
161486,0
161487,0
161488,1
161489,0
161490,0
161491,0
161492,0
161493,0
161494,0
161495,0
161496,0
161497,0
161498,0
161499,0
161500,0
161501,1
161502,0
161503,0
161504,0
161505,0
161506,0
161507,0
161508,0
161509,0
161510,0
161511,0
161512,1
161513,0
161514,0
161515,0
161516,0
161517,0
161518,0
161519,0
161520,0
161521,0
161522,0
161523,0
161524,0
161525,0
161526,0
161527,0
161528,0
161529,0
161530,0
161531,1
161532,0
161533,1
161534,0
161535,0
161536,0
161537,0
161538,0
161539,0
161540,0
161541,1
161542,0
161543,0
161544,0
161545,0
161546,0
161547,0
161548,0
161549,0
161550,0
161551,0
161552,0
161553,0
161554,0
161555,0
161556,0
161557,0
161558,0
161559,0
161560,0
161561,1
161562,0
161563,0
161564,1
161565,1
161566,0
161567,1
161568,0
161569,0
161570,0
161571,0
161572,0
161573,0
161574,0
161575,0
161576,0
161577,0
161578,0
161579,0
161580,0
161581,0
161582,0
161583,0
161584,0
161585,0
161586,0
161587,0
161588,1
161589,0
161590,0
161591,0
161592,0
161593,0
161594,1
161595,0
161596,0
161597,1
161598,0
161599,0
161600,0
161601,0
161602,0
161603,1
161604,0
161605,0
161606,1
161607,0
161608,0
161609,1
161610,1
161611,1
161612,0
161613,0
161614,0
161615,0
161616,0
161617,0
161618,0
161619,0
161620,0
161621,1
161622,0
161623,1
161624,0
161625,0
161626,0
161627,0
161628,0
161629,0
161630,1
161631,0
161632,0
161633,0
161634,0
161635,0
161636,0
161637,0
161638,0
161639,0
161640,0
161641,0
161642,0
161643,1
161644,0
161645,0
161646,0
161647,0
161648,0
161649,0
161650,0
161651,0
161652,0
161653,0
161654,0
161655,0
161656,1
161657,0
161658,0
161659,0
161660,0
161661,0
161662,0
161663,0
161664,0
161665,0
161666,0
161667,1
161668,1
161669,0
161670,0
161671,0
161672,0
161673,0
161674,0
161675,0
161676,0
161677,0
161678,0
161679,1
161680,0
161681,0
161682,0
161683,0
161684,0
161685,0
161686,0
161687,0
161688,0
161689,1
161690,0
161691,0
161692,0
161693,0
161694,0
161695,0
161696,0
161697,0
161698,0
161699,0
161700,0
161701,0
161702,0
161703,0
161704,0
161705,1
161706,0
161707,0
161708,0
161709,0
161710,0
161711,0
161712,0
161713,0
161714,0
161715,0
161716,1
161717,0
161718,0
161719,0
161720,0
161721,0
161722,0
161723,0
161724,0
161725,0
161726,1
161727,0
161728,0
161729,0
161730,1
161731,0
161732,0
161733,0
161734,0
161735,0
161736,0
161737,0
161738,0
161739,0
161740,0
161741,0
161742,0
161743,0
161744,0
161745,0
161746,0
161747,0
161748,0
161749,0
161750,0
161751,0
161752,0
161753,0
161754,0
161755,0
161756,0
161757,0
161758,0
161759,0
161760,0
161761,0
161762,0
161763,0
161764,1
161765,0
161766,0
161767,0
161768,0
161769,0
161770,1
161771,1
161772,0
161773,0
161774,1
161775,0
161776,0
161777,0
161778,0
161779,0
161780,0
161781,0
161782,0
161783,0
161784,0
161785,0
161786,0
161787,0
161788,0
161789,0
161790,0
161791,0
161792,0
161793,0
161794,0
161795,0
161796,0
161797,0
161798,0
161799,0
161800,0
161801,0
161802,0
161803,0
161804,0
161805,0
161806,1
161807,0
161808,0
161809,1
161810,1
161811,0
161812,0
161813,0
161814,0
161815,1
161816,0
161817,0
161818,0
161819,0
161820,0
161821,0
161822,0
161823,0
161824,0
161825,0
161826,0
161827,0
161828,0
161829,0
161830,0
161831,0
161832,1
161833,0
161834,1
161835,1
161836,0
161837,0
161838,0
161839,0
161840,0
161841,0
161842,0
161843,0
161844,0
161845,0
161846,0
161847,1
161848,1
161849,1
161850,0
161851,0
161852,0
161853,1
161854,0
161855,0
161856,0
161857,0
161858,0
161859,0
161860,0
161861,0
161862,0
161863,0
161864,1
161865,0
161866,0
161867,0
161868,0
161869,0
161870,0
161871,0
161872,0
161873,0
161874,0
161875,1
161876,0
161877,0
161878,0
161879,0
161880,0
161881,0
161882,0
161883,0
161884,0
161885,0
161886,1
161887,0
161888,0
161889,0
161890,0
161891,0
161892,0
161893,0
161894,0
161895,1
161896,0
161897,0
161898,0
161899,1
161900,0
161901,0
161902,0
161903,0
161904,0
161905,0
161906,0
161907,1
161908,0
161909,0
161910,0
161911,0
161912,0
161913,0
161914,0
161915,0
161916,0
161917,0
161918,0
161919,0
161920,0
161921,0
161922,0
161923,0
161924,0
161925,1
161926,1
161927,0
161928,0
161929,0
161930,0
161931,0
161932,0
161933,0
161934,1
161935,0
161936,0
161937,0
161938,0
161939,0
161940,0
161941,0
161942,0
161943,0
161944,0
161945,0
161946,1
161947,0
161948,0
161949,0
161950,0
161951,1
161952,1
161953,0
161954,0
161955,0
161956,0
161957,0
161958,0
161959,0
161960,0
161961,0
161962,0
161963,0
161964,0
161965,0
161966,1
161967,0
161968,1
161969,0
161970,0
161971,0
161972,0
161973,0
161974,0
161975,1
161976,0
161977,0
161978,0
161979,0
161980,0
161981,0
161982,0
161983,0
161984,0
161985,0
161986,0
161987,0
161988,0
161989,0
161990,0
161991,0
161992,0
161993,0
161994,0
161995,0
161996,0
161997,0
161998,0
161999,1
162000,0
162001,0
162002,0
162003,0
162004,1
162005,0
162006,0
162007,0
162008,0
162009,0
162010,0
162011,0
162012,0
162013,0
162014,0
162015,0
162016,0
162017,0
162018,0
162019,0
162020,0
162021,0
162022,0
162023,0
162024,0
162025,0
162026,0
162027,1
162028,0
162029,0
162030,0
162031,0
162032,0
162033,0
162034,0
162035,0
162036,0
162037,1
162038,0
162039,0
162040,0
162041,0
162042,0
162043,0
162044,0
162045,0
162046,0
162047,0
162048,1
162049,0
162050,0
162051,0
162052,0
162053,0
162054,0
162055,0
162056,0
162057,0
162058,0
162059,0
162060,0
162061,0
162062,0
162063,0
162064,1
162065,0
162066,0
162067,0
162068,1
162069,0
162070,1
162071,0
162072,1
162073,1
162074,0
162075,0
162076,1
162077,0
162078,0
162079,0
162080,0
162081,0
162082,0
162083,0
162084,0
162085,0
162086,0
162087,0
162088,0
162089,0
162090,0
162091,1
162092,0
162093,0
162094,0
162095,1
162096,1
162097,1
162098,0
162099,0
162100,0
162101,0
162102,0
162103,0
162104,0
162105,0
162106,0
162107,0
162108,0
162109,0
162110,0
162111,0
162112,0
162113,0
162114,0
162115,0
162116,0
162117,0
162118,0
162119,0
162120,0
162121,0
162122,0
162123,0
162124,0
162125,0
162126,0
162127,0
162128,0
162129,0
162130,0
162131,0
162132,0
162133,0
162134,0
162135,0
162136,0
162137,0
162138,0
162139,0
162140,1
162141,1
162142,0
162143,0
162144,0
162145,1
162146,0
162147,0
162148,0
162149,0
162150,0
162151,0
162152,1
162153,0
162154,0
162155,1
162156,0
162157,1
162158,1
162159,0
162160,0
162161,0
162162,0
162163,0
162164,0
162165,0
162166,0
162167,0
162168,0
162169,0
162170,0
162171,0
162172,0
162173,1
162174,0
162175,0
162176,0
162177,0
162178,0
162179,1
162180,0
162181,0
162182,0
162183,0
162184,0
162185,0
162186,0
162187,0
162188,0
162189,0
162190,0
162191,0
162192,0
162193,0
162194,0
162195,0
162196,0
162197,0
162198,0
162199,0
162200,0
162201,0
162202,0
162203,0
162204,0
162205,0
162206,0
162207,0
162208,0
162209,0
162210,0
162211,0
162212,0
162213,0
162214,1
162215,1
162216,0
162217,1
162218,0
162219,0
162220,1
162221,0
162222,0
162223,0
162224,0
162225,0
162226,1
162227,0
162228,0
162229,0
162230,1
162231,1
162232,0
162233,0
162234,0
162235,1
162236,0
162237,0
162238,0
162239,0
162240,0
162241,0
162242,0
162243,0
162244,0
162245,1
162246,1
162247,0
162248,0
162249,1
162250,0
162251,1
162252,0
162253,0
162254,0
162255,1
162256,0
162257,0
162258,0
162259,0
162260,0
162261,0
162262,1
162263,1
162264,0
162265,0
162266,0
162267,0
162268,0
162269,0
162270,0
162271,0
162272,0
162273,0
162274,0
162275,0
162276,0
162277,0
162278,0
162279,0
162280,0
162281,0
162282,1
162283,0
162284,1
162285,0
162286,0
162287,0
162288,0
162289,0
162290,0
162291,0
162292,0
162293,1
162294,0
162295,0
162296,1
162297,0
162298,0
162299,0
162300,0
162301,1
162302,1
162303,0
162304,0
162305,0
162306,1
162307,0
162308,0
162309,0
162310,0
162311,0
162312,0
162313,0
162314,0
162315,1
162316,1
162317,0
162318,0
162319,0
162320,0
162321,0
162322,0
162323,0
162324,0
162325,0
162326,0
162327,0
162328,0
162329,0
162330,0
162331,0
162332,0
162333,1
162334,0
162335,0
162336,0
162337,0
162338,0
162339,0
162340,0
162341,0
162342,0
162343,0
162344,1
162345,0
162346,0
162347,0
162348,0
162349,0
162350,0
162351,1
162352,0
162353,0
162354,0
162355,0
162356,0
162357,0
162358,0
162359,0
162360,0
162361,0
162362,0
162363,0
162364,0
162365,0
162366,0
162367,0
162368,0
162369,0
162370,1
162371,0
162372,0
162373,0
162374,0
162375,0
162376,0
162377,0
162378,0
162379,0
162380,0
162381,0
162382,0
162383,0
162384,0
162385,1
162386,0
162387,0
162388,0
162389,0
162390,0
162391,0
162392,1
162393,0
162394,0
162395,0
162396,0
162397,1
162398,0
162399,1
162400,0
162401,0
162402,0
162403,0
162404,1
162405,0
162406,0
162407,0
162408,0
162409,0
162410,0
162411,0
162412,1
162413,1
162414,0
162415,0
162416,1
162417,1
162418,0
162419,0
162420,0
162421,0
162422,0
162423,0
162424,0
162425,0
162426,0
162427,1
162428,0
162429,1
162430,1
162431,0
162432,0
162433,0
162434,1
162435,0
162436,0
162437,1
162438,0
162439,1
162440,0
162441,0
162442,0
162443,1
162444,0
162445,0
162446,0
162447,1
162448,0
162449,0
162450,1
162451,0
162452,0
162453,0
162454,0
162455,0
162456,1
162457,1
162458,0
162459,0
162460,0
162461,1
162462,0
162463,0
162464,0
162465,0
162466,0
162467,1
162468,0
162469,0
162470,0
162471,0
162472,0
162473,0
162474,0
162475,0
162476,0
162477,0
162478,0
162479,1
162480,0
162481,0
162482,0
162483,0
162484,1
162485,0
162486,0
162487,0
162488,0
162489,0
162490,0
162491,0
162492,0
162493,0
162494,1
162495,0
162496,0
162497,0
162498,1
162499,0
162500,0
162501,0
162502,0
162503,0
162504,0
162505,0
162506,0
162507,0
162508,0
162509,0
162510,0
162511,0
162512,0
162513,0
162514,1
162515,0
162516,0
162517,0
162518,0
162519,0
162520,0
162521,0
162522,0
162523,0
162524,0
162525,0
162526,0
162527,0
162528,1
162529,0
162530,0
162531,0
162532,0
162533,0
162534,1
162535,0
162536,0
162537,0
162538,0
162539,1
162540,0
162541,1
162542,0
162543,0
162544,0
162545,0
162546,0
162547,0
162548,0
162549,0
162550,0
162551,1
162552,0
162553,0
162554,0
162555,0
162556,0
162557,0
162558,0
162559,0
162560,0
162561,0
162562,0
162563,0
162564,0
162565,0
162566,0
162567,0
162568,0
162569,0
162570,0
162571,0
162572,0
162573,0
162574,0
162575,0
162576,0
162577,0
162578,0
162579,0
162580,0
162581,0
162582,0
162583,1
162584,0
162585,0
162586,0
162587,0
162588,1
162589,0
162590,0
162591,0
162592,0
162593,0
162594,0
162595,0
162596,0
162597,0
162598,0
162599,0
162600,0
162601,0
162602,0
162603,0
162604,0
162605,0
162606,0
162607,0
162608,1
162609,1
162610,0
162611,0
162612,1
162613,0
162614,0
162615,0
162616,0
162617,0
162618,1
162619,0
162620,0
162621,0
162622,1
162623,0
162624,1
162625,0
162626,0
162627,0
162628,0
162629,1
162630,0
162631,0
162632,0
162633,0
162634,1
162635,0
162636,0
162637,1
162638,0
162639,0
162640,0
162641,0
162642,0
162643,1
162644,0
162645,0
162646,0
162647,0
162648,0
162649,0
162650,1
162651,0
162652,1
162653,0
162654,0
162655,0
162656,0
162657,0
162658,0
162659,0
162660,0
162661,0
162662,0
162663,0
162664,0
162665,0
162666,0
162667,0
162668,0
162669,0
162670,1
162671,0
162672,0
162673,0
162674,0
162675,0
162676,0
162677,1
162678,1
162679,0
162680,0
162681,0
162682,0
162683,0
162684,0
162685,1
162686,0
162687,0
162688,0
162689,0
162690,0
162691,0
162692,0
162693,0
162694,0
162695,0
162696,0
162697,0
162698,0
162699,0
162700,0
162701,1
162702,0
162703,0
162704,0
162705,0
162706,0
162707,0
162708,0
162709,0
162710,0
162711,0
162712,1
162713,0
162714,0
162715,1
162716,0
162717,0
162718,0
162719,0
162720,0
162721,0
162722,0
162723,0
162724,1
162725,0
162726,0
162727,0
162728,0
162729,0
162730,1
162731,0
162732,0
162733,0
162734,0
162735,0
162736,1
162737,0
162738,0
162739,0
162740,0
162741,0
162742,0
162743,0
162744,1
162745,0
162746,0
162747,0
162748,0
162749,0
162750,0
162751,0
162752,0
162753,0
162754,0
162755,0
162756,0
162757,0
162758,0
162759,0
162760,0
162761,0
162762,1
162763,0
162764,1
162765,0
162766,0
162767,0
162768,0
162769,0
162770,0
162771,0
162772,0
162773,0
162774,0
162775,1
162776,0
162777,0
162778,0
162779,0
162780,0
162781,0
162782,0
162783,0
162784,0
162785,0
162786,0
162787,0
162788,0
162789,1
162790,0
162791,0
162792,0
162793,0
162794,0
162795,0
162796,1
162797,0
162798,0
162799,0
162800,0
162801,0
162802,0
162803,0
162804,0
162805,0
162806,1
162807,0
162808,0
162809,0
162810,0
162811,0
162812,0
162813,0
162814,0
162815,0
162816,0
162817,0
162818,1
162819,0
162820,0
162821,0
162822,0
162823,0
162824,1
162825,0
162826,0
162827,0
162828,0
162829,0
162830,0
162831,0
162832,0
162833,0
162834,0
162835,0
162836,0
162837,0
162838,1
162839,0
162840,0
162841,0
162842,0
162843,0
162844,1
162845,0
162846,0
162847,0
162848,1
162849,0
162850,0
162851,0
162852,0
162853,0
162854,0
162855,1
162856,0
162857,0
162858,0
162859,0
162860,0
162861,0
162862,0
162863,0
162864,1
162865,0
162866,0
162867,1
162868,0
162869,0
162870,0
162871,1
162872,0
162873,0
162874,1
162875,0
162876,0
162877,0
162878,0
162879,0
162880,0
162881,0
162882,1
162883,0
162884,0
162885,0
162886,0
162887,1
162888,0
162889,0
162890,0
162891,0
162892,0
162893,0
162894,0
162895,0
162896,0
162897,0
162898,0
162899,0
162900,0
162901,0
162902,0
162903,0
162904,1
162905,1
162906,0
162907,0
162908,1
162909,0
162910,0
162911,0
162912,0
162913,0
162914,0
162915,0
162916,0
162917,0
162918,0
162919,0
162920,1
162921,0
162922,0
162923,0
162924,0
162925,0
162926,0
162927,0
162928,0
162929,0
162930,1
162931,0
162932,0
162933,0
162934,0
162935,0
162936,0
162937,0
162938,0
162939,0
162940,0
162941,0
162942,0
162943,0
162944,1
162945,0
162946,0
162947,0
162948,0
162949,0
162950,0
162951,0
162952,0
162953,0
162954,0
162955,0
162956,0
162957,0
162958,0
162959,0
162960,0
162961,0
162962,0
162963,0
162964,0
162965,0
162966,0
162967,0
162968,0
162969,0
162970,1
162971,0
162972,0
162973,0
162974,0
162975,0
162976,0
162977,0
162978,0
162979,1
162980,0
162981,0
162982,0
162983,0
162984,0
162985,0
162986,0
162987,0
162988,0
162989,0
162990,0
162991,0
162992,0
162993,0
162994,0
162995,0
162996,0
162997,0
162998,1
162999,0
163000,0
163001,0
163002,0
163003,0
163004,0
163005,1
163006,0
163007,0
163008,0
163009,1
163010,0
163011,0
163012,0
163013,0
163014,0
163015,0
163016,0
163017,0
163018,0
163019,0
163020,0
163021,0
163022,0
163023,0
163024,0
163025,1
163026,1
163027,0
163028,0
163029,0
163030,0
163031,0
163032,1
163033,0
163034,0
163035,0
163036,0
163037,1
163038,0
163039,0
163040,1
163041,0
163042,0
163043,0
163044,0
163045,0
163046,0
163047,0
163048,0
163049,0
163050,0
163051,0
163052,1
163053,0
163054,1
163055,0
163056,1
163057,0
163058,1
163059,0
163060,0
163061,0
163062,0
163063,1
163064,1
163065,0
163066,0
163067,0
163068,0
163069,0
163070,0
163071,0
163072,0
163073,0
163074,0
163075,1
163076,1
163077,0
163078,0
163079,0
163080,0
163081,0
163082,0
163083,0
163084,0
163085,1
163086,0
163087,0
163088,0
163089,0
163090,0
163091,0
163092,0
163093,0
163094,0
163095,0
163096,0
163097,0
163098,0
163099,0
163100,0
163101,0
163102,1
163103,0
163104,0
163105,1
163106,0
163107,0
163108,0
163109,0
163110,0
163111,0
163112,0
163113,0
163114,1
163115,0
163116,0
163117,0
163118,0
163119,1
163120,0
163121,0
163122,0
163123,1
163124,0
163125,0
163126,0
163127,0
163128,1
163129,0
163130,0
163131,0
163132,1
163133,0
163134,0
163135,0
163136,0
163137,1
163138,0
163139,1
163140,0
163141,0
163142,0
163143,0
163144,0
163145,0
163146,1
163147,0
163148,0
163149,0
163150,0
163151,0
163152,0
163153,0
163154,0
163155,0
163156,0
163157,0
163158,1
163159,0
163160,0
163161,0
163162,0
163163,0
163164,0
163165,1
163166,0
163167,0
163168,1
163169,0
163170,0
163171,0
163172,1
163173,0
163174,0
163175,0
163176,0
163177,1
163178,0
163179,0
163180,0
163181,0
163182,0
163183,0
163184,0
163185,0
163186,0
163187,0
163188,0
163189,1
163190,0
163191,1
163192,0
163193,0
163194,0
163195,0
163196,0
163197,0
163198,0
163199,0
163200,1
163201,1
163202,0
163203,0
163204,0
163205,0
163206,0
163207,0
163208,0
163209,0
163210,0
163211,0
163212,0
163213,0
163214,0
163215,0
163216,0
163217,0
163218,0
163219,0
163220,0
163221,0
163222,1
163223,0
163224,0
163225,0
163226,0
163227,1
163228,0
163229,0
163230,1
163231,0
163232,0
163233,0
163234,0
163235,0
163236,0
163237,0
163238,0
163239,1
163240,0
163241,0
163242,0
163243,0
163244,0
163245,0
163246,0
163247,0
163248,0
163249,1
163250,0
163251,0
163252,0
163253,0
163254,0
163255,0
163256,0
163257,1
163258,0
163259,1
163260,0
163261,0
163262,0
163263,0
163264,0
163265,0
163266,0
163267,1
163268,0
163269,0
163270,0
163271,0
163272,0
163273,0
163274,0
163275,0
163276,0
163277,0
163278,1
163279,0
163280,0
163281,0
163282,0
163283,1
163284,0
163285,0
163286,0
163287,0
163288,0
163289,0
163290,0
163291,0
163292,0
163293,1
163294,0
163295,0
163296,0
163297,0
163298,0
163299,0
163300,0
163301,0
163302,1
163303,1
163304,1
163305,0
163306,1
163307,1
163308,0
163309,0
163310,0
163311,0
163312,0
163313,0
163314,0
163315,1
163316,0
163317,0
163318,0
163319,1
163320,0
163321,0
163322,0
163323,0
163324,0
163325,0
163326,0
163327,0
163328,0
163329,0
163330,0
163331,0
163332,0
163333,0
163334,1
163335,0
163336,0
163337,0
163338,1
163339,0
163340,0
163341,0
163342,0
163343,1
163344,0
163345,0
163346,1
163347,0
163348,0
163349,0
163350,0
163351,0
163352,0
163353,0
163354,1
163355,0
163356,0
163357,0
163358,0
163359,0
163360,0
163361,0
163362,0
163363,0
163364,1
163365,0
163366,0
163367,0
163368,0
163369,0
163370,0
163371,0
163372,0
163373,0
163374,0
163375,1
163376,0
163377,0
163378,0
163379,0
163380,0
163381,0
163382,0
163383,1
163384,1
163385,0
163386,0
163387,0
163388,0
163389,1
163390,0
163391,0
163392,0
163393,0
163394,0
163395,0
163396,0
163397,0
163398,0
163399,0
163400,0
163401,0
163402,0
163403,0
163404,0
163405,0
163406,0
163407,0
163408,1
163409,0
163410,0
163411,0
163412,0
163413,0
163414,0
163415,0
163416,0
163417,1
163418,0
163419,1
163420,0
163421,0
163422,0
163423,0
163424,0
163425,0
163426,0
163427,0
163428,0
163429,0
163430,0
163431,1
163432,0
163433,0
163434,0
163435,0
163436,0
163437,0
163438,0
163439,1
163440,0
163441,0
163442,1
163443,0
163444,0
163445,0
163446,0
163447,0
163448,0
163449,0
163450,0
163451,0
163452,0
163453,0
163454,1
163455,0
163456,0
163457,1
163458,0
163459,0
163460,0
163461,0
163462,0
163463,0
163464,0
163465,0
163466,0
163467,0
163468,0
163469,0
163470,0
163471,0
163472,0
163473,0
163474,0
163475,0
163476,0
163477,0
163478,1
163479,0
163480,0
163481,0
163482,1
163483,0
163484,0
163485,0
163486,0
163487,0
163488,0
163489,0
163490,0
163491,0
163492,0
163493,0
163494,0
163495,0
163496,1
163497,0
163498,0
163499,0
163500,0
163501,0
163502,0
163503,0
163504,0
163505,0
163506,0
163507,0
163508,1
163509,1
163510,0
163511,1
163512,1
163513,0
163514,0
163515,0
163516,0
163517,1
163518,1
163519,0
163520,0
163521,1
163522,1
163523,0
163524,0
163525,1
163526,0
163527,0
163528,0
163529,0
163530,0
163531,0
163532,0
163533,0
163534,0
163535,0
163536,0
163537,0
163538,0
163539,0
163540,0
163541,1
163542,0
163543,0
163544,1
163545,1
163546,0
163547,0
163548,1
163549,0
163550,0
163551,0
163552,0
163553,0
163554,0
163555,0
163556,0
163557,0
163558,0
163559,0
163560,1
163561,1
163562,0
163563,0
163564,0
163565,0
163566,0
163567,0
163568,0
163569,0
163570,0
163571,0
163572,0
163573,0
163574,0
163575,0
163576,0
163577,0
163578,0
163579,0
163580,0
163581,0
163582,0
163583,0
163584,0
163585,0
163586,0
163587,0
163588,0
163589,0
163590,0
163591,0
163592,0
163593,0
163594,0
163595,0
163596,1
163597,1
163598,1
163599,0
163600,0
163601,0
163602,0
163603,0
163604,0
163605,0
163606,0
163607,0
163608,0
163609,1
163610,0
163611,0
163612,0
163613,1
163614,0
163615,0
163616,0
163617,0
163618,0
163619,0
163620,0
163621,0
163622,0
163623,0
163624,0
163625,0
163626,0
163627,0
163628,0
163629,1
163630,1
163631,0
163632,1
163633,1
163634,0
163635,0
163636,0
163637,0
163638,0
163639,1
163640,0
163641,1
163642,1
163643,0
163644,0
163645,0
163646,0
163647,1
163648,0
163649,0
163650,0
163651,1
163652,0
163653,0
163654,0
163655,0
163656,0
163657,0
163658,0
163659,0
163660,0
163661,0
163662,0
163663,0
163664,0
163665,0
163666,0
163667,0
163668,0
163669,0
163670,0
163671,0
163672,0
163673,0
163674,0
163675,0
163676,0
163677,0
163678,0
163679,0
163680,0
163681,0
163682,0
163683,0
163684,0
163685,0
163686,1
163687,0
163688,0
163689,0
163690,1
163691,0
163692,0
163693,0
163694,1
163695,1
163696,0
163697,0
163698,0
163699,0
163700,0
163701,0
163702,0
163703,0
163704,0
163705,0
163706,1
163707,0
163708,0
163709,1
163710,0
163711,0
163712,0
163713,0
163714,0
163715,0
163716,0
163717,0
163718,1
163719,1
163720,0
163721,0
163722,1
163723,0
163724,0
163725,1
163726,0
163727,0
163728,0
163729,0
163730,0
163731,0
163732,0
163733,0
163734,1
163735,1
163736,0
163737,0
163738,0
163739,1
163740,0
163741,0
163742,0
163743,0
163744,0
163745,0
163746,0
163747,1
163748,0
163749,0
163750,0
163751,0
163752,0
163753,0
163754,0
163755,0
163756,0
163757,1
163758,0
163759,0
163760,0
163761,0
163762,0
163763,0
163764,0
163765,0
163766,0
163767,0
163768,0
163769,0
163770,0
163771,0
163772,0
163773,0
163774,0
163775,1
163776,0
163777,0
163778,0
163779,0
163780,0
163781,0
163782,0
163783,0
163784,1
163785,0
163786,0
163787,0
163788,0
163789,1
163790,0
163791,0
163792,0
163793,0
163794,0
163795,0
163796,0
163797,0
163798,0
163799,0
163800,1
163801,1
163802,0
163803,0
163804,0
163805,0
163806,0
163807,0
163808,0
163809,0
163810,0
163811,0
163812,1
163813,1
163814,1
163815,0
163816,0
163817,0
163818,0
163819,0
163820,0
163821,0
163822,0
163823,1
163824,0
163825,0
163826,1
163827,0
163828,0
163829,0
163830,0
163831,0
163832,0
163833,0
163834,0
163835,0
163836,1
163837,0
163838,0
163839,0
163840,0
163841,0
163842,0
163843,0
163844,1
163845,0
163846,0
163847,0
163848,0
163849,0
163850,0
163851,0
163852,0
163853,0
163854,0
163855,0
163856,0
163857,0
163858,0
163859,0
163860,0
163861,0
163862,0
163863,0
163864,0
163865,0
163866,0
163867,0
163868,0
163869,0
163870,0
163871,0
163872,0
163873,0
163874,0
163875,0
163876,0
163877,0
163878,0
163879,0
163880,0
163881,1
163882,0
163883,1
163884,0
163885,0
163886,1
163887,1
163888,0
163889,0
163890,0
163891,0
163892,0
163893,0
163894,1
163895,1
163896,0
163897,0
163898,0
163899,0
163900,0
163901,0
163902,1
163903,0
163904,0
163905,0
163906,0
163907,0
163908,0
163909,0
163910,0
163911,0
163912,0
163913,0
163914,0
163915,0
163916,1
163917,0
163918,0
163919,0
163920,0
163921,0
163922,0
163923,0
163924,0
163925,0
163926,0
163927,0
163928,1
163929,0
163930,0
163931,0
163932,0
163933,0
163934,0
163935,0
163936,0
163937,0
163938,0
163939,0
163940,0
163941,0
163942,0
163943,0
163944,0
163945,0
163946,0
163947,0
163948,0
163949,0
163950,0
163951,0
163952,0
163953,0
163954,1
163955,0
163956,0
163957,0
163958,0
163959,0
163960,0
163961,0
163962,1
163963,1
163964,0
163965,0
163966,1
163967,0
163968,0
163969,0
163970,0
163971,0
163972,0
163973,0
163974,0
163975,0
163976,0
163977,1
163978,0
163979,0
163980,0
163981,0
163982,0
163983,0
163984,0
163985,0
163986,0
163987,1
163988,1
163989,0
163990,0
163991,0
163992,0
163993,0
163994,0
163995,1
163996,0
163997,0
163998,0
163999,0
164000,1
164001,0
164002,0
164003,1
164004,1
164005,0
164006,0
164007,1
164008,0
164009,0
164010,0
164011,0
164012,0
164013,0
164014,0
164015,0
164016,0
164017,0
164018,0
164019,0
164020,1
164021,1
164022,0
164023,0
164024,0
164025,0
164026,0
164027,0
164028,0
164029,0
164030,0
164031,0
164032,0
164033,0
164034,0
164035,0
164036,0
164037,1
164038,0
164039,0
164040,0
164041,0
164042,0
164043,0
164044,0
164045,0
164046,0
164047,0
164048,1
164049,0
164050,0
164051,0
164052,1
164053,0
164054,0
164055,0
164056,0
164057,0
164058,1
164059,0
164060,0
164061,0
164062,0
164063,0
164064,0
164065,0
164066,0
164067,0
164068,0
164069,0
164070,0
164071,0
164072,1
164073,0
164074,0
164075,0
164076,0
164077,0
164078,0
164079,0
164080,0
164081,0
164082,0
164083,0
164084,0
164085,0
164086,0
164087,0
164088,0
164089,0
164090,0
164091,0
164092,0
164093,0
164094,0
164095,0
164096,1
164097,0
164098,1
164099,0
164100,1
164101,0
164102,0
164103,0
164104,0
164105,0
164106,0
164107,0
164108,0
164109,0
164110,0
164111,0
164112,0
164113,0
164114,0
164115,0
164116,1
164117,0
164118,0
164119,0
164120,0
164121,1
164122,0
164123,0
164124,0
164125,0
164126,0
164127,0
164128,0
164129,1
164130,1
164131,0
164132,0
164133,0
164134,0
164135,1
164136,0
164137,0
164138,0
164139,0
164140,0
164141,0
164142,0
164143,0
164144,0
164145,0
164146,0
164147,0
164148,0
164149,0
164150,0
164151,0
164152,0
164153,0
164154,0
164155,0
164156,0
164157,0
164158,0
164159,0
164160,0
164161,0
164162,0
164163,0
164164,0
164165,0
164166,0
164167,0
164168,0
164169,0
164170,0
164171,0
164172,0
164173,0
164174,0
164175,0
164176,0
164177,0
164178,0
164179,0
164180,0
164181,0
164182,0
164183,0
164184,0
164185,0
164186,0
164187,0
164188,0
164189,0
164190,0
164191,0
164192,0
164193,0
164194,0
164195,0
164196,1
164197,0
164198,0
164199,0
164200,0
164201,1
164202,0
164203,0
164204,0
164205,0
164206,0
164207,0
164208,0
164209,0
164210,0
164211,0
164212,0
164213,0
164214,0
164215,1
164216,0
164217,0
164218,0
164219,0
164220,1
164221,1
164222,0
164223,0
164224,0
164225,0
164226,0
164227,0
164228,0
164229,0
164230,0
164231,0
164232,0
164233,0
164234,0
164235,0
164236,0
164237,1
164238,1
164239,0
164240,0
164241,0
164242,0
164243,0
164244,0
164245,0
164246,0
164247,0
164248,0
164249,0
164250,0
164251,0
164252,0
164253,0
164254,0
164255,0
164256,0
164257,1
164258,0
164259,0
164260,1
164261,0
164262,0
164263,0
164264,0
164265,0
164266,0
164267,0
164268,0
164269,0
164270,0
164271,0
164272,0
164273,0
164274,1
164275,0
164276,0
164277,0
164278,0
164279,0
164280,0
164281,0
164282,0
164283,0
164284,0
164285,0
164286,0
164287,0
164288,1
164289,0
164290,0
164291,0
164292,0
164293,0
164294,0
164295,0
164296,0
164297,0
164298,0
164299,1
164300,1
164301,0
164302,0
164303,0
164304,0
164305,0
164306,0
164307,1
164308,0
164309,0
164310,0
164311,0
164312,0
164313,0
164314,0
164315,0
164316,0
164317,0
164318,0
164319,0
164320,0
164321,0
164322,0
164323,0
164324,0
164325,0
164326,0
164327,0
164328,0
164329,0
164330,0
164331,0
164332,0
164333,0
164334,1
164335,0
164336,1
164337,1
164338,0
164339,0
164340,0
164341,0
164342,0
164343,0
164344,1
164345,0
164346,0
164347,0
164348,0
164349,0
164350,1
164351,1
164352,0
164353,0
164354,0
164355,0
164356,0
164357,0
164358,0
164359,0
164360,0
164361,0
164362,0
164363,0
164364,0
164365,0
164366,0
164367,0
164368,0
164369,1
164370,0
164371,0
164372,0
164373,0
164374,0
164375,0
164376,0
164377,0
164378,0
164379,0
164380,0
164381,0
164382,0
164383,0
164384,0
164385,0
164386,0
164387,0
164388,0
164389,0
164390,0
164391,0
164392,0
164393,0
164394,0
164395,0
164396,1
164397,0
164398,0
164399,1
164400,0
164401,0
164402,0
164403,0
164404,0
164405,0
164406,0
164407,0
164408,0
164409,1
164410,0
164411,1
164412,0
164413,0
164414,0
164415,0
164416,0
164417,0
164418,0
164419,0
164420,1
164421,0
164422,0
164423,1
164424,0
164425,0
164426,0
164427,0
164428,0
164429,0
164430,0
164431,0
164432,0
164433,0
164434,0
164435,0
164436,0
164437,0
164438,0
164439,0
164440,0
164441,1
164442,0
164443,0
164444,0
164445,0
164446,0
164447,0
164448,0
164449,0
164450,0
164451,1
164452,0
164453,1
164454,0
164455,0
164456,0
164457,0
164458,0
164459,1
164460,0
164461,0
164462,0
164463,1
164464,0
164465,0
164466,0
164467,0
164468,0
164469,1
164470,0
164471,0
164472,1
164473,0
164474,0
164475,0
164476,0
164477,0
164478,0
164479,1
164480,0
164481,0
164482,0
164483,0
164484,0
164485,0
164486,0
164487,0
164488,0
164489,0
164490,0
164491,0
164492,0
164493,0
164494,0
164495,0
164496,0
164497,0
164498,0
164499,0
164500,0
164501,0
164502,0
164503,0
164504,0
164505,0
164506,0
164507,0
164508,0
164509,0
164510,0
164511,0
164512,0
164513,0
164514,0
164515,0
164516,0
164517,0
164518,0
164519,0
164520,0
164521,0
164522,1
164523,0
164524,0
164525,1
164526,0
164527,0
164528,1
164529,0
164530,1
164531,1
164532,0
164533,0
164534,0
164535,0
164536,0
164537,0
164538,1
164539,0
164540,1
164541,0
164542,0
164543,0
164544,0
164545,0
164546,0
164547,0
164548,0
164549,0
164550,0
164551,0
164552,0
164553,0
164554,0
164555,0
164556,0
164557,0
164558,1
164559,0
164560,0
164561,0
164562,0
164563,0
164564,0
164565,0
164566,1
164567,0
164568,0
164569,0
164570,0
164571,0
164572,0
164573,0
164574,0
164575,0
164576,1
164577,0
164578,0
164579,1
164580,1
164581,0
164582,0
164583,0
164584,1
164585,0
164586,0
164587,0
164588,1
164589,1
164590,0
164591,0
164592,0
164593,1
164594,0
164595,0
164596,0
164597,0
164598,0
164599,0
164600,0
164601,0
164602,0
164603,0
164604,0
164605,0
164606,0
164607,0
164608,0
164609,0
164610,0
164611,0
164612,0
164613,0
164614,0
164615,0
164616,0
164617,0
164618,0
164619,1
164620,0
164621,0
164622,1
164623,0
164624,0
164625,0
164626,0
164627,0
164628,0
164629,0
164630,0
164631,0
164632,0
164633,0
164634,0
164635,0
164636,1
164637,0
164638,0
164639,0
164640,0
164641,0
164642,0
164643,0
164644,0
164645,0
164646,1
164647,1
164648,0
164649,0
164650,0
164651,0
164652,1
164653,0
164654,0
164655,0
164656,0
164657,0
164658,0
164659,0
164660,0
164661,0
164662,0
164663,1
164664,0
164665,0
164666,0
164667,0
164668,0
164669,0
164670,0
164671,1
164672,0
164673,0
164674,0
164675,0
164676,0
164677,0
164678,0
164679,0
164680,0
164681,0
164682,0
164683,0
164684,1
164685,0
164686,0
164687,1
164688,0
164689,0
164690,0
164691,0
164692,0
164693,1
164694,0
164695,0
164696,0
164697,0
164698,0
164699,0
164700,0
164701,0
164702,0
164703,0
164704,0
164705,1
164706,0
164707,0
164708,0
164709,0
164710,0
164711,0
164712,0
164713,0
164714,0
164715,0
164716,1
164717,0
164718,0
164719,1
164720,0
164721,0
164722,0
164723,0
164724,0
164725,0
164726,0
164727,1
164728,0
164729,0
164730,0
164731,0
164732,0
164733,0
164734,0
164735,0
164736,0
164737,0
164738,0
164739,1
164740,0
164741,1
164742,0
164743,1
164744,0
164745,1
164746,0
164747,0
164748,0
164749,0
164750,0
164751,0
164752,0
164753,0
164754,0
164755,0
164756,0
164757,0
164758,0
164759,0
164760,0
164761,0
164762,0
164763,0
164764,0
164765,0
164766,1
164767,0
164768,0
164769,0
164770,0
164771,0
164772,0
164773,0
164774,0
164775,0
164776,0
164777,0
164778,0
164779,0
164780,0
164781,0
164782,0
164783,0
164784,0
164785,0
164786,0
164787,0
164788,0
164789,0
164790,0
164791,0
164792,1
164793,0
164794,0
164795,0
164796,0
164797,0
164798,0
164799,0
164800,0
164801,0
164802,0
164803,0
164804,0
164805,1
164806,0
164807,0
164808,0
164809,0
164810,0
164811,0
164812,0
164813,0
164814,0
164815,0
164816,0
164817,0
164818,0
164819,0
164820,0
164821,0
164822,0
164823,0
164824,0
164825,0
164826,0
164827,0
164828,0
164829,0
164830,0
164831,0
164832,1
164833,0
164834,1
164835,0
164836,0
164837,0
164838,0
164839,1
164840,1
164841,0
164842,0
164843,0
164844,0
164845,0
164846,0
164847,1
164848,0
164849,0
164850,0
164851,0
164852,0
164853,1
164854,0
164855,0
164856,0
164857,0
164858,0
164859,0
164860,0
164861,1
164862,0
164863,0
164864,0
164865,0
164866,0
164867,0
164868,0
164869,1
164870,0
164871,0
164872,0
164873,0
164874,0
164875,0
164876,0
164877,0
164878,0
164879,0
164880,0
164881,0
164882,0
164883,0
164884,0
164885,0
164886,0
164887,1
164888,0
164889,0
164890,0
164891,0
164892,0
164893,0
164894,0
164895,0
164896,0
164897,0
164898,0
164899,0
164900,0
164901,1
164902,0
164903,0
164904,0
164905,0
164906,0
164907,0
164908,0
164909,1
164910,0
164911,0
164912,0
164913,0
164914,0
164915,0
164916,0
164917,0
164918,0
164919,0
164920,0
164921,0
164922,0
164923,0
164924,0
164925,0
164926,0
164927,0
164928,0
164929,0
164930,0
164931,0
164932,0
164933,0
164934,0
164935,0
164936,0
164937,0
164938,0
164939,0
164940,0
164941,0
164942,0
164943,1
164944,0
164945,0
164946,0
164947,0
164948,0
164949,0
164950,0
164951,0
164952,0
164953,0
164954,0
164955,0
164956,0
164957,0
164958,1
164959,0
164960,0
164961,0
164962,0
164963,0
164964,0
164965,0
164966,0
164967,1
164968,0
164969,0
164970,0
164971,0
164972,0
164973,0
164974,0
164975,1
164976,0
164977,0
164978,0
164979,0
164980,0
164981,0
164982,0
164983,0
164984,0
164985,0
164986,0
164987,0
164988,0
164989,0
164990,0
164991,1
164992,0
164993,0
164994,0
164995,0
164996,0
164997,0
164998,0
164999,0
165000,0
165001,0
165002,0
165003,0
165004,1
165005,1
165006,0
165007,0
165008,0
165009,0
165010,0
165011,0
165012,0
165013,0
165014,0
165015,0
165016,0
165017,0
165018,0
165019,0
165020,0
165021,0
165022,0
165023,0
165024,0
165025,1
165026,0
165027,0
165028,0
165029,0
165030,0
165031,0
165032,0
165033,0
165034,0
165035,0
165036,0
165037,1
165038,0
165039,0
165040,0
165041,0
165042,0
165043,0
165044,0
165045,0
165046,0
165047,1
165048,1
165049,1
165050,0
165051,0
165052,0
165053,1
165054,0
165055,0
165056,0
165057,0
165058,0
165059,0
165060,0
165061,0
165062,0
165063,0
165064,0
165065,1
165066,0
165067,0
165068,0
165069,0
165070,0
165071,0
165072,0
165073,0
165074,0
165075,1
165076,0
165077,0
165078,0
165079,0
165080,0
165081,0
165082,0
165083,0
165084,0
165085,0
165086,0
165087,0
165088,0
165089,0
165090,0
165091,0
165092,0
165093,0
165094,0
165095,0
165096,0
165097,0
165098,0
165099,0
165100,0
165101,0
165102,0
165103,0
165104,0
165105,0
165106,1
165107,0
165108,0
165109,0
165110,0
165111,0
165112,0
165113,0
165114,0
165115,0
165116,0
165117,0
165118,0
165119,0
165120,0
165121,0
165122,0
165123,0
165124,0
165125,0
165126,1
165127,0
165128,0
165129,0
165130,1
165131,0
165132,0
165133,0
165134,0
165135,0
165136,0
165137,0
165138,1
165139,1
165140,0
165141,0
165142,0
165143,0
165144,0
165145,0
165146,0
165147,0
165148,0
165149,0
165150,0
165151,1
165152,0
165153,0
165154,0
165155,1
165156,0
165157,0
165158,0
165159,1
165160,0
165161,1
165162,0
165163,0
165164,0
165165,0
165166,0
165167,0
165168,0
165169,0
165170,0
165171,0
165172,0
165173,0
165174,0
165175,1
165176,0
165177,0
165178,0
165179,0
165180,0
165181,0
165182,0
165183,0
165184,0
165185,0
165186,1
165187,0
165188,0
165189,1
165190,0
165191,0
165192,0
165193,0
165194,0
165195,0
165196,0
165197,1
165198,0
165199,0
165200,0
165201,0
165202,0
165203,0
165204,0
165205,0
165206,0
165207,0
165208,0
165209,0
165210,1
165211,0
165212,0
165213,0
165214,0
165215,0
165216,0
165217,0
165218,0
165219,0
165220,0
165221,0
165222,0
165223,0
165224,0
165225,0
165226,0
165227,0
165228,0
165229,0
165230,0
165231,0
165232,0
165233,0
165234,0
165235,0
165236,0
165237,0
165238,0
165239,0
165240,0
165241,0
165242,0
165243,1
165244,0
165245,0
165246,0
165247,0
165248,0
165249,0
165250,1
165251,0
165252,0
165253,1
165254,0
165255,0
165256,0
165257,0
165258,0
165259,0
165260,0
165261,0
165262,0
165263,0
165264,0
165265,0
165266,0
165267,0
165268,1
165269,1
165270,0
165271,0
165272,0
165273,0
165274,0
165275,0
165276,0
165277,0
165278,0
165279,0
165280,0
165281,0
165282,1
165283,0
165284,0
165285,0
165286,0
165287,0
165288,0
165289,0
165290,0
165291,0
165292,0
165293,0
165294,0
165295,0
165296,0
165297,0
165298,0
165299,0
165300,0
165301,0
165302,0
165303,0
165304,0
165305,0
165306,0
165307,0
165308,0
165309,0
165310,0
165311,0
165312,0
165313,0
165314,0
165315,0
165316,0
165317,0
165318,0
165319,0
165320,0
165321,0
165322,0
165323,1
165324,0
165325,1
165326,1
165327,1
165328,0
165329,1
165330,0
165331,0
165332,0
165333,0
165334,1
165335,1
165336,0
165337,0
165338,0
165339,0
165340,0
165341,0
165342,0
165343,0
165344,1
165345,0
165346,0
165347,0
165348,0
165349,1
165350,0
165351,0
165352,0
165353,0
165354,0
165355,0
165356,0
165357,0
165358,0
165359,0
165360,0
165361,0
165362,0
165363,0
165364,0
165365,0
165366,0
165367,0
165368,0
165369,1
165370,0
165371,0
165372,0
165373,0
165374,0
165375,0
165376,0
165377,0
165378,0
165379,0
165380,0
165381,0
165382,0
165383,0
165384,1
165385,0
165386,0
165387,1
165388,0
165389,0
165390,0
165391,0
165392,0
165393,0
165394,0
165395,0
165396,0
165397,0
165398,0
165399,1
165400,0
165401,0
165402,0
165403,0
165404,0
165405,0
165406,0
165407,1
165408,0
165409,0
165410,0
165411,0
165412,0
165413,1
165414,0
165415,0
165416,0
165417,0
165418,0
165419,0
165420,1
165421,0
165422,0
165423,0
165424,0
165425,0
165426,0
165427,0
165428,0
165429,0
165430,0
165431,0
165432,0
165433,0
165434,0
165435,0
165436,0
165437,0
165438,0
165439,0
165440,0
165441,0
165442,0
165443,0
165444,0
165445,0
165446,0
165447,0
165448,0
165449,1
165450,0
165451,0
165452,0
165453,1
165454,0
165455,0
165456,0
165457,0
165458,0
165459,0
165460,0
165461,0
165462,0
165463,0
165464,0
165465,0
165466,0
165467,0
165468,0
165469,0
165470,0
165471,0
165472,0
165473,0
165474,0
165475,0
165476,0
165477,0
165478,0
165479,0
165480,0
165481,0
165482,0
165483,0
165484,1
165485,0
165486,0
165487,0
165488,0
165489,0
165490,0
165491,0
165492,0
165493,0
165494,0
165495,0
165496,0
165497,0
165498,0
165499,0
165500,0
165501,0
165502,0
165503,0
165504,0
165505,0
165506,0
165507,0
165508,0
165509,0
165510,0
165511,0
165512,1
165513,0
165514,0
165515,0
165516,0
165517,0
165518,1
165519,0
165520,0
165521,0
165522,0
165523,0
165524,0
165525,0
165526,1
165527,1
165528,0
165529,0
165530,0
165531,0
165532,0
165533,0
165534,0
165535,0
165536,0
165537,0
165538,0
165539,0
165540,0
165541,1
165542,1
165543,0
165544,0
165545,0
165546,1
165547,1
165548,1
165549,0
165550,0
165551,0
165552,0
165553,0
165554,0
165555,0
165556,0
165557,0
165558,0
165559,0
165560,0
165561,1
165562,0
165563,0
165564,0
165565,0
165566,0
165567,0
165568,0
165569,0
165570,0
165571,0
165572,0
165573,0
165574,0
165575,0
165576,0
165577,0
165578,1
165579,0
165580,0
165581,0
165582,0
165583,1
165584,0
165585,0
165586,0
165587,0
165588,0
165589,1
165590,0
165591,0
165592,0
165593,0
165594,0
165595,0
165596,0
165597,0
165598,0
165599,0
165600,0
165601,1
165602,0
165603,0
165604,0
165605,0
165606,0
165607,0
165608,0
165609,0
165610,0
165611,0
165612,0
165613,0
165614,1
165615,0
165616,1
165617,0
165618,0
165619,1
165620,1
165621,0
165622,0
165623,0
165624,0
165625,0
165626,0
165627,0
165628,0
165629,0
165630,1
165631,0
165632,1
165633,0
165634,0
165635,0
165636,0
165637,0
165638,0
165639,0
165640,0
165641,0
165642,0
165643,0
165644,0
165645,0
165646,0
165647,0
165648,0
165649,1
165650,1
165651,0
165652,0
165653,0
165654,0
165655,0
165656,0
165657,0
165658,0
165659,0
165660,0
165661,0
165662,0
165663,0
165664,0
165665,0
165666,1
165667,0
165668,0
165669,0
165670,0
165671,0
165672,0
165673,0
165674,0
165675,0
165676,0
165677,0
165678,0
165679,0
165680,0
165681,0
165682,0
165683,0
165684,1
165685,0
165686,0
165687,0
165688,0
165689,1
165690,0
165691,0
165692,0
165693,0
165694,0
165695,0
165696,0
165697,0
165698,0
165699,0
165700,0
165701,1
165702,0
165703,0
165704,0
165705,0
165706,0
165707,0
165708,0
165709,0
165710,0
165711,0
165712,0
165713,0
165714,0
165715,0
165716,0
165717,0
165718,0
165719,0
165720,0
165721,0
165722,1
165723,0
165724,0
165725,0
165726,0
165727,0
165728,0
165729,0
165730,0
165731,0
165732,0
165733,0
165734,0
165735,0
165736,0
165737,0
165738,0
165739,0
165740,1
165741,0
165742,0
165743,0
165744,0
165745,0
165746,0
165747,0
165748,0
165749,0
165750,0
165751,0
165752,0
165753,0
165754,0
165755,0
165756,0
165757,0
165758,0
165759,0
165760,0
165761,0
165762,0
165763,1
165764,1
165765,0
165766,0
165767,0
165768,0
165769,0
165770,0
165771,0
165772,0
165773,0
165774,0
165775,0
165776,0
165777,0
165778,0
165779,1
165780,0
165781,0
165782,0
165783,0
165784,0
165785,0
165786,0
165787,1
165788,0
165789,0
165790,0
165791,0
165792,1
165793,0
165794,0
165795,1
165796,0
165797,1
165798,0
165799,0
165800,1
165801,0
165802,0
165803,0
165804,0
165805,0
165806,0
165807,0
165808,0
165809,0
165810,1
165811,0
165812,0
165813,1
165814,0
165815,0
165816,0
165817,0
165818,0
165819,0
165820,0
165821,0
165822,0
165823,1
165824,0
165825,1
165826,1
165827,0
165828,0
165829,0
165830,0
165831,0
165832,0
165833,0
165834,0
165835,0
165836,0
165837,1
165838,0
165839,0
165840,0
165841,0
165842,0
165843,0
165844,0
165845,0
165846,0
165847,1
165848,0
165849,0
165850,0
165851,0
165852,0
165853,0
165854,0
165855,0
165856,1
165857,0
165858,0
165859,0
165860,0
165861,0
165862,0
165863,0
165864,0
165865,0
165866,0
165867,1
165868,0
165869,0
165870,0
165871,0
165872,0
165873,0
165874,0
165875,0
165876,0
165877,0
165878,0
165879,0
165880,0
165881,1
165882,0
165883,0
165884,0
165885,0
165886,0
165887,0
165888,0
165889,0
165890,0
165891,0
165892,0
165893,0
165894,0
165895,0
165896,0
165897,0
165898,0
165899,0
165900,0
165901,0
165902,0
165903,0
165904,1
165905,0
165906,0
165907,0
165908,0
165909,0
165910,0
165911,0
165912,0
165913,0
165914,0
165915,0
165916,0
165917,0
165918,0
165919,0
165920,0
165921,1
165922,0
165923,0
165924,0
165925,0
165926,0
165927,0
165928,0
165929,0
165930,0
165931,0
165932,0
165933,0
165934,0
165935,0
165936,0
165937,0
165938,0
165939,0
165940,0
165941,0
165942,0
165943,0
165944,0
165945,0
165946,0
165947,0
165948,0
165949,0
165950,1
165951,0
165952,0
165953,0
165954,0
165955,0
165956,0
165957,0
165958,0
165959,0
165960,0
165961,0
165962,0
165963,0
165964,0
165965,0
165966,0
165967,0
165968,0
165969,0
165970,0
165971,0
165972,0
165973,0
165974,1
165975,0
165976,0
165977,0
165978,0
165979,0
165980,0
165981,0
165982,0
165983,0
165984,0
165985,0
165986,0
165987,0
165988,0
165989,1
165990,0
165991,0
165992,0
165993,0
165994,0
165995,1
165996,0
165997,0
165998,0
165999,0
166000,0
166001,0
166002,0
166003,0
166004,0
166005,0
166006,0
166007,0
166008,0
166009,0
166010,0
166011,0
166012,0
166013,0
166014,0
166015,0
166016,1
166017,0
166018,0
166019,0
166020,0
166021,0
166022,0
166023,0
166024,0
166025,0
166026,0
166027,0
166028,0
166029,0
166030,0
166031,0
166032,0
166033,0
166034,0
166035,0
166036,0
166037,0
166038,0
166039,0
166040,0
166041,0
166042,0
166043,0
166044,0
166045,0
166046,0
166047,1
166048,0
166049,0
166050,0
166051,0
166052,0
166053,1
166054,0
166055,0
166056,0
166057,0
166058,0
166059,0
166060,0
166061,0
166062,0
166063,1
166064,0
166065,0
166066,0
166067,1
166068,0
166069,0
166070,0
166071,0
166072,0
166073,0
166074,0
166075,0
166076,0
166077,0
166078,1
166079,1
166080,0
166081,0
166082,0
166083,0
166084,0
166085,0
166086,0
166087,0
166088,1
166089,0
166090,0
166091,0
166092,0
166093,0
166094,0
166095,0
166096,0
166097,0
166098,0
166099,0
166100,0
166101,0
166102,0
166103,0
166104,0
166105,0
166106,0
166107,0
166108,0
166109,0
166110,0
166111,1
166112,0
166113,1
166114,0
166115,1
166116,0
166117,0
166118,0
166119,0
166120,0
166121,0
166122,0
166123,1
166124,0
166125,0
166126,0
166127,0
166128,0
166129,0
166130,0
166131,0
166132,0
166133,1
166134,0
166135,0
166136,0
166137,0
166138,0
166139,0
166140,0
166141,0
166142,0
166143,0
166144,0
166145,0
166146,0
166147,0
166148,0
166149,0
166150,0
166151,0
166152,0
166153,1
166154,0
166155,0
166156,0
166157,0
166158,0
166159,0
166160,0
166161,0
166162,1
166163,0
166164,0
166165,0
166166,1
166167,0
166168,1
166169,0
166170,0
166171,0
166172,0
166173,0
166174,1
166175,0
166176,0
166177,0
166178,0
166179,0
166180,0
166181,0
166182,1
166183,0
166184,0
166185,0
166186,0
166187,0
166188,0
166189,0
166190,0
166191,0
166192,0
166193,0
166194,0
166195,0
166196,0
166197,0
166198,0
166199,0
166200,0
166201,0
166202,0
166203,0
166204,1
166205,1
166206,0
166207,0
166208,0
166209,1
166210,1
166211,0
166212,0
166213,0
166214,0
166215,0
166216,0
166217,0
166218,0
166219,0
166220,0
166221,0
166222,0
166223,0
166224,1
166225,0
166226,0
166227,1
166228,0
166229,0
166230,1
166231,0
166232,0
166233,0
166234,0
166235,0
166236,0
166237,0
166238,0
166239,0
166240,0
166241,0
166242,0
166243,0
166244,0
166245,0
166246,0
166247,0
166248,0
166249,0
166250,0
166251,0
166252,0
166253,0
166254,0
166255,0
166256,0
166257,0
166258,0
166259,1
166260,0
166261,0
166262,0
166263,0
166264,1
166265,0
166266,0
166267,0
166268,1
166269,1
166270,0
166271,1
166272,1
166273,1
166274,0
166275,0
166276,0
166277,0
166278,0
166279,0
166280,0
166281,0
166282,0
166283,0
166284,0
166285,0
166286,0
166287,1
166288,0
166289,0
166290,0
166291,0
166292,0
166293,0
166294,0
166295,0
166296,0
166297,0
166298,0
166299,1
166300,0
166301,0
166302,1
166303,0
166304,0
166305,0
166306,0
166307,0
166308,0
166309,0
166310,0
166311,0
166312,0
166313,0
166314,0
166315,0
166316,0
166317,0
166318,0
166319,0
166320,0
166321,1
166322,0
166323,0
166324,1
166325,0
166326,0
166327,0
166328,0
166329,1
166330,0
166331,1
166332,0
166333,0
166334,0
166335,0
166336,0
166337,0
166338,0
166339,1
166340,0
166341,1
166342,1
166343,0
166344,0
166345,0
166346,0
166347,0
166348,0
166349,0
166350,0
166351,0
166352,0
166353,1
166354,1
166355,0
166356,0
166357,0
166358,1
166359,0
166360,0
166361,0
166362,0
166363,0
166364,0
166365,0
166366,0
166367,1
166368,0
166369,1
166370,0
166371,0
166372,0
166373,0
166374,0
166375,0
166376,0
166377,0
166378,0
166379,0
166380,0
166381,1
166382,0
166383,1
166384,0
166385,1
166386,0
166387,0
166388,0
166389,0
166390,1
166391,0
166392,0
166393,0
166394,0
166395,1
166396,0
166397,0
166398,0
166399,0
166400,0
166401,0
166402,0
166403,0
166404,0
166405,0
166406,0
166407,0
166408,0
166409,0
166410,0
166411,0
166412,0
166413,0
166414,0
166415,0
166416,0
166417,0
166418,0
166419,1
166420,0
166421,0
166422,0
166423,1
166424,0
166425,0
166426,0
166427,0
166428,0
166429,0
166430,1
166431,0
166432,0
166433,0
166434,0
166435,0
166436,0
166437,0
166438,0
166439,1
166440,0
166441,0
166442,0
166443,0
166444,0
166445,0
166446,0
166447,0
166448,0
166449,1
166450,0
166451,1
166452,0
166453,0
166454,0
166455,0
166456,0
166457,0
166458,0
166459,0
166460,0
166461,0
166462,0
166463,0
166464,0
166465,1
166466,0
166467,0
166468,0
166469,0
166470,0
166471,0
166472,0
166473,0
166474,0
166475,1
166476,0
166477,1
166478,0
166479,0
166480,0
166481,0
166482,0
166483,0
166484,0
166485,0
166486,0
166487,1
166488,0
166489,0
166490,0
166491,0
166492,0
166493,0
166494,0
166495,0
166496,0
166497,0
166498,0
166499,0
166500,0
166501,0
166502,0
166503,0
166504,0
166505,0
166506,1
166507,0
166508,0
166509,0
166510,0
166511,0
166512,0
166513,0
166514,0
166515,0
166516,0
166517,0
166518,0
166519,0
166520,0
166521,0
166522,0
166523,1
166524,0
166525,0
166526,0
166527,0
166528,0
166529,0
166530,0
166531,0
166532,0
166533,1
166534,0
166535,0
166536,1
166537,0
166538,0
166539,1
166540,1
166541,0
166542,0
166543,0
166544,0
166545,0
166546,0
166547,0
166548,0
166549,1
166550,0
166551,0
166552,0
166553,0
166554,1
166555,0
166556,0
166557,0
166558,0
166559,0
166560,0
166561,0
166562,0
166563,0
166564,0
166565,0
166566,0
166567,0
166568,1
166569,0
166570,1
166571,0
166572,0
166573,0
166574,0
166575,0
166576,1
166577,1
166578,1
166579,0
166580,0
166581,0
166582,0
166583,1
166584,0
166585,0
166586,0
166587,1
166588,0
166589,0
166590,0
166591,0
166592,0
166593,0
166594,0
166595,0
166596,1
166597,0
166598,1
166599,0
166600,0
166601,0
166602,0
166603,0
166604,0
166605,0
166606,0
166607,0
166608,0
166609,0
166610,0
166611,0
166612,0
166613,0
166614,0
166615,0
166616,0
166617,0
166618,0
166619,0
166620,0
166621,0
166622,0
166623,0
166624,0
166625,0
166626,1
166627,0
166628,0
166629,0
166630,1
166631,0
166632,0
166633,0
166634,0
166635,0
166636,0
166637,1
166638,0
166639,1
166640,0
166641,1
166642,0
166643,1
166644,0
166645,1
166646,1
166647,1
166648,0
166649,0
166650,0
166651,0
166652,1
166653,0
166654,0
166655,0
166656,0
166657,0
166658,0
166659,0
166660,0
166661,0
166662,0
166663,0
166664,0
166665,0
166666,0
166667,0
166668,0
166669,0
166670,1
166671,0
166672,0
166673,0
166674,0
166675,0
166676,0
166677,0
166678,1
166679,0
166680,1
166681,0
166682,0
166683,1
166684,0
166685,0
166686,0
166687,0
166688,0
166689,1
166690,0
166691,1
166692,1
166693,0
166694,0
166695,0
166696,1
166697,0
166698,0
166699,0
166700,0
166701,0
166702,0
166703,1
166704,0
166705,0
166706,0
166707,0
166708,0
166709,0
166710,0
166711,0
166712,0
166713,0
166714,0
166715,0
166716,0
166717,0
166718,0
166719,0
166720,0
166721,0
166722,1
166723,0
166724,0
166725,0
166726,1
166727,0
166728,0
166729,0
166730,0
166731,0
166732,0
166733,1
166734,0
166735,0
166736,0
166737,0
166738,0
166739,0
166740,0
166741,0
166742,0
166743,1
166744,0
166745,0
166746,0
166747,0
166748,0
166749,0
166750,0
166751,0
166752,0
166753,0
166754,1
166755,0
166756,0
166757,0
166758,0
166759,0
166760,0
166761,0
166762,0
166763,0
166764,0
166765,0
166766,0
166767,0
166768,1
166769,0
166770,0
166771,0
166772,0
166773,0
166774,1
166775,0
166776,0
166777,0
166778,0
166779,1
166780,0
166781,0
166782,0
166783,0
166784,1
166785,1
166786,1
166787,0
166788,0
166789,0
166790,0
166791,0
166792,1
166793,0
166794,0
166795,1
166796,0
166797,0
166798,0
166799,1
166800,0
166801,0
166802,1
166803,0
166804,0
166805,0
166806,1
166807,0
166808,0
166809,0
166810,0
166811,0
166812,0
166813,0
166814,1
166815,1
166816,1
166817,0
166818,1
166819,0
166820,1
166821,0
166822,0
166823,0
166824,0
166825,0
166826,0
166827,0
166828,0
166829,0
166830,0
166831,0
166832,0
166833,0
166834,0
166835,0
166836,0
166837,0
166838,0
166839,0
166840,0
166841,0
166842,0
166843,0
166844,0
166845,0
166846,0
166847,0
166848,0
166849,0
166850,0
166851,0
166852,0
166853,0
166854,0
166855,0
166856,1
166857,0
166858,0
166859,0
166860,0
166861,1
166862,0
166863,0
166864,1
166865,0
166866,0
166867,0
166868,1
166869,0
166870,0
166871,0
166872,0
166873,0
166874,0
166875,1
166876,0
166877,0
166878,1
166879,0
166880,0
166881,0
166882,0
166883,0
166884,0
166885,0
166886,0
166887,0
166888,0
166889,0
166890,0
166891,0
166892,0
166893,0
166894,0
166895,0
166896,0
166897,0
166898,0
166899,0
166900,0
166901,1
166902,0
166903,0
166904,0
166905,0
166906,0
166907,0
166908,0
166909,0
166910,1
166911,0
166912,0
166913,0
166914,0
166915,1
166916,0
166917,0
166918,0
166919,0
166920,0
166921,0
166922,1
166923,0
166924,0
166925,1
166926,0
166927,0
166928,0
166929,0
166930,1
166931,0
166932,0
166933,0
166934,0
166935,0
166936,0
166937,0
166938,0
166939,0
166940,0
166941,0
166942,1
166943,0
166944,0
166945,0
166946,0
166947,0
166948,0
166949,0
166950,0
166951,0
166952,0
166953,0
166954,0
166955,0
166956,0
166957,0
166958,1
166959,0
166960,0
166961,0
166962,0
166963,0
166964,0
166965,0
166966,0
166967,0
166968,0
166969,0
166970,0
166971,0
166972,0
166973,0
166974,0
166975,0
166976,0
166977,0
166978,0
166979,0
166980,0
166981,0
166982,0
166983,0
166984,0
166985,0
166986,0
166987,0
166988,0
166989,0
166990,0
166991,1
166992,0
166993,0
166994,0
166995,0
166996,0
166997,0
166998,0
166999,0
167000,0
167001,0
167002,0
167003,0
167004,0
167005,0
167006,0
167007,1
167008,0
167009,0
167010,0
167011,0
167012,0
167013,0
167014,0
167015,0
167016,0
167017,0
167018,0
167019,0
167020,0
167021,0
167022,0
167023,0
167024,0
167025,0
167026,0
167027,0
167028,0
167029,0
167030,0
167031,0
167032,0
167033,0
167034,0
167035,1
167036,1
167037,1
167038,0
167039,0
167040,0
167041,0
167042,0
167043,0
167044,0
167045,0
167046,0
167047,0
167048,0
167049,0
167050,0
167051,0
167052,0
167053,0
167054,0
167055,0
167056,0
167057,0
167058,0
167059,0
167060,0
167061,0
167062,0
167063,0
167064,0
167065,0
167066,0
167067,0
167068,0
167069,1
167070,0
167071,0
167072,0
167073,0
167074,0
167075,0
167076,0
167077,0
167078,0
167079,0
167080,0
167081,0
167082,0
167083,0
167084,0
167085,0
167086,0
167087,1
167088,0
167089,1
167090,0
167091,0
167092,1
167093,0
167094,0
167095,0
167096,0
167097,0
167098,0
167099,0
167100,1
167101,0
167102,0
167103,1
167104,1
167105,0
167106,0
167107,0
167108,0
167109,0
167110,1
167111,0
167112,0
167113,0
167114,0
167115,0
167116,0
167117,0
167118,0
167119,0
167120,0
167121,0
167122,0
167123,0
167124,0
167125,0
167126,1
167127,0
167128,0
167129,0
167130,0
167131,0
167132,0
167133,0
167134,0
167135,1
167136,1
167137,0
167138,0
167139,0
167140,0
167141,0
167142,0
167143,0
167144,0
167145,0
167146,0
167147,0
167148,0
167149,0
167150,0
167151,1
167152,1
167153,1
167154,0
167155,0
167156,0
167157,0
167158,0
167159,1
167160,1
167161,0
167162,1
167163,0
167164,0
167165,0
167166,0
167167,0
167168,1
167169,0
167170,0
167171,0
167172,1
167173,0
167174,0
167175,1
167176,0
167177,1
167178,0
167179,1
167180,0
167181,0
167182,0
167183,1
167184,0
167185,0
167186,0
167187,0
167188,0
167189,1
167190,0
167191,0
167192,0
167193,1
167194,0
167195,0
167196,0
167197,0
167198,0
167199,0
167200,0
167201,1
167202,0
167203,0
167204,0
167205,0
167206,0
167207,0
167208,0
167209,0
167210,0
167211,0
167212,1
167213,0
167214,0
167215,0
167216,0
167217,0
167218,0
167219,1
167220,0
167221,0
167222,0
167223,0
167224,1
167225,0
167226,0
167227,0
167228,0
167229,0
167230,0
167231,0
167232,0
167233,0
167234,0
167235,0
167236,0
167237,0
167238,0
167239,0
167240,0
167241,0
167242,0
167243,1
167244,0
167245,0
167246,0
167247,0
167248,0
167249,0
167250,1
167251,0
167252,0
167253,0
167254,0
167255,0
167256,0
167257,0
167258,0
167259,0
167260,0
167261,0
167262,0
167263,0
167264,0
167265,0
167266,0
167267,0
167268,0
167269,0
167270,0
167271,0
167272,0
167273,0
167274,0
167275,0
167276,0
167277,0
167278,1
167279,0
167280,0
167281,0
167282,0
167283,0
167284,0
167285,1
167286,0
167287,0
167288,0
167289,1
167290,0
167291,0
167292,0
167293,0
167294,0
167295,0
167296,0
167297,0
167298,0
167299,0
167300,0
167301,0
167302,0
167303,0
167304,0
167305,0
167306,0
167307,0
167308,0
167309,0
167310,0
167311,0
167312,0
167313,0
167314,0
167315,0
167316,0
167317,1
167318,0
167319,0
167320,0
167321,0
167322,0
167323,0
167324,0
167325,0
167326,0
167327,0
167328,0
167329,0
167330,0
167331,0
167332,0
167333,0
167334,0
167335,0
167336,0
167337,0
167338,0
167339,0
167340,0
167341,0
167342,0
167343,0
167344,0
167345,0
167346,0
167347,0
167348,0
167349,0
167350,0
167351,0
167352,0
167353,0
167354,0
167355,0
167356,0
167357,0
167358,0
167359,0
167360,0
167361,0
167362,0
167363,0
167364,1
167365,0
167366,0
167367,0
167368,0
167369,1
167370,1
167371,0
167372,0
167373,0
167374,1
167375,0
167376,0
167377,0
167378,0
167379,0
167380,0
167381,0
167382,0
167383,1
167384,0
167385,0
167386,0
167387,0
167388,0
167389,0
167390,0
167391,1
167392,0
167393,0
167394,0
167395,0
167396,0
167397,0
167398,0
167399,1
167400,0
167401,0
167402,0
167403,0
167404,0
167405,0
167406,0
167407,0
167408,1
167409,0
167410,0
167411,0
167412,1
167413,0
167414,0
167415,0
167416,0
167417,0
167418,0
167419,0
167420,1
167421,0
167422,0
167423,0
167424,1
167425,0
167426,0
167427,0
167428,0
167429,0
167430,0
167431,0
167432,0
167433,0
167434,0
167435,0
167436,0
167437,0
167438,0
167439,0
167440,0
167441,0
167442,0
167443,0
167444,1
167445,0
167446,0
167447,0
167448,0
167449,0
167450,0
167451,0
167452,0
167453,0
167454,0
167455,0
167456,0
167457,0
167458,0
167459,0
167460,1
167461,0
167462,1
167463,0
167464,0
167465,0
167466,0
167467,0
167468,0
167469,0
167470,0
167471,0
167472,0
167473,0
167474,0
167475,0
167476,0
167477,0
167478,0
167479,0
167480,0
167481,0
167482,0
167483,0
167484,1
167485,0
167486,0
167487,0
167488,1
167489,0
167490,0
167491,0
167492,0
167493,0
167494,0
167495,0
167496,0
167497,0
167498,0
167499,0
167500,0
167501,1
167502,0
167503,0
167504,1
167505,0
167506,0
167507,1
167508,0
167509,0
167510,1
167511,0
167512,0
167513,0
167514,0
167515,0
167516,0
167517,0
167518,0
167519,0
167520,0
167521,1
167522,0
167523,0
167524,0
167525,0
167526,0
167527,1
167528,1
167529,0
167530,0
167531,0
167532,0
167533,0
167534,0
167535,0
167536,1
167537,0
167538,0
167539,1
167540,0
167541,0
167542,0
167543,1
167544,0
167545,0
167546,0
167547,0
167548,0
167549,0
167550,0
167551,0
167552,1
167553,0
167554,0
167555,0
167556,0
167557,0
167558,1
167559,0
167560,0
167561,0
167562,0
167563,0
167564,0
167565,0
167566,0
167567,0
167568,0
167569,0
167570,0
167571,0
167572,0
167573,1
167574,0
167575,0
167576,0
167577,0
167578,0
167579,0
167580,0
167581,0
167582,0
167583,0
167584,0
167585,0
167586,0
167587,0
167588,0
167589,0
167590,0
167591,0
167592,0
167593,0
167594,0
167595,0
167596,0
167597,0
167598,0
167599,0
167600,0
167601,0
167602,0
167603,1
167604,0
167605,0
167606,0
167607,0
167608,0
167609,0
167610,0
167611,0
167612,0
167613,0
167614,0
167615,0
167616,0
167617,0
167618,0
167619,0
167620,0
167621,0
167622,0
167623,0
167624,0
167625,0
167626,0
167627,1
167628,0
167629,0
167630,0
167631,1
167632,0
167633,0
167634,0
167635,1
167636,0
167637,0
167638,0
167639,0
167640,0
167641,0
167642,0
167643,0
167644,0
167645,0
167646,0
167647,0
167648,0
167649,0
167650,1
167651,0
167652,0
167653,0
167654,0
167655,1
167656,0
167657,1
167658,0
167659,0
167660,0
167661,0
167662,0
167663,0
167664,0
167665,0
167666,0
167667,0
167668,0
167669,0
167670,0
167671,0
167672,0
167673,0
167674,0
167675,0
167676,0
167677,0
167678,0
167679,0
167680,0
167681,0
167682,0
167683,0
167684,0
167685,0
167686,0
167687,0
167688,0
167689,1
167690,0
167691,0
167692,0
167693,0
167694,0
167695,0
167696,0
167697,0
167698,0
167699,0
167700,0
167701,1
167702,0
167703,0
167704,0
167705,1
167706,0
167707,0
167708,1
167709,0
167710,0
167711,0
167712,0
167713,1
167714,0
167715,0
167716,0
167717,0
167718,0
167719,0
167720,0
167721,1
167722,0
167723,1
167724,0
167725,0
167726,0
167727,0
167728,0
167729,0
167730,0
167731,0
167732,0
167733,0
167734,0
167735,0
167736,0
167737,0
167738,0
167739,1
167740,0
167741,0
167742,0
167743,0
167744,0
167745,1
167746,0
167747,0
167748,0
167749,0
167750,0
167751,1
167752,0
167753,0
167754,0
167755,0
167756,0
167757,0
167758,0
167759,0
167760,0
167761,0
167762,0
167763,0
167764,0
167765,0
167766,0
167767,0
167768,0
167769,0
167770,0
167771,0
167772,0
167773,0
167774,0
167775,0
167776,1
167777,0
167778,0
167779,0
167780,0
167781,0
167782,0
167783,0
167784,0
167785,0
167786,0
167787,0
167788,1
167789,0
167790,1
167791,0
167792,0
167793,0
167794,1
167795,0
167796,0
167797,0
167798,1
167799,1
167800,0
167801,0
167802,0
167803,0
167804,0
167805,0
167806,0
167807,0
167808,0
167809,0
167810,0
167811,0
167812,1
167813,0
167814,0
167815,0
167816,0
167817,0
167818,0
167819,0
167820,0
167821,0
167822,0
167823,0
167824,0
167825,1
167826,0
167827,0
167828,1
167829,0
167830,0
167831,0
167832,0
167833,0
167834,0
167835,0
167836,0
167837,0
167838,0
167839,1
167840,0
167841,0
167842,1
167843,0
167844,0
167845,0
167846,0
167847,0
167848,0
167849,0
167850,0
167851,0
167852,0
167853,1
167854,0
167855,0
167856,0
167857,0
167858,1
167859,0
167860,1
167861,0
167862,0
167863,0
167864,0
167865,1
167866,1
167867,0
167868,1
167869,0
167870,0
167871,1
167872,0
167873,0
167874,0
167875,0
167876,0
167877,0
167878,0
167879,0
167880,0
167881,0
167882,0
167883,0
167884,0
167885,0
167886,0
167887,0
167888,0
167889,0
167890,0
167891,0
167892,0
167893,0
167894,0
167895,0
167896,0
167897,1
167898,0
167899,0
167900,0
167901,0
167902,0
167903,1
167904,0
167905,0
167906,0
167907,0
167908,0
167909,0
167910,1
167911,0
167912,0
167913,0
167914,0
167915,0
167916,0
167917,0
167918,0
167919,1
167920,1
167921,0
167922,0
167923,0
167924,0
167925,1
167926,0
167927,0
167928,0
167929,0
167930,1
167931,0
167932,0
167933,1
167934,0
167935,0
167936,0
167937,0
167938,0
167939,0
167940,0
167941,0
167942,0
167943,0
167944,0
167945,1
167946,0
167947,0
167948,0
167949,0
167950,0
167951,0
167952,0
167953,0
167954,0
167955,0
167956,0
167957,0
167958,0
167959,0
167960,1
167961,0
167962,0
167963,0
167964,0
167965,0
167966,0
167967,0
167968,0
167969,0
167970,0
167971,1
167972,0
167973,0
167974,0
167975,0
167976,0
167977,0
167978,0
167979,0
167980,0
167981,0
167982,0
167983,0
167984,0
167985,0
167986,1
167987,0
167988,1
167989,0
167990,0
167991,0
167992,0
167993,0
167994,0
167995,0
167996,0
167997,0
167998,0
167999,0
168000,0
168001,0
168002,0
168003,0
168004,1
168005,1
168006,0
168007,1
168008,0
168009,0
168010,0
168011,0
168012,0
168013,0
168014,0
168015,0
168016,0
168017,0
168018,0
168019,0
168020,1
168021,0
168022,0
168023,0
168024,0
168025,0
168026,1
168027,1
168028,0
168029,0
168030,0
168031,0
168032,0
168033,0
168034,0
168035,0
168036,0
168037,0
168038,0
168039,0
168040,1
168041,0
168042,0
168043,1
168044,0
168045,0
168046,0
168047,1
168048,0
168049,0
168050,0
168051,0
168052,0
168053,0
168054,0
168055,0
168056,0
168057,0
168058,0
168059,0
168060,1
168061,1
168062,0
168063,0
168064,0
168065,1
168066,0
168067,0
168068,0
168069,0
168070,0
168071,0
168072,0
168073,0
168074,0
168075,0
168076,0
168077,0
168078,1
168079,0
168080,0
168081,0
168082,0
168083,0
168084,0
168085,0
168086,0
168087,0
168088,0
168089,0
168090,0
168091,0
168092,0
168093,0
168094,0
168095,1
168096,0
168097,0
168098,1
168099,0
168100,0
168101,0
168102,0
168103,0
168104,1
168105,0
168106,0
168107,0
168108,0
168109,0
168110,0
168111,0
168112,0
168113,0
168114,0
168115,0
168116,0
168117,0
168118,0
168119,0
168120,0
168121,0
168122,0
168123,0
168124,0
168125,0
168126,1
168127,0
168128,0
168129,0
168130,0
168131,0
168132,0
168133,0
168134,0
168135,0
168136,0
168137,1
168138,0
168139,0
168140,0
168141,0
168142,0
168143,0
168144,0
168145,0
168146,0
168147,0
168148,0
168149,0
168150,0
168151,0
168152,0
168153,1
168154,0
168155,0
168156,0
168157,0
168158,0
168159,1
168160,0
168161,1
168162,0
168163,0
168164,1
168165,0
168166,0
168167,0
168168,0
168169,0
168170,0
168171,0
168172,0
168173,0
168174,1
168175,0
168176,0
168177,0
168178,0
168179,0
168180,0
168181,0
168182,0
168183,0
168184,0
168185,0
168186,0
168187,0
168188,0
168189,0
168190,0
168191,0
168192,0
168193,0
168194,0
168195,0
168196,0
168197,0
168198,0
168199,0
168200,0
168201,0
168202,0
168203,0
168204,0
168205,0
168206,0
168207,0
168208,1
168209,0
168210,0
168211,0
168212,0
168213,1
168214,0
168215,0
168216,0
168217,0
168218,0
168219,0
168220,0
168221,0
168222,0
168223,0
168224,0
168225,0
168226,0
168227,0
168228,1
168229,0
168230,0
168231,0
168232,0
168233,0
168234,0
168235,0
168236,0
168237,0
168238,0
168239,0
168240,0
168241,0
168242,0
168243,0
168244,0
168245,0
168246,0
168247,0
168248,1
168249,0
168250,0
168251,0
168252,0
168253,0
168254,0
168255,1
168256,0
168257,0
168258,0
168259,0
168260,0
168261,0
168262,1
168263,0
168264,0
168265,0
168266,0
168267,0
168268,0
168269,0
168270,0
168271,0
168272,0
168273,0
168274,0
168275,0
168276,0
168277,0
168278,0
168279,0
168280,0
168281,0
168282,1
168283,0
168284,0
168285,0
168286,0
168287,0
168288,0
168289,0
168290,0
168291,0
168292,0
168293,0
168294,0
168295,0
168296,0
168297,0
168298,0
168299,0
168300,0
168301,0
168302,0
168303,0
168304,0
168305,0
168306,0
168307,1
168308,0
168309,1
168310,0
168311,0
168312,0
168313,0
168314,0
168315,0
168316,0
168317,0
168318,0
168319,0
168320,1
168321,1
168322,0
168323,0
168324,0
168325,0
168326,0
168327,0
168328,0
168329,1
168330,0
168331,0
168332,0
168333,0
168334,0
168335,0
168336,0
168337,0
168338,0
168339,1
168340,0
168341,0
168342,0
168343,0
168344,0
168345,0
168346,0
168347,0
168348,0
168349,0
168350,0
168351,1
168352,0
168353,1
168354,0
168355,0
168356,0
168357,0
168358,0
168359,0
168360,0
168361,0
168362,0
168363,0
168364,1
168365,0
168366,0
168367,0
168368,0
168369,0
168370,0
168371,0
168372,0
168373,0
168374,0
168375,0
168376,0
168377,0
168378,0
168379,0
168380,0
168381,0
168382,0
168383,0
168384,0
168385,0
168386,0
168387,0
168388,0
168389,0
168390,0
168391,1
168392,0
168393,0
168394,0
168395,0
168396,0
168397,0
168398,0
168399,0
168400,0
168401,0
168402,0
168403,0
168404,0
168405,0
168406,0
168407,0
168408,0
168409,0
168410,0
168411,0
168412,0
168413,0
168414,0
168415,0
168416,0
168417,0
168418,0
168419,0
168420,0
168421,0
168422,0
168423,0
168424,0
168425,1
168426,0
168427,0
168428,0
168429,0
168430,1
168431,1
168432,0
168433,0
168434,0
168435,1
168436,0
168437,0
168438,0
168439,1
168440,0
168441,0
168442,0
168443,0
168444,1
168445,0
168446,0
168447,0
168448,0
168449,0
168450,0
168451,1
168452,0
168453,0
168454,0
168455,0
168456,0
168457,0
168458,0
168459,0
168460,0
168461,0
168462,0
168463,0
168464,0
168465,0
168466,0
168467,0
168468,0
168469,0
168470,0
168471,0
168472,0
168473,0
168474,0
168475,0
168476,0
168477,0
168478,1
168479,0
168480,0
168481,0
168482,0
168483,0
168484,0
168485,0
168486,0
168487,0
168488,1
168489,1
168490,0
168491,0
168492,0
168493,0
168494,0
168495,1
168496,0
168497,0
168498,0
168499,1
168500,0
168501,0
168502,0
168503,0
168504,0
168505,0
168506,0
168507,0
168508,0
168509,1
168510,0
168511,0
168512,0
168513,0
168514,0
168515,0
168516,0
168517,0
168518,0
168519,0
168520,0
168521,0
168522,0
168523,0
168524,0
168525,0
168526,0
168527,0
168528,1
168529,0
168530,0
168531,0
168532,0
168533,0
168534,0
168535,0
168536,0
168537,0
168538,0
168539,0
168540,0
168541,0
168542,0
168543,0
168544,0
168545,0
168546,0
168547,0
168548,0
168549,0
168550,0
168551,1
168552,0
168553,0
168554,1
168555,0
168556,0
168557,0
168558,0
168559,0
168560,0
168561,0
168562,0
168563,0
168564,0
168565,0
168566,0
168567,0
168568,1
168569,0
168570,0
168571,0
168572,0
168573,0
168574,0
168575,0
168576,0
168577,0
168578,0
168579,0
168580,0
168581,0
168582,0
168583,0
168584,0
168585,0
168586,0
168587,0
168588,1
168589,0
168590,1
168591,0
168592,0
168593,0
168594,0
168595,1
168596,0
168597,0
168598,0
168599,0
168600,0
168601,0
168602,0
168603,0
168604,0
168605,1
168606,0
168607,0
168608,0
168609,0
168610,0
168611,0
168612,0
168613,0
168614,0
168615,0
168616,0
168617,0
168618,0
168619,1
168620,0
168621,0
168622,0
168623,1
168624,0
168625,0
168626,0
168627,0
168628,0
168629,0
168630,1
168631,0
168632,0
168633,0
168634,0
168635,0
168636,0
168637,0
168638,0
168639,0
168640,0
168641,0
168642,0
168643,0
168644,0
168645,0
168646,0
168647,0
168648,0
168649,0
168650,0
168651,0
168652,1
168653,0
168654,1
168655,0
168656,1
168657,1
168658,1
168659,0
168660,0
168661,0
168662,0
168663,0
168664,0
168665,0
168666,0
168667,0
168668,0
168669,0
168670,0
168671,0
168672,0
168673,0
168674,0
168675,0
168676,0
168677,0
168678,0
168679,0
168680,0
168681,0
168682,0
168683,0
168684,0
168685,0
168686,0
168687,0
168688,1
168689,0
168690,1
168691,0
168692,0
168693,0
168694,0
168695,0
168696,1
168697,0
168698,1
168699,0
168700,0
168701,0
168702,1
168703,0
168704,0
168705,0
168706,0
168707,0
168708,0
168709,0
168710,0
168711,0
168712,1
168713,0
168714,0
168715,0
168716,0
168717,0
168718,0
168719,0
168720,0
168721,0
168722,0
168723,0
168724,0
168725,0
168726,0
168727,0
168728,0
168729,0
168730,0
168731,0
168732,1
168733,0
168734,0
168735,0
168736,0
168737,0
168738,0
168739,1
168740,1
168741,0
168742,0
168743,0
168744,0
168745,0
168746,0
168747,0
168748,0
168749,0
168750,0
168751,0
168752,0
168753,1
168754,0
168755,1
168756,0
168757,0
168758,1
168759,0
168760,1
168761,0
168762,0
168763,0
168764,0
168765,0
168766,1
168767,0
168768,0
168769,0
168770,0
168771,0
168772,0
168773,0
168774,0
168775,0
168776,0
168777,0
168778,0
168779,0
168780,0
168781,0
168782,0
168783,0
168784,0
168785,0
168786,0
168787,0
168788,0
168789,0
168790,0
168791,0
168792,0
168793,0
168794,0
168795,1
168796,0
168797,1
168798,0
168799,0
168800,0
168801,0
168802,1
168803,0
168804,0
168805,0
168806,0
168807,0
168808,0
168809,0
168810,0
168811,0
168812,0
168813,0
168814,0
168815,0
168816,0
168817,0
168818,0
168819,0
168820,0
168821,1
168822,0
168823,0
168824,0
168825,0
168826,0
168827,0
168828,0
168829,0
168830,0
168831,0
168832,0
168833,1
168834,0
168835,0
168836,0
168837,0
168838,0
168839,0
168840,0
168841,0
168842,1
168843,1
168844,0
168845,0
168846,0
168847,0
168848,0
168849,0
168850,0
168851,1
168852,0
168853,0
168854,0
168855,0
168856,0
168857,0
168858,0
168859,0
168860,1
168861,1
168862,0
168863,0
168864,0
168865,0
168866,0
168867,0
168868,0
168869,0
168870,0
168871,0
168872,0
168873,1
168874,0
168875,0
168876,0
168877,0
168878,0
168879,0
168880,0
168881,0
168882,0
168883,0
168884,0
168885,0
168886,0
168887,0
168888,0
168889,0
168890,0
168891,0
168892,0
168893,0
168894,0
168895,0
168896,0
168897,1
168898,0
168899,0
168900,0
168901,0
168902,0
168903,0
168904,0
168905,0
168906,0
168907,0
168908,0
168909,0
168910,0
168911,0
168912,0
168913,0
168914,0
168915,0
168916,0
168917,0
168918,0
168919,0
168920,0
168921,0
168922,0
168923,0
168924,0
168925,0
168926,0
168927,0
168928,0
168929,0
168930,0
168931,0
168932,0
168933,1
168934,1
168935,0
168936,0
168937,0
168938,0
168939,0
168940,0
168941,0
168942,0
168943,0
168944,0
168945,0
168946,0
168947,0
168948,0
168949,1
168950,0
168951,0
168952,0
168953,0
168954,0
168955,0
168956,0
168957,0
168958,0
168959,0
168960,0
168961,0
168962,0
168963,0
168964,0
168965,0
168966,0
168967,1
168968,0
168969,0
168970,0
168971,0
168972,0
168973,0
168974,0
168975,0
168976,0
168977,1
168978,1
168979,0
168980,0
168981,0
168982,0
168983,0
168984,0
168985,0
168986,0
168987,0
168988,0
168989,0
168990,0
168991,1
168992,0
168993,0
168994,0
168995,1
168996,1
168997,0
168998,0
168999,1
169000,0
169001,0
169002,0
169003,0
169004,0
169005,0
169006,0
169007,0
169008,0
169009,0
169010,0
169011,0
169012,0
169013,0
169014,0
169015,1
169016,0
169017,1
169018,0
169019,0
169020,0
169021,0
169022,0
169023,0
169024,0
169025,0
169026,0
169027,0
169028,0
169029,0
169030,1
169031,0
169032,0
169033,0
169034,0
169035,1
169036,0
169037,0
169038,0
169039,0
169040,0
169041,0
169042,0
169043,0
169044,1
169045,0
169046,0
169047,1
169048,0
169049,0
169050,0
169051,0
169052,0
169053,0
169054,0
169055,0
169056,0
169057,1
169058,0
169059,0
169060,0
169061,0
169062,0
169063,0
169064,0
169065,0
169066,0
169067,0
169068,1
169069,0
169070,1
169071,0
169072,0
169073,0
169074,0
169075,0
169076,0
169077,0
169078,0
169079,0
169080,1
169081,0
169082,0
169083,0
169084,0
169085,0
169086,0
169087,0
169088,0
169089,0
169090,0
169091,0
169092,0
169093,1
169094,1
169095,0
169096,1
169097,1
169098,0
169099,0
169100,0
169101,0
169102,0
169103,0
169104,0
169105,0
169106,0
169107,0
169108,0
169109,0
169110,0
169111,0
169112,0
169113,0
169114,0
169115,0
169116,0
169117,1
169118,0
169119,0
169120,0
169121,0
169122,0
169123,0
169124,1
169125,0
169126,0
169127,0
169128,0
169129,0
169130,0
169131,0
169132,0
169133,0
169134,0
169135,0
169136,1
169137,1
169138,1
169139,0
169140,0
169141,0
169142,0
169143,0
169144,0
169145,0
169146,0
169147,0
169148,0
169149,0
169150,0
169151,0
169152,0
169153,0
169154,0
169155,0
169156,1
169157,0
169158,0
169159,0
169160,0
169161,0
169162,0
169163,0
169164,0
169165,0
169166,0
169167,0
169168,0
169169,0
169170,0
169171,1
169172,0
169173,0
169174,0
169175,1
169176,0
169177,0
169178,0
169179,0
169180,0
169181,0
169182,0
169183,0
169184,0
169185,0
169186,1
169187,0
169188,0
169189,0
169190,0
169191,1
169192,0
169193,0
169194,0
169195,0
169196,0
169197,0
169198,0
169199,0
169200,0
169201,0
169202,0
169203,0
169204,0
169205,0
169206,0
169207,0
169208,0
169209,0
169210,0
169211,1
169212,0
169213,0
169214,0
169215,0
169216,0
169217,0
169218,0
169219,0
169220,0
169221,0
169222,0
169223,0
169224,0
169225,0
169226,0
169227,0
169228,0
169229,0
169230,0
169231,0
169232,0
169233,0
169234,0
169235,0
169236,0
169237,0
169238,0
169239,0
169240,1
169241,0
169242,1
169243,0
169244,0
169245,0
169246,0
169247,0
169248,0
169249,0
169250,0
169251,1
169252,0
169253,0
169254,0
169255,0
169256,0
169257,0
169258,0
169259,0
169260,0
169261,1
169262,0
169263,0
169264,0
169265,0
169266,0
169267,0
169268,0
169269,0
169270,0
169271,0
169272,0
169273,0
169274,1
169275,0
169276,0
169277,1
169278,1
169279,0
169280,0
169281,0
169282,0
169283,0
169284,0
169285,0
169286,0
169287,0
169288,0
169289,1
169290,0
169291,0
169292,0
169293,0
169294,0
169295,0
169296,0
169297,0
169298,1
169299,0
169300,0
169301,0
169302,0
169303,0
169304,0
169305,0
169306,0
169307,1
169308,0
169309,0
169310,0
169311,0
169312,0
169313,0
169314,0
169315,0
169316,0
169317,0
169318,0
169319,0
169320,0
169321,0
169322,0
169323,0
169324,0
169325,0
169326,0
169327,0
169328,0
169329,0
169330,0
169331,0
169332,0
169333,0
169334,0
169335,0
169336,0
169337,0
169338,0
169339,0
169340,0
169341,0
169342,0
169343,0
169344,0
169345,0
169346,0
169347,0
169348,0
169349,0
169350,0
169351,0
169352,0
169353,0
169354,0
169355,0
169356,0
169357,1
169358,0
169359,0
169360,0
169361,0
169362,0
169363,0
169364,0
169365,0
169366,0
169367,0
169368,0
169369,0
169370,0
169371,0
169372,0
169373,0
169374,0
169375,0
169376,0
169377,0
169378,0
169379,0
169380,0
169381,0
169382,0
169383,0
169384,0
169385,0
169386,0
169387,0
169388,1
169389,1
169390,0
169391,1
169392,0
169393,0
169394,0
169395,0
169396,0
169397,0
169398,0
169399,0
169400,0
169401,0
169402,0
169403,0
169404,0
169405,0
169406,0
169407,0
169408,0
169409,0
169410,0
169411,0
169412,0
169413,1
169414,0
169415,0
169416,1
169417,0
169418,0
169419,1
169420,1
169421,0
169422,0
169423,0
169424,0
169425,0
169426,0
169427,0
169428,0
169429,0
169430,1
169431,0
169432,0
169433,0
169434,0
169435,0
169436,0
169437,0
169438,0
169439,1
169440,1
169441,0
169442,0
169443,1
169444,0
169445,0
169446,0
169447,0
169448,1
169449,1
169450,0
169451,1
169452,0
169453,0
169454,0
169455,0
169456,0
169457,0
169458,1
169459,0
169460,0
169461,0
169462,0
169463,0
169464,0
169465,0
169466,0
169467,1
169468,0
169469,0
169470,0
169471,1
169472,0
169473,0
169474,0
169475,0
169476,0
169477,0
169478,0
169479,0
169480,0
169481,0
169482,0
169483,0
169484,0
169485,1
169486,0
169487,0
169488,0
169489,0
169490,0
169491,0
169492,0
169493,1
169494,0
169495,0
169496,1
169497,0
169498,0
169499,0
169500,0
169501,0
169502,0
169503,0
169504,0
169505,0
169506,1
169507,0
169508,0
169509,0
169510,0
169511,0
169512,0
169513,0
169514,0
169515,1
169516,0
169517,0
169518,0
169519,0
169520,0
169521,0
169522,0
169523,0
169524,0
169525,0
169526,0
169527,0
169528,0
169529,0
169530,0
169531,0
169532,0
169533,1
169534,0
169535,0
169536,0
169537,0
169538,0
169539,0
169540,1
169541,1
169542,0
169543,0
169544,0
169545,0
169546,0
169547,0
169548,0
169549,0
169550,0
169551,0
169552,0
169553,0
169554,0
169555,1
169556,0
169557,0
169558,1
169559,0
169560,0
169561,0
169562,0
169563,0
169564,0
169565,0
169566,0
169567,0
169568,0
169569,1
169570,0
169571,0
169572,0
169573,0
169574,1
169575,0
169576,0
169577,0
169578,0
169579,1
169580,0
169581,0
169582,0
169583,0
169584,0
169585,0
169586,0
169587,0
169588,0
169589,0
169590,0
169591,0
169592,0
169593,1
169594,0
169595,0
169596,0
169597,0
169598,0
169599,1
169600,0
169601,0
169602,0
169603,0
169604,0
169605,0
169606,0
169607,0
169608,0
169609,0
169610,0
169611,0
169612,0
169613,0
169614,0
169615,0
169616,0
169617,0
169618,0
169619,0
169620,0
169621,1
169622,0
169623,0
169624,0
169625,0
169626,0
169627,0
169628,0
169629,0
169630,0
169631,0
169632,0
169633,0
169634,0
169635,1
169636,0
169637,0
169638,0
169639,0
169640,0
169641,0
169642,0
169643,0
169644,0
169645,0
169646,0
169647,1
169648,0
169649,0
169650,0
169651,0
169652,0
169653,0
169654,0
169655,0
169656,0
169657,0
169658,0
169659,0
169660,0
169661,0
169662,0
169663,0
169664,0
169665,0
169666,0
169667,0
169668,0
169669,0
169670,0
169671,0
169672,0
169673,0
169674,0
169675,0
169676,0
169677,0
169678,0
169679,0
169680,0
169681,0
169682,0
169683,0
169684,0
169685,0
169686,0
169687,1
169688,0
169689,0
169690,0
169691,0
169692,0
169693,1
169694,0
169695,0
169696,0
169697,0
169698,0
169699,0
169700,0
169701,0
169702,0
169703,1
169704,0
169705,0
169706,1
169707,0
169708,0
169709,0
169710,0
169711,0
169712,0
169713,0
169714,0
169715,0
169716,0
169717,0
169718,0
169719,0
169720,0
169721,0
169722,0
169723,0
169724,1
169725,0
169726,0
169727,0
169728,0
169729,0
169730,0
169731,0
169732,0
169733,0
169734,0
169735,0
169736,0
169737,0
169738,0
169739,0
169740,0
169741,0
169742,0
169743,0
169744,1
169745,0
169746,0
169747,0
169748,0
169749,0
169750,0
169751,0
169752,0
169753,0
169754,0
169755,0
169756,1
169757,0
169758,0
169759,0
169760,0
169761,0
169762,0
169763,0
169764,0
169765,0
169766,0
169767,0
169768,0
169769,0
169770,1
169771,0
169772,0
169773,0
169774,0
169775,0
169776,0
169777,0
169778,0
169779,0
169780,1
169781,0
169782,0
169783,0
169784,1
169785,0
169786,0
169787,0
169788,0
169789,0
169790,0
169791,0
169792,0
169793,0
169794,1
169795,0
169796,0
169797,0
169798,0
169799,0
169800,1
169801,0
169802,0
169803,0
169804,0
169805,0
169806,0
169807,0
169808,0
169809,0
169810,0
169811,0
169812,0
169813,0
169814,1
169815,0
169816,0
169817,0
169818,1
169819,0
169820,0
169821,0
169822,0
169823,0
169824,0
169825,0
169826,1
169827,0
169828,0
169829,0
169830,0
169831,1
169832,0
169833,0
169834,1
169835,0
169836,0
169837,0
169838,0
169839,0
169840,0
169841,0
169842,0
169843,0
169844,0
169845,0
169846,0
169847,0
169848,0
169849,0
169850,1
169851,0
169852,0
169853,0
169854,1
169855,0
169856,0
169857,0
169858,0
169859,0
169860,0
169861,0
169862,0
169863,1
169864,1
169865,1
169866,0
169867,0
169868,0
169869,0
169870,0
169871,0
169872,0
169873,0
169874,0
169875,0
169876,0
169877,0
169878,0
169879,0
169880,0
169881,0
169882,1
169883,0
169884,0
169885,0
169886,0
169887,0
169888,1
169889,0
169890,0
169891,0
169892,0
169893,0
169894,0
169895,1
169896,0
169897,0
169898,0
169899,0
169900,1
169901,0
169902,0
169903,0
169904,0
169905,0
169906,0
169907,0
169908,1
169909,0
169910,0
169911,0
169912,0
169913,0
169914,1
169915,1
169916,0
169917,0
169918,1
169919,1
169920,0
169921,0
169922,0
169923,0
169924,0
169925,0
169926,0
169927,0
169928,0
169929,0
169930,0
169931,1
169932,0
169933,0
169934,0
169935,0
169936,1
169937,0
169938,0
169939,0
169940,0
169941,0
169942,0
169943,0
169944,0
169945,0
169946,0
169947,1
169948,0
169949,0
169950,0
169951,0
169952,0
169953,0
169954,0
169955,0
169956,0
169957,0
169958,1
169959,0
169960,0
169961,0
169962,0
169963,0
169964,0
169965,0
169966,1
169967,0
169968,0
169969,0
169970,0
169971,0
169972,0
169973,0
169974,0
169975,1
169976,0
169977,0
169978,0
169979,0
169980,0
169981,0
169982,0
169983,0
169984,0
169985,0
169986,0
169987,0
169988,1
169989,1
169990,0
169991,0
169992,0
169993,0
169994,0
169995,1
169996,1
169997,0
169998,1
169999,0
170000,0
170001,0
170002,0
170003,0
170004,1
170005,0
170006,0
170007,0
170008,0
170009,0
170010,0
170011,0
170012,0
170013,0
170014,0
170015,1
170016,0
170017,0
170018,0
170019,0
170020,0
170021,0
170022,0
170023,0
170024,0
170025,0
170026,0
170027,0
170028,0
170029,0
170030,0
170031,0
170032,0
170033,0
170034,0
170035,0
170036,1
170037,0
170038,0
170039,0
170040,0
170041,0
170042,0
170043,1
170044,1
170045,0
170046,0
170047,0
170048,0
170049,0
170050,0
170051,0
170052,0
170053,1
170054,0
170055,0
170056,0
170057,0
170058,0
170059,0
170060,0
170061,0
170062,0
170063,0
170064,0
170065,0
170066,0
170067,0
170068,1
170069,0
170070,0
170071,0
170072,1
170073,0
170074,0
170075,0
170076,0
170077,0
170078,0
170079,0
170080,0
170081,0
170082,0
170083,1
170084,0
170085,0
170086,0
170087,0
170088,0
170089,0
170090,0
170091,0
170092,0
170093,0
170094,0
170095,0
170096,0
170097,0
170098,0
170099,0
170100,0
170101,1
170102,0
170103,0
170104,0
170105,0
170106,0
170107,0
170108,0
170109,0
170110,0
170111,0
170112,0
170113,0
170114,0
170115,0
170116,0
170117,0
170118,0
170119,0
170120,0
170121,0
170122,0
170123,0
170124,0
170125,0
170126,0
170127,0
170128,0
170129,0
170130,0
170131,1
170132,0
170133,0
170134,0
170135,1
170136,0
170137,0
170138,0
170139,0
170140,0
170141,0
170142,0
170143,0
170144,0
170145,0
170146,0
170147,0
170148,0
170149,1
170150,0
170151,0
170152,0
170153,0
170154,0
170155,0
170156,0
170157,0
170158,0
170159,0
170160,0
170161,0
170162,0
170163,0
170164,0
170165,1
170166,0
170167,0
170168,0
170169,0
170170,0
170171,1
170172,0
170173,1
170174,0
170175,0
170176,0
170177,0
170178,0
170179,0
170180,0
170181,0
170182,0
170183,0
170184,0
170185,0
170186,0
170187,0
170188,0
170189,0
170190,0
170191,0
170192,0
170193,1
170194,0
170195,0
170196,0
170197,0
170198,0
170199,0
170200,0
170201,0
170202,0
170203,0
170204,0
170205,1
170206,0
170207,1
170208,0
170209,0
170210,0
170211,1
170212,0
170213,0
170214,0
170215,0
170216,0
170217,0
170218,0
170219,0
170220,0
170221,0
170222,0
170223,0
170224,0
170225,0
170226,0
170227,0
170228,0
170229,0
170230,0
170231,0
170232,0
170233,0
170234,0
170235,0
170236,0
170237,0
170238,0
170239,0
170240,0
170241,0
170242,0
170243,0
170244,0
170245,0
170246,0
170247,0
170248,0
170249,0
170250,0
170251,0
170252,0
170253,0
170254,0
170255,0
170256,1
170257,0
170258,0
170259,0
170260,0
170261,0
170262,0
170263,0
170264,0
170265,0
170266,0
170267,0
170268,0
170269,0
170270,0
170271,0
170272,0
170273,0
170274,0
170275,0
170276,0
170277,0
170278,0
170279,0
170280,0
170281,0
170282,1
170283,0
170284,1
170285,0
170286,0
170287,0
170288,0
170289,1
170290,0
170291,1
170292,0
170293,0
170294,0
170295,0
170296,0
170297,0
170298,0
170299,0
170300,0
170301,0
170302,0
170303,0
170304,1
170305,0
170306,0
170307,0
170308,0
170309,0
170310,0
170311,0
170312,1
170313,0
170314,1
170315,0
170316,0
170317,0
170318,0
170319,0
170320,0
170321,0
170322,0
170323,0
170324,0
170325,0
170326,1
170327,0
170328,0
170329,0
170330,0
170331,0
170332,0
170333,0
170334,0
170335,0
170336,0
170337,0
170338,0
170339,0
170340,0
170341,0
170342,0
170343,0
170344,0
170345,0
170346,0
170347,0
170348,0
170349,0
170350,0
170351,1
170352,0
170353,0
170354,0
170355,1
170356,0
170357,1
170358,0
170359,1
170360,0
170361,0
170362,0
170363,0
170364,0
170365,0
170366,0
170367,1
170368,0
170369,0
170370,0
170371,0
170372,1
170373,0
170374,0
170375,0
170376,0
170377,1
170378,0
170379,0
170380,0
170381,0
170382,0
170383,1
170384,0
170385,1
170386,0
170387,0
170388,1
170389,0
170390,0
170391,0
170392,0
170393,0
170394,0
170395,1
170396,0
170397,0
170398,0
170399,0
170400,0
170401,0
170402,0
170403,0
170404,0
170405,0
170406,1
170407,0
170408,0
170409,0
170410,0
170411,1
170412,0
170413,1
170414,0
170415,1
170416,0
170417,0
170418,1
170419,1
170420,0
170421,0
170422,0
170423,0
170424,0
170425,1
170426,0
170427,0
170428,0
170429,0
170430,0
170431,0
170432,0
170433,1
170434,0
170435,0
170436,0
170437,0
170438,0
170439,0
170440,0
170441,0
170442,1
170443,0
170444,0
170445,0
170446,0
170447,0
170448,0
170449,0
170450,0
170451,0
170452,0
170453,0
170454,0
170455,0
170456,0
170457,0
170458,0
170459,0
170460,0
170461,0
170462,0
170463,0
170464,0
170465,0
170466,0
170467,0
170468,0
170469,0
170470,0
170471,0
170472,0
170473,0
170474,0
170475,0
170476,0
170477,0
170478,0
170479,0
170480,0
170481,1
170482,0
170483,0
170484,0
170485,0
170486,0
170487,0
170488,0
170489,0
170490,1
170491,1
170492,0
170493,1
170494,0
170495,0
170496,0
170497,0
170498,0
170499,0
170500,0
170501,0
170502,0
170503,0
170504,0
170505,0
170506,1
170507,0
170508,0
170509,0
170510,0
170511,0
170512,0
170513,0
170514,1
170515,0
170516,0
170517,0
170518,0
170519,0
170520,1
170521,1
170522,0
170523,0
170524,1
170525,0
170526,0
170527,0
170528,0
170529,1
170530,0
170531,1
170532,0
170533,0
170534,0
170535,1
170536,0
170537,0
170538,0
170539,0
170540,0
170541,1
170542,0
170543,0
170544,0
170545,0
170546,0
170547,1
170548,0
170549,0
170550,0
170551,0
170552,0
170553,0
170554,0
170555,0
170556,0
170557,0
170558,0
170559,0
170560,1
170561,1
170562,0
170563,0
170564,0
170565,0
170566,0
170567,0
170568,0
170569,0
170570,1
170571,0
170572,0
170573,0
170574,1
170575,0
170576,0
170577,0
170578,0
170579,0
170580,0
170581,0
170582,0
170583,0
170584,1
170585,0
170586,0
170587,0
170588,0
170589,0
170590,0
170591,0
170592,1
170593,0
170594,0
170595,0
170596,0
170597,0
170598,0
170599,0
170600,0
170601,0
170602,0
170603,0
170604,0
170605,0
170606,0
170607,0
170608,0
170609,0
170610,1
170611,0
170612,0
170613,0
170614,0
170615,0
170616,0
170617,0
170618,0
170619,0
170620,0
170621,0
170622,0
170623,0
170624,0
170625,0
170626,0
170627,0
170628,1
170629,0
170630,0
170631,1
170632,0
170633,0
170634,0
170635,0
170636,0
170637,0
170638,0
170639,0
170640,1
170641,0
170642,0
170643,1
170644,0
170645,0
170646,0
170647,0
170648,1
170649,0
170650,0
170651,0
170652,0
170653,1
170654,0
170655,0
170656,0
170657,0
170658,0
170659,1
170660,0
170661,0
170662,0
170663,1
170664,0
170665,0
170666,1
170667,1
170668,0
170669,0
170670,0
170671,0
170672,0
170673,0
170674,0
170675,0
170676,0
170677,0
170678,0
170679,1
170680,0
170681,0
170682,0
170683,0
170684,0
170685,0
170686,0
170687,0
170688,0
170689,0
170690,0
170691,1
170692,0
170693,0
170694,0
170695,1
170696,0
170697,0
170698,0
170699,0
170700,0
170701,0
170702,0
170703,0
170704,0
170705,0
170706,0
170707,0
170708,0
170709,1
170710,0
170711,1
170712,0
170713,0
170714,0
170715,0
170716,0
170717,0
170718,0
170719,0
170720,1
170721,0
170722,0
170723,0
170724,0
170725,0
170726,0
170727,0
170728,0
170729,0
170730,0
170731,0
170732,0
170733,0
170734,0
170735,0
170736,0
170737,1
170738,0
170739,0
170740,0
170741,0
170742,0
170743,1
170744,0
170745,0
170746,0
170747,0
170748,0
170749,0
170750,0
170751,0
170752,0
170753,0
170754,0
170755,1
170756,0
170757,0
170758,0
170759,0
170760,1
170761,0
170762,0
170763,0
170764,0
170765,0
170766,0
170767,0
170768,0
170769,0
170770,0
170771,0
170772,0
170773,0
170774,0
170775,0
170776,0
170777,0
170778,0
170779,0
170780,0
170781,0
170782,1
170783,0
170784,0
170785,1
170786,0
170787,1
170788,0
170789,1
170790,0
170791,0
170792,0
170793,0
170794,0
170795,0
170796,0
170797,0
170798,0
170799,0
170800,0
170801,0
170802,0
170803,0
170804,0
170805,0
170806,1
170807,0
170808,1
170809,1
170810,0
170811,1
170812,1
170813,0
170814,0
170815,0
170816,0
170817,0
170818,0
170819,0
170820,0
170821,0
170822,0
170823,0
170824,0
170825,0
170826,1
170827,0
170828,0
170829,0
170830,0
170831,0
170832,0
170833,0
170834,0
170835,0
170836,0
170837,0
170838,0
170839,0
170840,0
170841,1
170842,0
170843,0
170844,0
170845,0
170846,0
170847,0
170848,0
170849,1
170850,0
170851,0
170852,0
170853,0
170854,0
170855,0
170856,0
170857,1
170858,0
170859,0
170860,0
170861,0
170862,0
170863,0
170864,0
170865,1
170866,0
170867,1
170868,0
170869,1
170870,0
170871,0
170872,0
170873,0
170874,0
170875,0
170876,0
170877,0
170878,0
170879,0
170880,1
170881,0
170882,1
170883,0
170884,0
170885,0
170886,1
170887,0
170888,0
170889,0
170890,0
170891,1
170892,0
170893,0
170894,0
170895,0
170896,0
170897,0
170898,0
170899,1
170900,0
170901,0
170902,0
170903,0
170904,0
170905,0
170906,0
170907,0
170908,0
170909,0
170910,0
170911,0
170912,0
170913,0
170914,0
170915,0
170916,0
170917,0
170918,0
170919,0
170920,0
170921,0
170922,0
170923,0
170924,0
170925,0
170926,0
170927,0
170928,0
170929,0
170930,0
170931,0
170932,0
170933,0
170934,1
170935,0
170936,0
170937,0
170938,0
170939,0
170940,0
170941,0
170942,0
170943,0
170944,0
170945,0
170946,0
170947,0
170948,0
170949,0
170950,0
170951,0
170952,0
170953,0
170954,0
170955,0
170956,0
170957,0
170958,0
170959,0
170960,0
170961,0
170962,0
170963,0
170964,0
170965,0
170966,0
170967,0
170968,1
170969,0
170970,0
170971,0
170972,0
170973,0
170974,0
170975,0
170976,0
170977,0
170978,0
170979,0
170980,0
170981,0
170982,0
170983,0
170984,0
170985,0
170986,0
170987,0
170988,1
170989,0
170990,0
170991,0
170992,1
170993,0
170994,0
170995,0
170996,0
170997,0
170998,0
170999,0
171000,0
171001,0
171002,0
171003,0
171004,1
171005,0
171006,0
171007,0
171008,0
171009,1
171010,0
171011,0
171012,1
171013,0
171014,0
171015,0
171016,0
171017,0
171018,0
171019,1
171020,0
171021,0
171022,0
171023,0
171024,0
171025,1
171026,0
171027,0
171028,0
171029,0
171030,0
171031,0
171032,0
171033,1
171034,0
171035,0
171036,0
171037,0
171038,0
171039,0
171040,0
171041,0
171042,0
171043,0
171044,1
171045,0
171046,0
171047,0
171048,0
171049,0
171050,0
171051,0
171052,0
171053,0
171054,0
171055,0
171056,0
171057,0
171058,0
171059,0
171060,0
171061,0
171062,1
171063,0
171064,0
171065,0
171066,0
171067,0
171068,0
171069,0
171070,0
171071,0
171072,0
171073,0
171074,0
171075,1
171076,0
171077,0
171078,0
171079,0
171080,0
171081,1
171082,0
171083,0
171084,1
171085,0
171086,0
171087,0
171088,0
171089,1
171090,0
171091,0
171092,0
171093,0
171094,0
171095,1
171096,0
171097,0
171098,0
171099,0
171100,0
171101,0
171102,0
171103,0
171104,0
171105,0
171106,0
171107,0
171108,0
171109,0
171110,0
171111,1
171112,0
171113,0
171114,1
171115,0
171116,0
171117,0
171118,0
171119,1
171120,1
171121,0
171122,0
171123,0
171124,0
171125,0
171126,0
171127,0
171128,0
171129,0
171130,1
171131,0
171132,0
171133,0
171134,1
171135,0
171136,0
171137,0
171138,0
171139,0
171140,0
171141,0
171142,0
171143,1
171144,0
171145,1
171146,0
171147,0
171148,0
171149,0
171150,0
171151,0
171152,0
171153,0
171154,0
171155,0
171156,0
171157,1
171158,0
171159,0
171160,0
171161,0
171162,0
171163,0
171164,0
171165,1
171166,0
171167,1
171168,1
171169,0
171170,1
171171,0
171172,1
171173,0
171174,0
171175,0
171176,1
171177,0
171178,0
171179,0
171180,0
171181,1
171182,0
171183,0
171184,1
171185,0
171186,0
171187,1
171188,0
171189,0
171190,0
171191,0
171192,0
171193,0
171194,0
171195,0
171196,0
171197,0
171198,0
171199,0
171200,0
171201,0
171202,0
171203,0
171204,0
171205,0
171206,0
171207,0
171208,0
171209,0
171210,0
171211,0
171212,0
171213,1
171214,0
171215,0
171216,0
171217,0
171218,0
171219,0
171220,0
171221,0
171222,0
171223,0
171224,0
171225,0
171226,0
171227,0
171228,0
171229,0
171230,0
171231,0
171232,0
171233,0
171234,0
171235,0
171236,0
171237,0
171238,0
171239,1
171240,0
171241,0
171242,0
171243,0
171244,0
171245,0
171246,0
171247,0
171248,0
171249,0
171250,0
171251,0
171252,0
171253,0
171254,0
171255,0
171256,0
171257,0
171258,0
171259,0
171260,0
171261,0
171262,0
171263,0
171264,0
171265,0
171266,1
171267,0
171268,0
171269,0
171270,0
171271,1
171272,0
171273,1
171274,0
171275,0
171276,0
171277,0
171278,0
171279,0
171280,0
171281,0
171282,0
171283,0
171284,0
171285,0
171286,0
171287,0
171288,1
171289,0
171290,0
171291,0
171292,0
171293,0
171294,0
171295,0
171296,0
171297,0
171298,0
171299,0
171300,0
171301,0
171302,1
171303,0
171304,0
171305,0
171306,0
171307,0
171308,0
171309,0
171310,0
171311,0
171312,1
171313,0
171314,0
171315,0
171316,0
171317,0
171318,0
171319,0
171320,0
171321,0
171322,0
171323,0
171324,1
171325,0
171326,0
171327,0
171328,0
171329,0
171330,0
171331,1
171332,0
171333,0
171334,0
171335,0
171336,0
171337,0
171338,0
171339,0
171340,0
171341,0
171342,0
171343,0
171344,0
171345,0
171346,0
171347,0
171348,0
171349,0
171350,0
171351,0
171352,0
171353,0
171354,1
171355,0
171356,1
171357,0
171358,0
171359,0
171360,0
171361,0
171362,0
171363,0
171364,1
171365,0
171366,0
171367,0
171368,0
171369,0
171370,0
171371,0
171372,0
171373,0
171374,0
171375,0
171376,0
171377,0
171378,0
171379,0
171380,0
171381,0
171382,0
171383,0
171384,0
171385,0
171386,0
171387,0
171388,0
171389,0
171390,0
171391,0
171392,0
171393,0
171394,0
171395,1
171396,0
171397,0
171398,0
171399,0
171400,0
171401,1
171402,0
171403,0
171404,0
171405,0
171406,0
171407,0
171408,0
171409,0
171410,0
171411,0
171412,0
171413,0
171414,0
171415,0
171416,0
171417,0
171418,0
171419,0
171420,1
171421,0
171422,0
171423,0
171424,0
171425,0
171426,1
171427,1
171428,0
171429,0
171430,0
171431,1
171432,0
171433,0
171434,1
171435,0
171436,0
171437,0
171438,0
171439,0
171440,0
171441,0
171442,0
171443,1
171444,0
171445,0
171446,0
171447,0
171448,0
171449,1
171450,1
171451,0
171452,0
171453,0
171454,0
171455,0
171456,0
171457,0
171458,0
171459,0
171460,0
171461,1
171462,0
171463,0
171464,1
171465,0
171466,0
171467,0
171468,1
171469,0
171470,0
171471,0
171472,0
171473,0
171474,1
171475,0
171476,0
171477,0
171478,0
171479,0
171480,1
171481,0
171482,0
171483,0
171484,1
171485,0
171486,0
171487,0
171488,0
171489,0
171490,1
171491,0
171492,0
171493,0
171494,0
171495,0
171496,0
171497,0
171498,0
171499,1
171500,0
171501,0
171502,0
171503,0
171504,0
171505,0
171506,0
171507,0
171508,0
171509,0
171510,0
171511,0
171512,0
171513,0
171514,0
171515,0
171516,0
171517,0
171518,0
171519,0
171520,1
171521,1
171522,0
171523,0
171524,1
171525,0
171526,0
171527,0
171528,0
171529,0
171530,0
171531,0
171532,0
171533,0
171534,0
171535,0
171536,0
171537,1
171538,0
171539,1
171540,0
171541,0
171542,0
171543,0
171544,0
171545,0
171546,0
171547,0
171548,0
171549,0
171550,0
171551,0
171552,0
171553,0
171554,0
171555,0
171556,0
171557,0
171558,0
171559,0
171560,0
171561,0
171562,1
171563,0
171564,0
171565,0
171566,1
171567,0
171568,0
171569,0
171570,0
171571,0
171572,0
171573,0
171574,0
171575,0
171576,0
171577,0
171578,0
171579,0
171580,1
171581,0
171582,0
171583,0
171584,0
171585,0
171586,1
171587,0
171588,0
171589,0
171590,0
171591,1
171592,0
171593,0
171594,0
171595,0
171596,0
171597,0
171598,1
171599,0
171600,0
171601,0
171602,0
171603,0
171604,0
171605,0
171606,0
171607,0
171608,0
171609,1
171610,0
171611,0
171612,0
171613,0
171614,0
171615,0
171616,0
171617,1
171618,0
171619,0
171620,0
171621,1
171622,0
171623,0
171624,0
171625,0
171626,0
171627,0
171628,0
171629,0
171630,0
171631,0
171632,0
171633,0
171634,0
171635,0
171636,0
171637,0
171638,0
171639,1
171640,1
171641,0
171642,0
171643,0
171644,1
171645,0
171646,0
171647,0
171648,0
171649,0
171650,0
171651,0
171652,0
171653,0
171654,0
171655,0
171656,0
171657,0
171658,0
171659,0
171660,0
171661,0
171662,0
171663,0
171664,0
171665,0
171666,0
171667,0
171668,1
171669,0
171670,1
171671,0
171672,1
171673,0
171674,0
171675,0
171676,1
171677,0
171678,0
171679,0
171680,0
171681,0
171682,0
171683,0
171684,0
171685,1
171686,0
171687,0
171688,0
171689,0
171690,0
171691,0
171692,0
171693,1
171694,0
171695,0
171696,0
171697,1
171698,0
171699,0
171700,0
171701,0
171702,0
171703,0
171704,0
171705,0
171706,0
171707,0
171708,0
171709,0
171710,0
171711,0
171712,0
171713,0
171714,0
171715,0
171716,1
171717,0
171718,0
171719,0
171720,0
171721,0
171722,0
171723,0
171724,0
171725,0
171726,0
171727,0
171728,0
171729,0
171730,0
171731,1
171732,0
171733,0
171734,0
171735,1
171736,0
171737,0
171738,0
171739,0
171740,0
171741,0
171742,0
171743,0
171744,0
171745,0
171746,1
171747,0
171748,0
171749,0
171750,0
171751,0
171752,0
171753,0
171754,0
171755,0
171756,0
171757,0
171758,0
171759,0
171760,0
171761,0
171762,0
171763,1
171764,0
171765,0
171766,0
171767,0
171768,0
171769,0
171770,1
171771,0
171772,1
171773,0
171774,0
171775,0
171776,0
171777,0
171778,1
171779,0
171780,0
171781,0
171782,0
171783,0
171784,0
171785,0
171786,0
171787,0
171788,0
171789,0
171790,1
171791,0
171792,0
171793,0
171794,0
171795,0
171796,0
171797,0
171798,0
171799,0
171800,0
171801,0
171802,0
171803,0
171804,0
171805,0
171806,1
171807,0
171808,0
171809,0
171810,1
171811,0
171812,0
171813,1
171814,0
171815,1
171816,0
171817,0
171818,0
171819,0
171820,0
171821,0
171822,1
171823,0
171824,0
171825,1
171826,1
171827,0
171828,0
171829,0
171830,0
171831,0
171832,0
171833,0
171834,0
171835,1
171836,0
171837,0
171838,0
171839,0
171840,0
171841,0
171842,0
171843,1
171844,0
171845,0
171846,0
171847,0
171848,0
171849,0
171850,0
171851,0
171852,0
171853,0
171854,0
171855,0
171856,0
171857,0
171858,0
171859,0
171860,0
171861,0
171862,0
171863,1
171864,0
171865,0
171866,0
171867,0
171868,0
171869,0
171870,0
171871,0
171872,0
171873,0
171874,0
171875,0
171876,0
171877,0
171878,0
171879,0
171880,0
171881,0
171882,0
171883,0
171884,0
171885,0
171886,1
171887,0
171888,0
171889,0
171890,0
171891,0
171892,1
171893,1
171894,1
171895,0
171896,0
171897,0
171898,1
171899,0
171900,0
171901,0
171902,0
171903,0
171904,0
171905,1
171906,0
171907,0
171908,0
171909,0
171910,1
171911,0
171912,0
171913,1
171914,1
171915,0
171916,0
171917,0
171918,1
171919,0
171920,0
171921,0
171922,0
171923,0
171924,0
171925,0
171926,0
171927,0
171928,0
171929,0
171930,0
171931,0
171932,0
171933,0
171934,0
171935,0
171936,1
171937,0
171938,0
171939,0
171940,0
171941,0
171942,0
171943,0
171944,0
171945,0
171946,0
171947,0
171948,0
171949,0
171950,1
171951,1
171952,0
171953,0
171954,0
171955,0
171956,1
171957,0
171958,0
171959,1
171960,0
171961,0
171962,0
171963,0
171964,0
171965,0
171966,0
171967,0
171968,0
171969,0
171970,0
171971,0
171972,0
171973,0
171974,0
171975,0
171976,0
171977,0
171978,0
171979,0
171980,0
171981,0
171982,0
171983,0
171984,0
171985,0
171986,0
171987,0
171988,0
171989,0
171990,0
171991,0
171992,0
171993,0
171994,0
171995,0
171996,0
171997,0
171998,0
171999,0
172000,0
172001,0
172002,0
172003,0
172004,0
172005,0
172006,1
172007,0
172008,0
172009,0
172010,0
172011,0
172012,0
172013,1
172014,0
172015,0
172016,0
172017,0
172018,0
172019,0
172020,0
172021,0
172022,0
172023,0
172024,0
172025,0
172026,0
172027,1
172028,0
172029,0
172030,0
172031,0
172032,0
172033,0
172034,0
172035,0
172036,1
172037,0
172038,0
172039,0
172040,0
172041,0
172042,0
172043,0
172044,0
172045,1
172046,0
172047,0
172048,0
172049,0
172050,1
172051,0
172052,0
172053,0
172054,0
172055,0
172056,0
172057,0
172058,0
172059,0
172060,0
172061,0
172062,0
172063,0
172064,0
172065,0
172066,0
172067,1
172068,0
172069,0
172070,0
172071,0
172072,0
172073,0
172074,0
172075,0
172076,0
172077,0
172078,0
172079,1
172080,1
172081,0
172082,0
172083,0
172084,0
172085,0
172086,0
172087,0
172088,0
172089,0
172090,0
172091,1
172092,0
172093,0
172094,0
172095,0
172096,0
172097,0
172098,0
172099,0
172100,0
172101,0
172102,1
172103,0
172104,0
172105,1
172106,0
172107,0
172108,0
172109,0
172110,1
172111,0
172112,0
172113,0
172114,0
172115,0
172116,0
172117,0
172118,0
172119,0
172120,0
172121,0
172122,1
172123,0
172124,0
172125,0
172126,0
172127,0
172128,0
172129,0
172130,0
172131,0
172132,0
172133,0
172134,0
172135,0
172136,0
172137,0
172138,0
172139,0
172140,1
172141,1
172142,0
172143,0
172144,0
172145,0
172146,0
172147,0
172148,0
172149,0
172150,0
172151,0
172152,0
172153,0
172154,0
172155,0
172156,0
172157,0
172158,0
172159,0
172160,0
172161,0
172162,1
172163,0
172164,0
172165,1
172166,0
172167,0
172168,0
172169,0
172170,0
172171,0
172172,0
172173,0
172174,0
172175,0
172176,0
172177,0
172178,0
172179,1
172180,0
172181,0
172182,0
172183,1
172184,0
172185,0
172186,0
172187,0
172188,0
172189,0
172190,0
172191,1
172192,0
172193,0
172194,0
172195,0
172196,0
172197,1
172198,0
172199,1
172200,0
172201,0
172202,0
172203,0
172204,0
172205,0
172206,0
172207,0
172208,0
172209,0
172210,0
172211,0
172212,0
172213,1
172214,0
172215,0
172216,0
172217,0
172218,0
172219,0
172220,0
172221,0
172222,0
172223,0
172224,0
172225,0
172226,1
172227,0
172228,0
172229,0
172230,1
172231,0
172232,0
172233,0
172234,0
172235,1
172236,0
172237,0
172238,0
172239,0
172240,0
172241,0
172242,0
172243,0
172244,0
172245,1
172246,0
172247,0
172248,1
172249,1
172250,0
172251,1
172252,1
172253,0
172254,0
172255,0
172256,0
172257,0
172258,0
172259,1
172260,1
172261,0
172262,0
172263,0
172264,0
172265,0
172266,0
172267,0
172268,0
172269,0
172270,0
172271,1
172272,0
172273,0
172274,1
172275,0
172276,1
172277,0
172278,0
172279,1
172280,0
172281,0
172282,1
172283,0
172284,0
172285,0
172286,1
172287,0
172288,0
172289,1
172290,0
172291,1
172292,0
172293,0
172294,0
172295,0
172296,0
172297,0
172298,1
172299,1
172300,0
172301,1
172302,0
172303,0
172304,0
172305,0
172306,0
172307,0
172308,0
172309,0
172310,1
172311,0
172312,1
172313,1
172314,0
172315,0
172316,1
172317,0
172318,0
172319,0
172320,0
172321,0
172322,0
172323,0
172324,0
172325,0
172326,0
172327,0
172328,0
172329,0
172330,0
172331,0
172332,0
172333,0
172334,0
172335,0
172336,0
172337,0
172338,0
172339,1
172340,0
172341,0
172342,0
172343,0
172344,0
172345,1
172346,0
172347,0
172348,0
172349,0
172350,0
172351,0
172352,0
172353,0
172354,0
172355,0
172356,0
172357,1
172358,0
172359,0
172360,0
172361,0
172362,0
172363,1
172364,0
172365,1
172366,0
172367,1
172368,0
172369,0
172370,0
172371,0
172372,0
172373,0
172374,0
172375,0
172376,0
172377,0
172378,0
172379,0
172380,0
172381,0
172382,1
172383,0
172384,1
172385,0
172386,0
172387,0
172388,0
172389,0
172390,0
172391,0
172392,0
172393,1
172394,1
172395,0
172396,0
172397,0
172398,0
172399,0
172400,0
172401,0
172402,0
172403,0
172404,0
172405,0
172406,0
172407,0
172408,1
172409,1
172410,0
172411,0
172412,0
172413,0
172414,1
172415,0
172416,0
172417,0
172418,0
172419,0
172420,0
172421,0
172422,0
172423,0
172424,0
172425,0
172426,0
172427,0
172428,0
172429,0
172430,0
172431,0
172432,0
172433,0
172434,0
172435,0
172436,0
172437,0
172438,0
172439,0
172440,0
172441,1
172442,0
172443,1
172444,0
172445,0
172446,0
172447,0
172448,0
172449,1
172450,0
172451,0
172452,0
172453,0
172454,0
172455,0
172456,0
172457,0
172458,0
172459,0
172460,0
172461,0
172462,0
172463,0
172464,0
172465,0
172466,0
172467,0
172468,0
172469,0
172470,0
172471,0
172472,0
172473,0
172474,1
172475,0
172476,0
172477,0
172478,0
172479,0
172480,0
172481,0
172482,0
172483,0
172484,0
172485,0
172486,1
172487,1
172488,0
172489,0
172490,0
172491,1
172492,0
172493,0
172494,0
172495,0
172496,0
172497,0
172498,0
172499,0
172500,0
172501,0
172502,0
172503,0
172504,0
172505,0
172506,0
172507,0
172508,0
172509,0
172510,0
172511,0
172512,1
172513,0
172514,0
172515,1
172516,0
172517,0
172518,0
172519,0
172520,0
172521,0
172522,0
172523,0
172524,0
172525,0
172526,1
172527,0
172528,0
172529,0
172530,0
172531,0
172532,0
172533,0
172534,0
172535,0
172536,0
172537,0
172538,0
172539,0
172540,1
172541,1
172542,0
172543,0
172544,0
172545,0
172546,0
172547,0
172548,0
172549,0
172550,0
172551,0
172552,0
172553,0
172554,0
172555,0
172556,0
172557,0
172558,0
172559,0
172560,0
172561,0
172562,0
172563,0
172564,0
172565,0
172566,0
172567,1
172568,0
172569,0
172570,0
172571,0
172572,0
172573,0
172574,0
172575,0
172576,0
172577,0
172578,0
172579,0
172580,1
172581,0
172582,0
172583,0
172584,0
172585,0
172586,0
172587,0
172588,0
172589,0
172590,1
172591,0
172592,0
172593,0
172594,0
172595,0
172596,0
172597,0
172598,0
172599,0
172600,0
172601,0
172602,0
172603,0
172604,0
172605,0
172606,0
172607,0
172608,0
172609,0
172610,0
172611,1
172612,0
172613,0
172614,0
172615,0
172616,0
172617,0
172618,0
172619,0
172620,0
172621,0
172622,0
172623,0
172624,1
172625,0
172626,0
172627,0
172628,0
172629,0
172630,1
172631,0
172632,0
172633,0
172634,0
172635,0
172636,0
172637,0
172638,0
172639,0
172640,0
172641,0
172642,0
172643,0
172644,0
172645,0
172646,0
172647,0
172648,1
172649,0
172650,0
172651,0
172652,0
172653,0
172654,1
172655,0
172656,0
172657,0
172658,0
172659,1
172660,0
172661,0
172662,0
172663,0
172664,0
172665,0
172666,0
172667,1
172668,1
172669,0
172670,1
172671,0
172672,0
172673,1
172674,0
172675,0
172676,0
172677,0
172678,0
172679,0
172680,0
172681,0
172682,0
172683,1
172684,0
172685,0
172686,0
172687,1
172688,0
172689,0
172690,0
172691,0
172692,0
172693,0
172694,0
172695,0
172696,0
172697,0
172698,0
172699,0
172700,0
172701,0
172702,0
172703,0
172704,0
172705,0
172706,0
172707,0
172708,0
172709,0
172710,0
172711,1
172712,1
172713,0
172714,1
172715,0
172716,1
172717,1
172718,0
172719,0
172720,0
172721,0
172722,0
172723,1
172724,0
172725,0
172726,0
172727,0
172728,0
172729,0
172730,0
172731,0
172732,0
172733,0
172734,0
172735,0
172736,0
172737,0
172738,0
172739,0
172740,0
172741,0
172742,0
172743,0
172744,1
172745,0
172746,0
172747,0
172748,1
172749,0
172750,0
172751,0
172752,0
172753,0
172754,0
172755,0
172756,0
172757,0
172758,0
172759,0
172760,0
172761,0
172762,0
172763,0
172764,1
172765,0
172766,0
172767,0
172768,0
172769,0
172770,0
172771,0
172772,1
172773,0
172774,0
172775,0
172776,0
172777,0
172778,0
172779,0
172780,0
172781,0
172782,0
172783,1
172784,0
172785,0
172786,0
172787,1
172788,0
172789,0
172790,0
172791,0
172792,0
172793,0
172794,0
172795,0
172796,0
172797,1
172798,1
172799,0
172800,0
172801,0
172802,0
172803,0
172804,0
172805,0
172806,0
172807,0
172808,1
172809,0
172810,0
172811,0
172812,0
172813,0
172814,0
172815,0
172816,0
172817,0
172818,0
172819,0
172820,0
172821,0
172822,0
172823,0
172824,0
172825,0
172826,0
172827,0
172828,0
172829,0
172830,0
172831,0
172832,0
172833,0
172834,0
172835,0
172836,0
172837,0
172838,0
172839,0
172840,0
172841,0
172842,0
172843,1
172844,0
172845,0
172846,0
172847,0
172848,0
172849,0
172850,0
172851,0
172852,0
172853,1
172854,0
172855,1
172856,0
172857,0
172858,0
172859,0
172860,0
172861,1
172862,0
172863,0
172864,1
172865,0
172866,0
172867,0
172868,1
172869,0
172870,0
172871,0
172872,0
172873,0
172874,0
172875,0
172876,0
172877,0
172878,0
172879,0
172880,0
172881,0
172882,0
172883,0
172884,0
172885,0
172886,1
172887,0
172888,0
172889,0
172890,0
172891,0
172892,0
172893,0
172894,0
172895,0
172896,0
172897,0
172898,0
172899,0
172900,0
172901,0
172902,0
172903,0
172904,0
172905,0
172906,1
172907,1
172908,0
172909,0
172910,0
172911,0
172912,0
172913,0
172914,1
172915,0
172916,0
172917,0
172918,1
172919,0
172920,1
172921,0
172922,0
172923,0
172924,0
172925,0
172926,0
172927,1
172928,0
172929,1
172930,0
172931,1
172932,0
172933,0
172934,0
172935,0
172936,0
172937,0
172938,1
172939,0
172940,1
172941,0
172942,0
172943,0
172944,0
172945,0
172946,0
172947,1
172948,1
172949,0
172950,1
172951,0
172952,0
172953,1
172954,1
172955,0
172956,0
172957,0
172958,0
172959,0
172960,0
172961,0
172962,0
172963,0
172964,0
172965,0
172966,0
172967,0
172968,0
172969,0
172970,0
172971,0
172972,1
172973,0
172974,0
172975,0
172976,0
172977,0
172978,0
172979,0
172980,0
172981,0
172982,0
172983,1
172984,0
172985,0
172986,0
172987,0
172988,0
172989,0
172990,0
172991,0
172992,1
172993,0
172994,0
172995,0
172996,0
172997,0
172998,0
172999,0
173000,0
173001,0
173002,0
173003,0
173004,0
173005,0
173006,0
173007,0
173008,0
173009,0
173010,1
173011,1
173012,0
173013,0
173014,1
173015,0
173016,0
173017,0
173018,0
173019,1
173020,0
173021,0
173022,0
173023,0
173024,0
173025,0
173026,0
173027,1
173028,0
173029,0
173030,1
173031,0
173032,0
173033,0
173034,0
173035,0
173036,0
173037,0
173038,0
173039,0
173040,1
173041,0
173042,1
173043,0
173044,0
173045,0
173046,0
173047,0
173048,0
173049,0
173050,1
173051,0
173052,0
173053,0
173054,0
173055,0
173056,0
173057,0
173058,0
173059,0
173060,1
173061,0
173062,0
173063,0
173064,0
173065,0
173066,0
173067,0
173068,0
173069,0
173070,0
173071,0
173072,0
173073,0
173074,0
173075,0
173076,0
173077,0
173078,0
173079,0
173080,0
173081,0
173082,0
173083,0
173084,0
173085,0
173086,0
173087,0
173088,0
173089,1
173090,0
173091,0
173092,0
173093,0
173094,0
173095,0
173096,0
173097,0
173098,0
173099,0
173100,0
173101,0
173102,0
173103,0
173104,0
173105,0
173106,0
173107,0
173108,1
173109,1
173110,0
173111,0
173112,0
173113,1
173114,0
173115,0
173116,1
173117,1
173118,1
173119,0
173120,0
173121,0
173122,0
173123,0
173124,0
173125,0
173126,1
173127,0
173128,0
173129,0
173130,0
173131,0
173132,0
173133,0
173134,0
173135,0
173136,0
173137,0
173138,0
173139,0
173140,0
173141,0
173142,1
173143,0
173144,0
173145,0
173146,0
173147,0
173148,1
173149,0
173150,0
173151,0
173152,1
173153,0
173154,0
173155,0
173156,0
173157,0
173158,0
173159,0
173160,0
173161,0
173162,0
173163,0
173164,0
173165,0
173166,0
173167,0
173168,1
173169,0
173170,0
173171,0
173172,0
173173,0
173174,0
173175,0
173176,0
173177,0
173178,0
173179,0
173180,1
173181,0
173182,0
173183,0
173184,0
173185,0
173186,0
173187,0
173188,1
173189,0
173190,0
173191,0
173192,0
173193,0
173194,1
173195,0
173196,0
173197,0
173198,1
173199,0
173200,0
173201,0
173202,0
173203,1
173204,0
173205,0
173206,1
173207,0
173208,0
173209,0
173210,0
173211,0
173212,0
173213,0
173214,0
173215,0
173216,1
173217,0
173218,0
173219,0
173220,0
173221,0
173222,0
173223,1
173224,0
173225,0
173226,0
173227,0
173228,0
173229,1
173230,0
173231,0
173232,0
173233,0
173234,1
173235,0
173236,0
173237,1
173238,0
173239,0
173240,0
173241,0
173242,0
173243,0
173244,0
173245,0
173246,0
173247,0
173248,0
173249,1
173250,0
173251,0
173252,0
173253,0
173254,0
173255,0
173256,0
173257,0
173258,0
173259,0
173260,0
173261,0
173262,0
173263,0
173264,0
173265,0
173266,0
173267,0
173268,0
173269,0
173270,0
173271,0
173272,0
173273,0
173274,0
173275,1
173276,1
173277,0
173278,0
173279,0
173280,0
173281,0
173282,0
173283,0
173284,0
173285,0
173286,0
173287,0
173288,0
173289,0
173290,0
173291,0
173292,1
173293,0
173294,0
173295,0
173296,0
173297,0
173298,0
173299,1
173300,0
173301,0
173302,0
173303,0
173304,0
173305,1
173306,1
173307,0
173308,0
173309,0
173310,0
173311,0
173312,0
173313,0
173314,1
173315,0
173316,0
173317,0
173318,0
173319,0
173320,0
173321,0
173322,1
173323,0
173324,0
173325,0
173326,1
173327,1
173328,0
173329,0
173330,0
173331,0
173332,0
173333,0
173334,0
173335,0
173336,1
173337,0
173338,0
173339,0
173340,0
173341,0
173342,0
173343,0
173344,0
173345,0
173346,0
173347,0
173348,0
173349,0
173350,1
173351,1
173352,0
173353,0
173354,0
173355,0
173356,0
173357,0
173358,0
173359,0
173360,0
173361,0
173362,0
173363,0
173364,1
173365,0
173366,0
173367,0
173368,0
173369,0
173370,0
173371,0
173372,0
173373,0
173374,0
173375,0
173376,0
173377,0
173378,0
173379,1
173380,0
173381,0
173382,0
173383,0
173384,0
173385,0
173386,0
173387,0
173388,0
173389,0
173390,1
173391,0
173392,1
173393,0
173394,0
173395,0
173396,0
173397,0
173398,0
173399,0
173400,1
173401,0
173402,0
173403,0
173404,0
173405,0
173406,0
173407,0
173408,0
173409,0
173410,0
173411,0
173412,0
173413,0
173414,0
173415,0
173416,0
173417,0
173418,0
173419,0
173420,0
173421,0
173422,0
173423,0
173424,1
173425,0
173426,0
173427,0
173428,0
173429,0
173430,0
173431,0
173432,0
173433,0
173434,0
173435,0
173436,0
173437,0
173438,1
173439,0
173440,0
173441,0
173442,0
173443,0
173444,1
173445,0
173446,0
173447,0
173448,0
173449,0
173450,0
173451,0
173452,0
173453,0
173454,0
173455,0
173456,0
173457,0
173458,0
173459,1
173460,0
173461,0
173462,0
173463,0
173464,0
173465,0
173466,0
173467,0
173468,0
173469,1
173470,0
173471,0
173472,0
173473,0
173474,0
173475,0
173476,0
173477,1
173478,0
173479,0
173480,0
173481,0
173482,0
173483,0
173484,0
173485,0
173486,0
173487,1
173488,1
173489,0
173490,0
173491,0
173492,0
173493,0
173494,0
173495,0
173496,0
173497,0
173498,0
173499,0
173500,0
173501,0
173502,0
173503,0
173504,0
173505,0
173506,0
173507,0
173508,1
173509,1
173510,0
173511,0
173512,0
